2021-05-01 18:47:25.880,1.0,0.5576255643707545,0.4951584095854161,0.8538799941646229,0.9033207761262639,0.715262748565344,0.011041898803170023,0.05734475035832329,0.5465671263734763,0.08301578588579339,0.5154264702501743,0.8571428376183321,0.7824673680328234,0.5105104925033125,0.9875124863934467,1.0
2021-05-01 18:47:25.900,0.7930808873224906,0.5292745285399008,0.820860710901735,0.8311220809227485,0.9446913557622081,0.7334296541522446,0.018463506862289033,0.038368667767663095,0.5177562348118828,0.052531299985253854,0.32940106690955606,0.9239331921514925,0.7857139136672645,0.49399395486296666,0.9900099901377344,1.0
2021-05-01 18:47:25.920,0.5946072939744421,0.49086101670352783,0.3227672591566514,0.8049237387706752,0.9587347649847493,0.7496642574414599,0.021854192426418752,0.028367464381888165,0.48066219632011753,0.0,0.142468222613264,0.8933209493609422,0.7873373527182596,0.48761255833129846,0.9882617377724774,1.0
2021-05-01 18:47:25.940,0.7847015871957234,0.5711259341493871,0.0719677688778917,0.7757441697305795,0.9696622611448554,0.7668149068519275,0.028175048476004754,0.02070557738870904,0.44258828278383017,0.03783341947308137,0.10435570247496824,0.8460111118628054,0.7889607917692557,0.4812311617996298,0.9865134854072202,1.0
2021-05-01 18:47:25.960,0.9383828883357672,0.6443236945274075,0.5812968016649109,0.7518546899575216,0.984762781797433,0.7825411964398373,0.04077369218657849,0.010295082366371486,0.4092213941372866,0.0917256361358571,0.27767692946515143,0.8302411670424759,0.8116882735480949,0.4729728929794569,0.9930069956538566,1.0
2021-05-01 18:47:25.980,0.7248418814902519,0.5576478893564224,0.9248236636382345,0.7359327010093695,0.9987555040388085,0.7949185776316308,0.05441020172574526,0.0008322559830982497,0.3845257180316729,0.13445834985561203,0.36660613866466996,0.8756957138775433,0.7857139136672645,0.4669669631577519,0.9870129846216122,1.0
2021-05-01 18:47:26.000,0.5420872338627536,0.5229900761408814,0.5561359941723036,0.7130485588337201,0.999609271945428,0.8103502957453894,0.06571497603902866,0.00026162636885121606,0.35323423174057994,0.1513336890315662,0.09437385196255746,0.9267161311832449,0.7922076698712478,0.47447445231176916,0.9860139861928281,1.0
2021-05-01 18:47:26.020,0.6410666030600383,0.6080161015382108,0.18400036910700357,0.6891172610777397,0.9945704301253852,0.8253408290576016,0.07706664422719169,0.0036443016405846426,0.3227518751581407,0.15432770059806358,0.030852977637889727,0.9044526796721915,0.7597402187215361,0.47147148740091666,0.9890109917089503,1.0
2021-05-01 18:47:26.040,0.8568422796093906,0.6910085291053982,0.5272750714831683,0.667507558340351,0.9926433627200233,0.8400087878341812,0.09285882795308663,0.0049441268452891365,0.2944485440097681,0.16575938219810768,0.43466420291268987,0.8923933025108335,0.7727270661944007,0.47597585789030944,0.9820179822479219,1.0
2021-05-01 18:47:26.060,0.7921866018188655,0.6583429209160289,1.0,0.6545171712335718,1.0,0.8528799278594069,0.11323929612471142,0.0,0.2730680693159048,0.14779531146241454,0.5435571175935349,0.9526901579461406,0.7662336424579684,0.47597585789030944,0.9790209767317997,1.0
2021-05-01 18:47:26.080,0.4985415383740306,0.6180987322513039,0.8266198819483861,0.6372226526307485,0.9906339957842302,0.8663049793673891,0.12915974131200395,0.006304243082053521,0.24751847571261518,0.13091997228646035,0.2431941686930456,1.0,0.7337658588407056,0.4699699280686044,0.9870129846216122,1.0
2021-05-01 18:47:26.100,0.4695289402398867,0.5968967211036004,0.3497687883167936,0.6167867661105235,0.9709607886032943,0.879742778642229,0.14389331037974007,0.019802607273413382,0.2196397208098788,0.15337506073949453,0.31306712747917687,0.9939703114193209,0.7077921638949771,0.47747741722262077,0.9940059940826407,1.0
2021-05-01 18:47:26.120,0.7128181499896837,0.6440136072936046,0.39875804475853655,0.5981905067519815,0.9524546495454934,0.8936036076572447,0.16329544843642238,0.032818877330038146,0.1922977596891689,0.14970059169195774,0.2695099564075832,0.9656771789204593,0.7012984076909947,0.48048053588724526,0.9890109917089503,1.0
2021-05-01 18:47:26.140,0.7641938368292445,0.6625693974861704,0.8822551253365027,0.5841054923322672,0.9423117249341693,0.9065163390229092,0.18661887460476517,0.04008520158584697,0.17044715223535772,0.13663581297509,0.2894736574324047,0.9285714188091662,0.7077921638949771,0.48048053588724526,1.0,1.0
2021-05-01 18:47:26.160,0.6259635246360596,0.6101176351984803,0.8519958081626293,0.5704209215077293,0.927358408804477,0.9182537262843208,0.2083351468502846,0.050935030747208926,0.1497753495750994,0.14269188216474565,0.3062613151123683,0.8970315261313587,0.7272727675718242,0.47747741722262077,0.9920079921101875,1.0
2021-05-01 18:47:26.180,0.5808156376587129,0.6207926056875114,0.8080971697000942,0.556366646426208,0.9077682036550674,0.9298492070860997,0.24256932224492908,0.07313555976870639,0.11910450536807411,0.1487479513544013,0.32304897279233197,0.8654916334535512,0.740259615044689,0.47597585789030944,0.9850149877640441,1.0
2021-05-01 18:47:26.200,0.556162565203598,0.5851089370214176,0.8298577553974698,0.5433505911918511,0.8875682428271394,0.9409337966161319,0.27922641117755403,0.09585475274168265,0.09206166834214247,0.17855197802504066,0.3529945317570725,0.7949907021499746,0.740259615044689,0.47447445231176916,0.983016980676706,1.0
2021-05-01 18:47:26.220,0.5398634171129881,0.5787686104628232,0.848490256535988,0.5313467652000983,0.868129686283628,0.9516810326060979,0.3052173603303558,0.11048539525135537,0.07679167648245258,0.18971147651236522,0.3557168471965854,0.7541743743797099,0.7272727675718242,0.48648646570895027,0.9810189838191379,1.0
2021-05-01 18:47:26.240,0.5158598461935429,0.578419340958302,0.8591680038624182,0.5201279001967442,0.849602533280035,0.9620759819576794,0.3252428024742333,0.1218942088113123,0.06700045382051834,0.1913445738519737,0.3557168471965854,0.7198515533001693,0.6753247127452654,0.48648646570895027,0.9860139861928281,1.0
2021-05-01 18:47:26.260,0.49647093150836935,0.5815095106749241,0.8727316457346481,0.5043435803133918,0.8214005504706949,0.9769302962754725,0.34526824461811084,0.13330302237126923,0.05720923115858404,0.18508436515562643,0.34301268124466167,0.7022263208539186,0.6720776684094982,0.4894894306198023,0.9850149877640441,1.0
2021-05-01 18:47:26.280,0.4825761486377157,0.5807671180465888,0.8793331579532297,0.4895441727514605,0.7911906973583288,0.9910998734020673,0.38594074825903635,0.15833466392525705,0.040245712952634,0.18045725825458392,0.3312159488209035,0.696660465569026,0.6168829017147242,0.4954955141952789,0.9920079921101875,1.0
2021-05-01 18:47:26.300,0.46442185535838487,0.5708944652395396,0.8915827669043287,0.48059846880438806,0.7697509595439548,1.0,0.41296964621041504,0.17652120370418056,0.030666905171411248,0.18018507536464917,0.34482755572850093,0.6920222389113524,0.6071427661100756,0.5011260926223482,0.9895104909233424,1.0
2021-05-01 18:47:26.320,0.4495158475785447,0.5497510857297477,0.8975177348238877,0.4723964279869576,0.7479556645450371,0.0,0.44015080529273,0.19533670687161372,0.022520161728896915,0.18671746695093117,0.3584391774911147,0.6873840198465496,0.5974026305054271,0.5067566710494179,0.9870129897364972,1.0
2021-05-01 18:47:26.340,0.44462337868925006,0.5314425374681448,0.8977221053707449,0.4676413991179166,0.7336403483709718,0.005376223582494585,0.4538184381712493,0.20472998036655032,0.019269571405120197,0.188894927842561,0.33484570521609014,0.671614082619091,0.5930735705252885,0.5077576849786638,0.9873459892127585,1.0
2021-05-01 18:47:26.360,0.4397309097999555,0.513133989206542,0.8979264759176022,0.4628863702488756,0.7193250321969064,0.01075244716498909,0.46748607104976864,0.21412325386148698,0.016018981081343482,0.18637723555370259,0.31896549034867727,0.6637291083107085,0.5887445105451509,0.5087586989079101,0.9876789886890199,1.0
2021-05-01 18:47:26.380,0.39808365751422103,0.46240776865045546,0.8855542383756658,0.4581313413798345,0.705009716022841,0.016128670747483673,0.5067966464723215,0.24307685608208482,0.008912688236153299,0.18385954326484413,0.3030852754812644,0.655844134002326,0.5844154505650123,0.5097597128371559,0.9880119881652812,1.0
2021-05-01 18:47:26.400,0.37215289115492495,0.4220768913776689,0.870192033698174,0.4455580938539507,0.6607429941742043,0.030831776938398798,0.5446249181637282,0.27368323608696393,0.003884461570359648,0.17011431066491173,0.2740471611859517,0.6354359663207583,0.49350618838475924,0.5105104925033125,0.983016980676706,1.0
2021-05-01 18:47:26.420,0.3581734286191031,0.3883293032961011,0.8602803574182573,0.4401331727994368,0.6373627956183786,0.037620481105764235,0.5690142932834644,0.2954513422433826,0.0017398815715993958,0.16630374886911645,0.23139743849753985,0.6205936729062602,0.49999994458874164,0.5045045626816075,0.9890109917089503,1.0
2021-05-01 18:47:26.440,0.3288151130000808,0.35318113324746153,0.8533011206892402,0.43519857279593327,0.6138936695870096,0.04392000723064538,0.5920506876425595,0.3175974520062126,0.0004583456388442479,0.16358192041533862,0.18965515230829683,0.616883097654418,0.49350618838475924,0.5165164223250167,0.9860139861928281,1.0
2021-05-01 18:47:26.460,0.30244172986837575,0.3182252515881754,0.8535701431155683,0.430848082633,0.5906967780016364,0.04977089601335584,0.613739611461319,0.3397619731031573,0.0,0.15922699283967381,0.18965515230829683,0.6289424596300344,0.4805193409118946,0.5165164223250167,0.9860139861928281,1.0
2021-05-01 18:47:26.480,0.28953847058479854,0.2994021583940712,0.8539811003185704,0.4271555287347172,0.5675391806622829,0.05542154679665991,0.634852419579538,0.36214680276319844,0.00041260375815078645,0.16848121332530328,0.1769509787431772,0.6410018291985217,0.4870130971158779,0.5225225059004937,0.9920079921101875,1.0
2021-05-01 18:47:26.500,0.2795464026899707,0.27550577762157996,0.8508529524614765,0.4240118098560866,0.5452621989887803,0.0609389203778965,0.6554652417076505,0.3839083909702052,0.0018760713427225751,0.1548720668235027,0.0653357413809988,0.6558441302058906,0.47402558470791123,0.5240239114790339,0.9850149877640441,1.0
2021-05-01 18:47:26.520,0.27138456360590113,0.23950439949499025,0.8608919078514381,0.4213341066262029,0.5241495823363737,0.06624482111465019,0.675221940273468,0.4047259347427774,0.00425704799784405,0.10778442218631076,0.0,0.7059368915500382,0.49999994458874164,0.5225225059004937,0.983016980676706,1.0
2021-05-01 18:47:26.540,0.24189736406750723,0.19338372345686444,0.8510967195624011,0.41936230031028937,0.5026952752601641,0.07087043937433846,0.6926537818884049,0.4260610280473169,0.006537981326299759,0.103429498175203,0.02382031951580369,0.7265769677171631,0.5129867920616064,0.501501444016983,0.9750249727868935,1.0
2021-05-01 18:47:26.560,0.21012195045302284,0.16188194877321097,0.8342524784905435,0.4185393806602771,0.47886381138151046,0.0747937537399286,0.7155148815723185,0.46268626609060226,0.009318967729512025,0.09907457416409521,0.0476406390316074,0.747217043884288,0.5259736395344701,0.4954955141952789,0.9860139861928281,1.0
2021-05-01 18:47:26.580,0.21749074084843315,0.07837553284483988,0.8537728692502857,0.4187929307885752,0.4536814531693299,0.07876259584429524,0.7392450760037986,0.4964572791026206,0.014629932647125149,0.19542731720099488,0.14700542739163253,0.7504637991278676,0.49999994458874164,0.5030030033492953,0.9850149877640441,1.0
2021-05-01 18:47:26.600,0.20343781493273352,0.02647301718623969,0.8690393643099902,0.4192633726939723,0.4258012769484575,0.08551724526305586,0.7558402381671755,0.5112025944435418,0.02081882546081399,0.2528579114329223,0.19147003421964423,0.7745825359869809,0.5129867920616064,0.5105104925033125,0.9860139861928281,1.0
2021-05-01 18:47:26.620,0.18399519926702312,0.05739602333293981,0.8687330764447839,0.41863542678871635,0.4082423537146464,0.09279393674742996,0.7723039530751158,0.5218222819284701,0.02823909624511498,0.29422971961439603,0.27132484128993384,0.8098330031573435,0.5259736395344701,0.5180179816573289,0.9900099901377344,1.0
2021-05-01 18:47:26.640,0.178236639585475,0.08518647808233523,0.8501319099464084,0.4175645431439458,0.4005396888301944,0.09796910983548766,0.789144833062619,0.5297418901397752,0.03694586423886137,0.35547085871047296,0.3321233897765772,0.8441558257554583,0.5389611519424368,0.5285285894759698,0.9810189838191379,1.0
2021-05-01 18:47:26.660,0.15243314877847522,0.08251633593699617,0.8526980584824889,0.41579544481913266,0.3975461942194087,0.10334947994434462,0.8058974228534955,0.5328234661162621,0.046998882840432354,0.41535109449611685,0.3611615003581358,0.8543599061794505,0.5259736395344701,0.5450449733625436,0.9740259743581094,1.0
2021-05-01 18:47:26.680,0.11960037867465419,0.03366376109018666,0.8440308161403544,0.41311196821100965,0.3990224391830676,0.1087986599771616,0.8220822066093966,0.5313035477404676,0.058084135947050176,0.4496461208051096,0.3711433508705466,0.8636363443090559,0.5129867920616064,0.5735735244000698,0.967032964897081,1.0
2021-05-01 18:47:26.700,0.09236966959431582,0.01943510286549344,0.8399764459880487,0.409781946057465,0.40295968292765805,0.11422772375370686,0.8375343400729618,0.5272521926672132,0.06981143277690886,0.49401193409232114,0.3784028710884281,0.9239331921514925,0.5259739720020211,0.5975975511944326,0.9485514489535878,1.0
2021-05-01 18:47:26.720,0.07927700825223342,0.06237795795558749,0.8449360274470459,0.40581270170675204,0.41015929594118544,0.11966729393150823,0.8522064163488009,0.5198533742328415,0.08229791397942204,0.568317887550836,0.3992740279239398,0.9601113084498252,0.5324673957384535,0.6486487234477811,0.9420579427988595,1.0
2021-05-01 18:47:26.740,0.07927217949681424,0.05755930175502862,0.8589644027358223,0.400682873097651,0.4224021184989537,0.1254173492792301,0.8666145657391576,0.5073012552203295,0.09639028411923137,0.6448013174959174,0.4174228396099058,0.96660482273342,0.5259736395344701,0.6801802393961598,0.9250749265444964,1.0
2021-05-01 18:47:26.760,0.0790556424429915,0.059810063912064504,0.8846981733408298,0.39410865968038655,0.43924424626786757,0.1315915270328583,0.8808248095503188,0.4900979799507501,0.11239862298947666,0.6649428023384297,0.46279489482109937,0.945269015035327,0.5129867920616064,0.7042042661905225,0.9030969038245351,1.0
2021-05-01 18:47:26.780,0.0855116101342432,0.05404158725388673,0.8790220929723427,0.3866867374953724,0.4563242622879468,0.13815032312367018,0.8949744409381145,0.472734040974115,0.12988687798470544,0.6573217126101306,0.5163339112058482,0.9350649179070192,0.506493368325174,0.7252251743202607,0.8921078934875314,1.0
2021-05-01 18:47:26.800,0.07881530093002145,0.08850674103252909,0.8636310059581221,0.3788187256183995,0.47195341501435745,0.14490941324802842,0.908708190031715,0.4569228910664292,0.1482533879931543,0.6804572471153433,0.4981850698098495,0.948051931288467,0.5194805482655888,0.7582582496009516,0.8751248767216799,1.0
2021-05-01 18:47:26.820,0.04671940934371377,0.11358454068908257,0.8593698134028822,0.3700552211665736,0.48859690296283664,0.15159163854079702,0.920966872150171,0.44017357786257144,0.16701876283968867,0.7871529266026746,0.46551721026061227,0.9489795826942985,0.5259736395344701,0.7957956953710352,0.8551448564856602,1.0
2021-05-01 18:47:26.840,0.02890138537149581,0.09497968295912518,0.8876930567139855,0.3588498533853196,0.510389617033819,0.15878226158608108,0.9321242639042366,0.4183892142921024,0.18809265244190496,0.9240609447461805,0.5172413447340137,0.8942485901367544,0.5259736395344701,0.8363362598057429,0.8291708318667466,1.0
2021-05-01 18:47:26.860,0.03536387840790849,0.0622993203791651,0.9076178922275903,0.34398034088771373,0.5361832275572854,0.16723114525433141,0.943233963751516,0.3928381034078292,0.2133991761990874,1.0,0.5843919234613109,0.8024118528055165,0.5259736395344701,0.8723724537510583,0.7952047973120665,1.0
2021-05-01 18:47:26.880,0.04144347985110182,0.0696860543967952,0.8933274989208881,0.326124525090228,0.5609409849447143,0.17667787368145366,0.9540501461969118,0.3685695114487874,0.24177770067505527,0.9861186570183912,0.6175135591946961,0.6906307731919116,0.49999994458874164,0.9024024103671251,0.7622377652780785,1.0
2021-05-01 18:47:26.900,0.04222915228959118,0.11274498436043343,0.8786155080447093,0.30704058171019566,0.5814009475365312,0.1866463864171451,0.9641639972288278,0.34871756067616233,0.2715835462911376,0.9368535550541265,0.6186478566755341,0.6528292897119865,0.4805193409118946,0.9279279964937996,0.7342657376637348,1.0
2021-05-01 18:47:26.920,0.025655140999971415,0.17877613292673286,0.8753559351549066,0.2880022428170125,0.5975365882805256,0.19663982313832315,0.9729024149357522,0.33319912850521216,0.3013951927845809,0.8875884530898617,0.6197821541563722,0.6150278062320613,0.47402558470791123,0.9519520232881619,0.7012987076757008,1.0
2021-05-01 18:47:26.940,0.0001018162656161757,0.1906655201530886,0.8765852092768537,0.2698045233992003,0.6103940992962391,0.20659585707102934,0.9832433883816586,0.3170887007694645,0.3458317942926018,0.7784431097703328,0.5771324255259538,0.5185528534805985,0.4090906824084886,0.9609610717744905,0.670329674545235,1.0
2021-05-01 18:47:26.960,0.0,0.13622297402133363,0.8775356870984666,0.252995067392072,0.6184734727568931,0.21652435022390962,0.9913541476606289,0.3092749202698393,0.38854131541327463,0.7365269268975969,0.5090743761329504,0.486085320026979,0.3896100787316415,0.9714715258393594,0.6443556437884593,1.0
2021-05-01 18:47:26.980,0.011507931677109572,0.16007853956386334,0.8957643826163771,0.23813247774711171,0.6226776821892684,0.22593940255167147,0.9940625001108377,0.309143905740712,0.4095282080746359,0.8116494089752827,0.5090743761329504,0.4452689694781017,0.3701294750547935,0.9879879097259333,0.6173826248326697,1.0
2021-05-01 18:47:27.000,0.06980646160350133,0.1253725899302421,0.9108577599066303,0.22458235017729783,0.6238665736616305,0.235087228065618,0.9967708525610465,0.3090128912115847,0.43051510073599725,0.9256940688199665,0.5626133925176992,0.4016697026760845,0.3831169874627602,0.996996958212262,0.59040959564711,1.0
2021-05-01 18:47:27.020,0.07541958961237716,0.0452641862896707,0.9235670393100213,0.19991273369750898,0.6198613705720001,0.25042535515698716,1.0,0.3140061087045996,0.47805980442865365,0.9787697212180011,0.5644282818565547,0.34137284724077727,0.3051945727553709,0.996996958212262,0.5624375680327663,1.0
2021-05-01 18:47:27.040,0.04533498167380301,0.0,0.9062454612032985,0.1710388997534736,0.6101050659110199,0.2669885846689584,0.999964215235944,0.3211991622187437,0.5115681145398501,0.934131709445918,0.5054446123102554,0.3376622568031933,0.26623336540167575,0.9939939933014099,0.5094905285499712,1.0
2021-05-01 18:47:27.060,0.02327054496571499,0.033043919165192094,0.8945692358617193,0.15306695583351082,0.6006474463894308,0.27745123727023413,0.9980812399520815,0.3302216992462684,0.5432856016717431,0.8304300127858434,0.44010886350174844,0.3506492549988993,0.21103876494067664,1.0,0.4760239788880051,1.0
2021-05-01 18:47:27.080,0.05011470825954384,0.0954098880845344,0.8925260985115959,0.1385132315218712,0.5900654127785714,0.28694110918347443,0.9947715609600359,0.34036906952057955,0.5721367068342895,0.7523135256024197,0.3756805556489151,0.36085339009156164,0.12337671332996579,0.9834835392365405,0.441558451256795,1.0
2021-05-01 18:47:27.100,0.06217196437341118,0.10547665301462568,0.8948049066037428,0.12658515121236988,0.5793826618911865,0.29564688136670403,0.9901486761309365,0.3506674014967871,0.5985914281242127,0.7316276437901642,0.4219600443882743,0.4610389218913022,0.09740235344913535,0.9669670015961951,0.4205794228737097,1.0
2021-05-01 18:47:27.120,0.04947283876757463,0.11498010826362262,0.9078331599125674,0.11554819443472966,0.570211326837489,0.3045574583317527,0.9831188384019844,0.35955121670730233,0.6253867274290397,0.7672835956880713,0.44918327305848554,0.5445268650577526,0.11688295712598244,0.9669670015961951,0.39260740548913603,1.0
2021-05-01 18:47:27.140,0.056639578375419615,0.0873821344282503,0.8990605655958239,0.1036311355562996,0.5610514914212781,0.31368642835757826,0.9739688959084171,0.36846191845914167,0.6525213944153362,0.7866085964683752,0.5644282818565547,0.5964749261764147,0.10389610965311775,0.9474474990449971,0.35764237864353404,1.0
2021-05-01 18:47:27.160,0.053922623020870614,0.028763973243621486,0.8830953188417621,0.09121950101118377,0.5519093712500664,0.32324761772254507,0.9622565109649837,0.37739241754583286,0.6804616255334122,0.7280892639931643,0.6424681743344609,0.6502782749209981,0.1103892009219991,0.9399398561372088,0.34265735106292294,1.0
2021-05-01 18:47:27.180,0.0702956275781508,0.061778234858569155,0.880210619134054,0.08043588631217526,0.5442750933200164,0.33282742443053764,0.9481526904087662,0.38487760817478217,0.7077284096823839,0.6537833550916122,0.5190562192178528,0.6586270616447722,0.06493490229942357,0.9204205073397829,0.3216783329096076,1.0
2021-05-01 18:47:27.200,0.0655914697096505,0.10475393290707787,0.8861909381152958,0.07180781699185729,0.5383853241412593,0.3416242997203392,0.9332419962593332,0.39066908717335913,0.732020875743844,0.6709308348283864,0.47549906077302306,0.6391465415726005,0.0714286585034069,0.9114114588534538,0.295704291923062,1.0
2021-05-01 18:47:27.220,0.028467742253752343,0.08427237095093269,0.9230894798366531,0.06339861592046808,0.5307071246210218,0.3505206664274756,0.9168836468973811,0.3982407342807147,0.756085123077553,0.7621121140957667,0.5744101323689654,0.5732838232595299,0.08441550597627066,0.8828829078159272,0.2667332761097043,1.0
2021-05-01 18:47:27.240,0.05272246587803052,0.06753459121368165,0.9250885947170567,0.05365157747626015,0.5169224496060458,0.36000244420918825,0.8986748388849582,0.41189331914867705,0.7815757047479908,0.8326075115508914,0.6569872444802565,0.5157698992631042,0.06493490229942357,0.8648649645970414,0.23876124849536062,1.0
2021-05-01 18:47:27.260,0.10334955468016861,0.13194345690470913,0.8738332479843471,0.043139868087357355,0.4976904283844041,0.36966628251528066,0.8789415999237538,0.43106267392319214,0.8072424608085038,0.8426782539721475,0.6787658051339011,0.4851576686211475,0.03896087488614413,0.8183183165868572,0.21478522482592316,1.0
2021-05-01 18:47:27.280,0.11447970541438897,0.2099980511252761,0.8508312378112871,0.03350648717583934,0.47595283010583717,0.3792793034597775,0.8575543891678847,0.4528896008271053,0.832013788205715,0.8579204891249489,0.6774046399866364,0.4188311321980321,0.012986847472864693,0.7957956953710352,0.19680318149941975,1.0
2021-05-01 18:47:27.300,0.11619956192695595,0.2287863061052986,0.8625905793292599,0.025184209255022814,0.45195502618534655,0.38875502955436664,0.8346981093433423,0.47716760448034096,0.8555270666811398,0.9205225649491806,0.7377494672526921,0.3803338873851208,0.012986847472864693,0.7507507604469348,0.1608391971441142,1.0
2021-05-01 18:47:27.320,0.13220734552571287,0.20733629255418715,0.8598891295822354,0.01758986590907734,0.42569406917268665,0.3981415240826609,0.8102734688136478,0.5039327302669315,0.8777419626908722,0.9561785391255693,0.796733166509024,0.35343221680926457,0.0,0.7117117553445392,0.13586413412681228,1.0
2021-05-01 18:47:27.340,0.16362212158411493,0.21483988029516132,0.84173437356209,0.01028302119572548,0.3955234339475255,0.4075371885979715,0.7841356627893125,0.5349069529944405,0.898824193780271,0.8923516536637197,0.7819872342674329,0.345083426289055,0.032467451149711786,0.6726727502421433,0.11188811045737482,1.0
2021-05-01 18:47:27.360,0.2108674580869772,0.2984335667811634,0.8232212388067023,0.003959778090897142,0.36154979377393137,0.4169719957618018,0.7415199704571122,0.5866721279465977,0.9270639442596746,0.8285247682018702,0.7672413020258417,0.3367346357688454,0.025973694945729386,0.6216215779887944,0.09290707893185743,1.0
2021-05-01 18:47:27.380,0.0976120013897628,0.3985415118629763,0.8944917838709938,0.0,0.3295346350220467,0.4261504383298621,0.8746841630390839,0.687564925940268,0.8466622902027379,0.6094175418044007,0.6016333239016358,0.37476800932161564,0.032467451149711786,0.5960959918621207,0.08291709464401714,1.0
2021-05-01 18:47:27.400,0.1729545345062027,0.44914787268553624,0.8540135233305133,0.023587802555707058,0.24339813844845765,0.39583646027182273,0.7744805787661798,0.6993127612740155,0.9157009305337849,0.5160587637719725,0.5090743761329504,0.4146567008717907,0.025973694945729386,0.569069000156906,0.07792210250009693,1.0
