2021-05-01 19:25:47.740,0.5748312408759638,0.33803493210397734,0.5576571674369619,0.5388678898090198,0.15342764983614363,0.22078436156428188,0.9411478217137789,0.9071699988292072,0.4501711651046332,1.0,0.7644230885015025,0.6539130297879224,0.4378379545244459,0.3112450216222345,0.01504509708382868,2.0
2021-05-01 19:25:47.760,0.41303207866579383,0.24674220266643104,0.8453597679791685,0.561766130899506,0.14255626617681486,0.23459604054740155,0.9261165319782598,0.916189506202562,0.4787612468067029,0.9956104715351488,0.6865384704076869,0.7417391265170682,0.4378379545244459,0.3112450216222345,0.01504509708382868,2.0
2021-05-01 19:25:47.780,0.11639236312090559,0.09801527341477762,0.4661597949325749,0.5841734520059643,0.13065266882640672,0.24952808392008097,0.9040249216553236,0.9256675797905028,0.5075742139500281,0.9877255754209241,0.5728365412501984,0.7173913007581351,0.4054053904455839,0.30120488616635543,0.014042152236448975,2.0
2021-05-01 19:25:47.800,0.5177168485721537,0.22720077441159348,0.19973514585762145,0.6077553964352749,0.12547982020954918,0.26171322717186724,0.8916259572144491,0.929654474791454,0.52963609304745,0.9798406793066994,0.4591346120927101,0.6930434749992022,0.42162167248501486,0.31325313096240964,0.008024072319667126,2.0
2021-05-01 19:25:47.820,0.5681861231959999,0.21507967050925084,0.7101617573621108,0.635739502541997,0.12046728935795561,0.2756775814661364,0.8756616649812966,0.9334405198498767,0.5538079124263315,0.9806535551947638,0.9980769467181004,0.6121739296055694,0.38918910840615284,0.2931726544281526,0.008024072319667126,2.0
2021-05-01 19:25:47.840,0.1741765764819261,0.0881030098958646,0.30626132712297316,0.6667750890189906,0.11469390831190748,0.2934023219482334,0.851422854079815,0.9377060724744664,0.5826864065022561,0.9835799089240742,0.7259615506453719,0.7095652155593242,0.3783784382176646,0.2991967768261791,0.012036057125437828,2.0
2021-05-01 19:25:47.860,0.4080616611527064,0.1694146068945629,0.07421924842456418,0.697173643116782,0.10781415627774713,0.3134392190422432,0.8170231102355231,0.9426546620079779,0.612277144507166,0.9814664315485719,0.6324519347650789,0.7234782577316803,0.372972826366721,0.2911647507104775,0.009027068521109839,2.0
2021-05-01 19:25:47.880,0.7523978149997682,0.24428228923334755,0.4474326603289239,0.7398753218019245,0.10615365200419183,0.33796599353612866,0.7791680369122994,0.9438256387131934,0.6477720776720052,0.9793529541730697,0.5389423188847857,0.7373912999040363,0.3675677680291763,0.3052208992242068,0.014042152236448975,2.0
2021-05-01 19:25:47.900,0.7204157239683369,0.2620773526182548,0.7700014122846613,0.7854402128005874,0.11017351403856143,0.3629030212757025,0.741852365435461,0.9409741526928721,0.6846356323435692,0.9538286514209174,0.7884615504486144,0.6295652189757197,0.3783784382176646,0.3052208992242068,0.019057184597725253,2.0
2021-05-01 19:25:47.920,0.40349190586225636,0.15005573075703912,0.5644387645370708,0.8092756238720519,0.11364228457472475,0.37758634513268563,0.7137048646864788,0.938448686635501,0.7050367332603539,0.9481385196721881,0.89326924031954,0.6208695671731539,0.3297295920993707,0.2891566413703012,0.014042152236448975,2.0
2021-05-01 19:25:47.940,0.3537304914774028,0.17557641236121097,0.12352086858275851,0.8331110349435161,0.11711105511088803,0.39226966898966864,0.6855573639374968,0.9359232205781299,0.7254378341771386,0.9470004920982015,0.621153859987416,0.6539130297879224,0.33513520395031426,0.2931726544281526,0.014042152236448975,2.0
2021-05-01 19:25:47.960,0.6937718619360569,0.3009863240766495,0.10569905506156363,0.8719214733808333,0.12801615587488663,0.4153171786151772,0.6382285342517766,0.9277097555990336,0.7596702171650258,0.9561047033752191,0.5923076987250158,0.5860869599628911,0.3135135868166391,0.2981928249673422,0.01003006472255255,2.0
2021-05-01 19:25:47.980,0.5868987232319228,0.22841068378029067,0.18787245777222714,0.8962690313050692,0.13765702427218315,0.4294639530031315,0.6055615863478095,0.9201413430903429,0.7817986840418049,0.9702487438275396,0.7057692432709034,0.6243478278941803,0.3027026398714522,0.2791165059144233,0.009027068521109839,2.0
2021-05-01 19:25:48.000,0.6826416142961184,0.00012005572020864029,0.7069816707604462,0.21034768424218278,0.0,0.22033511838459882,0.6036795908748188,1.0,0.48292524809944976,0.9756137246887645,0.7673077040768214,0.7008695637567585,0.29189196968296394,0.27108447979872047,0.01504509708382868,2.0
2021-05-01 19:25:48.020,0.6441628604048472,0.0,0.5259413154185487,0.6529928869262394,0.03704709919755202,0.4120626947377377,0.540787886746214,0.984715781701488,0.6611507315262283,0.9647211877887016,0.755769242090358,0.7426086881385794,0.3135135868166391,0.27710839657424696,0.019057184597725253,2.0
2021-05-01 19:25:48.040,0.6422240586465436,0.10414337845779108,0.45046951542021013,0.7705149447919807,0.10089777161454658,0.45210960820651097,0.5101174573272779,0.9474807871899241,0.756624905790594,0.9587059062170251,0.7355769351094046,0.6799999994306007,0.3135135868166391,0.2751002872340707,0.01504509708382868,2.0
2021-05-01 19:25:48.060,0.6516310437790775,0.1413909157686131,0.3966123029378291,0.823708268999996,0.14290660791628168,0.46796570993221004,0.4830174002583122,0.9159042393916962,0.8109975941968608,0.9720370709143509,0.7288461659845817,0.5321739187869837,0.2810812994944757,0.2811246152545984,0.019057184597725253,2.0
2021-05-01 19:25:48.080,0.6667436255697529,0.1621069761497241,0.35261604964595966,0.8577760050725013,0.17107407589847837,0.47910119836947923,0.452237136185344,0.8918113299804581,0.8450195668358549,0.9809787063484074,0.7134615508421295,0.36695652030325404,0.3135135868166391,0.27108447979872047,0.01504509708382868,2.0
2021-05-01 19:25:48.100,0.6888348350340595,0.23471280436993242,0.2854091010208142,0.8904065405450085,0.19897466681525242,0.4913823261344738,0.40845044665515023,0.8657885011227607,0.8759877507219385,0.9842302091022472,0.7057692432709034,0.23478264137421773,0.2540543472665572,0.2610441387203414,0.016048144639334253,2.0
2021-05-01 19:25:48.120,0.7324150000844968,0.277754454755039,0.24444492135974402,0.9204291326014201,0.22681290683289382,0.5045063877999424,0.3529095343295629,0.8378262540821122,0.9029247115902953,0.9939847210897164,0.7211538584133556,0.16173916623266585,0.2594594056041019,0.2610441387203414,0.019057184597725253,2.0
2021-05-01 19:25:48.140,0.7682750850999178,0.2956869623652831,0.21630822789659124,0.9380039642550461,0.24227299133653085,0.513289642356122,0.3119729688723835,0.8214916320886128,0.9155356555442536,0.9995122771285543,0.7432692426806307,0.1652173842487484,0.2540543472665572,0.24698799020661202,0.021063177000610528,2.0
2021-05-01 19:25:48.160,0.7964047069122947,0.3262961795714295,0.19554051272394637,0.952813755448124,0.2561878807194373,0.5209253160747458,0.27436530703642636,0.806326499995889,0.9252455210027052,0.9852056601679244,0.7600961655713908,0.25739130759092615,0.23783806522712533,0.2309237323527064,0.018054137042219677,2.0
2021-05-01 19:25:48.180,0.807178587150399,0.36350809165223325,0.18177401876215563,0.9660469458739299,0.27055147881364855,0.528035474814753,0.2375646550562257,0.7902350572147829,0.9338852562266293,0.9531783501781873,0.7846153966630013,0.39652173643197747,0.2324324533761826,0.2228915006145024,0.01504509708382868,2.0
2021-05-01 19:25:48.200,0.8395300339601159,0.42222868198360886,0.14352212948527304,0.9773814479518669,0.28596125494401115,0.5344757610988968,0.2024328534713874,0.7725040999420488,0.9420342163651201,0.923914815546476,0.7807692436644185,0.5513043669876094,0.22162178318769432,0.24698799020661202,0.018054137042219677,2.0
2021-05-01 19:25:48.220,0.8486561795079253,0.4829824686785881,0.14171778883298214,0.9869932920666005,0.30269389204531477,0.540357644718778,0.16863232413940235,0.7527370716903214,0.9498238488301913,0.8730694250886329,0.7533653971548953,0.6786956587777064,0.21621617133675158,0.24497988086643574,0.022066224556116103,2.0
2021-05-01 19:25:48.240,0.8577823250557346,0.5437362553735673,0.13991344818069124,0.9967060403968149,0.330731374866186,0.5479542993583405,0.13657716363389916,0.7310244941574758,0.9571060664184454,0.8222240346307897,0.7259615506453719,0.8060869505678036,0.2324324533761826,0.2811246152545984,0.03009029687578323,2.0
2021-05-01 19:25:48.260,0.8759035270855924,0.6936627468002785,0.11141301872615618,0.9983530201984077,0.35511544492640057,0.5516977470779338,0.09392780140462052,0.6904919617861839,0.9686429617526096,0.6711104343188958,0.6346153982370617,0.9739130303573217,0.2054055011482633,0.30120488616635543,0.03009029687578323,2.0
2021-05-01 19:25:48.280,0.9003616004180789,0.7514351361834771,0.07973311973681663,1.0,0.3794995149866152,0.5554411947975272,0.058024659030258906,0.6371515390750726,0.9811218176866089,0.5753536507128205,0.5923076987250158,1.0,0.21081111299920685,0.3674700269221542,0.044132346404106335,2.0
2021-05-01 19:25:48.300,0.917156450035279,0.7738767691757287,0.05444264139692492,0.9965762531776411,0.413286117197783,0.5579799101653761,0.043987231396556935,0.6014925533294556,0.9854722996853656,0.4755324810129411,0.5365384609633241,0.9930434785579474,0.2324324533761826,0.43574286577312693,0.05015042632088818,2.0
2021-05-01 19:25:48.320,0.9481299801383933,0.8818500229796871,0.041922631723236535,0.9931525063552821,0.44707271940895077,0.5605186255332251,0.029949803762854964,0.5658335675838385,0.9898227816841221,0.37180949640478106,0.5278846228159971,0.953043466031164,0.22702711828193847,0.4919678710730466,0.07221665087700414,2.0
2021-05-01 19:25:48.340,0.955861353594983,0.8733294444994639,0.03665454224900333,0.9828606903705243,0.510243207205366,0.5640157266780125,0.008169872977267234,0.4795442487317703,0.9895482144494887,0.227117548408425,0.4480769317645261,0.8713043390870463,0.23783792684877603,0.6455823753552388,0.12938815331611675,2.0
2021-05-01 19:25:48.360,0.9831272326793127,0.9710741499470499,0.03786746400751005,0.9727001657843012,0.5612220435156278,0.5665690475075517,0.0,0.4101890498113899,0.9790727264049949,0.10567389206230066,0.31442304836296064,0.841739122958323,0.22702711828193847,0.7891565385590507,0.19658972047778175,2.0
2021-05-01 19:25:48.380,0.9050802166900624,0.4179774697824157,0.0,0.6924999232454532,0.4243539161920222,0.5468450199025776,0.10747575531661731,0.5966653655814387,1.0,0.04893519100421002,0.2249999885880617,0.8104347764690863,0.23783806522712533,0.8674699241109036,0.2477432148958006,2.0
2021-05-01 19:25:48.400,0.9772274902396338,0.6222894688916544,0.0211881929310076,0.7474075482513415,0.5723604288634684,0.5633087850601491,0.019417186076404726,0.39521638271460074,0.9803479099044714,0.04617138770155844,0.17884612742010028,0.772173905690801,0.19999988929731977,0.925702833128499,0.31093278698088245,2.0
2021-05-01 19:25:48.420,0.9945108823510727,0.7977503493713892,0.0660679318152658,0.7660799616449167,0.6780344656302967,0.5731047922924974,0.007199315480476805,0.2596428658959398,0.9224310260094299,0.07283371416867766,0.16923074295606771,0.6991304333962453,0.21081111299920685,0.9658635805745136,0.36910732670468793,2.0
2021-05-01 19:25:48.440,1.0,0.9343363100663427,0.08624071976672383,0.7651725964949828,0.7591287166950534,0.5830758016385637,0.017216382258868273,0.16800157800912208,0.8538628765880538,0.08128762872733332,0.13749996635445758,0.5930434956399249,0.15675665502996947,0.9879519608264464,0.44433299699845774,2.0
2021-05-01 19:25:48.460,0.9967950851531521,1.0,0.09887415205228964,0.7498210247357411,0.8278442416032407,0.5962200698029954,0.035957433945175324,0.10232431402560159,0.7800870329954732,0.09624453708353951,0.08076922949787434,0.4921739347301627,0.17837854892034402,1.0,0.494483443860971,2.0
2021-05-01 19:25:48.480,0.9857065961793106,0.963124669133123,0.1314899307795904,0.7195061526897383,0.8929550895774366,0.6172515198802003,0.06379264865464344,0.05235737178262157,0.6975097487183304,0.13705095590014077,0.03653843735241712,0.4243478506701502,0.12432464446450621,0.979919729088243,0.5626880585781416,2.0
2021-05-01 19:25:48.500,0.976795778954682,0.8798462125372731,0.16498566484915786,0.6600455285560972,0.950688808210379,0.6535571035509369,0.10119273945668193,0.019275342548841484,0.6123812699903044,0.15688511958473333,0.030769222414602122,0.3321739130929912,0.09189208038564338,0.9518072264382831,0.6158475351282332,2.0
2021-05-01 19:25:48.520,0.9731493974159197,0.9013016117121575,0.19740180698591686,0.5388058348204838,0.9910248419074128,0.7195999368785113,0.14158051768714347,0.002873656743770591,0.533229473346599,0.112502094765721,0.023076906973073782,0.2313043521832291,0.0810814101971559,0.8935743174206877,0.6840521498454037,2.0
2021-05-01 19:25:48.540,0.9459190998287995,0.9723244324015121,0.19372117623927984,0.3339298991477822,1.0,0.8267145307130014,0.17988292967886582,0.0,0.4551951046235558,0.019752944626653432,0.0,0.12000003758035045,0.048648846118293065,0.8293172860050653,0.743229685770652,2.0
2021-05-01 19:25:48.560,0.9222257022505662,0.9405732806359769,0.1802887337529573,0.16239511191718195,0.9694604561428065,0.9176812162482962,0.22036571695487395,0.01093815232395543,0.37221206087526476,0.0,0.022115376396972863,0.029565201893742097,0.016216282039431023,0.7489959967355372,0.8044132346404107,2.0
2021-05-01 19:25:48.580,0.9266236393373063,0.8255342335460673,0.2053287438697154,0.08270350169532881,0.9179016935031556,0.9628794978439518,0.261782479057384,0.03671161833383288,0.2903471860174931,0.019183852328569412,0.04807690657955862,0.0,0.027026952227918507,0.6485944365542526,0.8645937790920767,2.0
2021-05-01 19:25:48.600,0.9397313845554054,0.7373480872388806,0.24343319939705602,0.04827247180762161,0.8603313295033815,0.9861745331583845,0.30412934592496016,0.07579484736100486,0.21509400974983936,0.060030877347399245,0.030528824029972285,0.028260864799593256,0.016216282039431023,0.5200803737230076,0.8966900688842857,2.0
2021-05-01 19:25:48.620,0.885581050871522,0.6750660233057514,0.26011747577654887,0.034658550125874675,0.8016006983090812,1.0,0.34555810329251735,0.12594475060970145,0.14934071299450793,0.10087790236622919,0.012980741480386037,0.05652172959918651,0.0,0.4076305687456683,0.9327983938092472,2.0
