2021-04-22 01:54:12.060,0.7733009569396031,0.8490433126031756,1.0,0.6465735732405502,0.3562145598507685,0.8243246172028446,0.9691270771056953,0.5120375191842725,0.7602103680495168,0.9018041246747809,0.22451992882553246,0.27893174419772687,0.052630917082027336,0.029674109857226842,0.01752464407980623,2.0
2021-04-22 01:54:12.080,0.025222551335722848,0.6695885092721383,0.2920306829158571,0.641864597548414,0.3296942624642569,0.8406075476905946,0.9490538457593951,0.5395102736005507,0.7774023464488594,0.879896909078132,0.5228951134636418,0.10385756314037074,8.982458134785802e-07,0.026706638100017388,0.009857598275175777,2.0
2021-04-22 01:54:12.100,0.9133564226901715,0.8179775868379698,0.4662743969563141,0.6378275747746316,0.2920874701444346,0.847106763722455,0.928980614413095,0.5669830280168286,0.7945943248482022,0.9015463925181105,0.47562775748136704,0.2314540021581596,0.07017545435519007,0.029674109857226842,0.01095293058930951,2.0
2021-04-22 01:54:12.120,0.33032858110109137,0.7128102979710963,0.8619322563352644,0.6334492255383039,0.2561503171766063,0.8601471714543286,0.905067267765157,0.6357375947379112,0.8299901800022689,0.9038659800295367,0.4357459210352137,0.270029667565308,0.052630917082027336,0.025222902221411794,0.01369114921692162,2.0
2021-04-22 01:54:12.140,0.30595454402114153,0.6698726473422647,0.02880719882002462,0.63087347384912,0.23473316043484807,0.8681032409740276,0.88333464047374,0.6635108364215193,0.8447445299038228,0.9177835059419204,0.8005908298595059,0.18991097787353817,8.982458134785802e-07,0.020771694585595017,0.01861992031507889,2.0
2021-04-22 01:54:12.160,0.994143369697052,0.767521686755923,0.837079417152566,0.6269386856419995,0.19471785947388862,0.8786250320607061,0.8620206550107983,0.7165690900307509,0.8687137005626259,0.8896907230152651,0.3988183040101706,0.270029667565308,8.982458134785802e-07,0.03560905337164921,0.005476493334085292,2.0
2021-04-22 01:54:12.180,0.267588415899551,0.6020365371279378,0.01967552652406668,0.6250443197338662,0.17769314243223924,0.8887240118804846,0.8177669098814577,0.7395921329539701,0.8826882413988574,0.9002577327895402,0.7296898079763664,0.1721068221798832,0.01754543551897621,0.03264127775699725,0.00657171349049672,2.0
2021-04-22 01:54:12.200,1.0,0.7337247249313099,0.7341578871728381,0.6217246852186175,0.13976133558582354,0.8971800764508364,0.7982714619995164,0.7918222892258672,0.9034970718683065,0.87912371324099,0.8064992614475628,0.2462907989743416,0.12280726968303599,0.023739166342806203,0.014238815373988408,2.0
2021-04-22 01:54:12.220,0.13942400097039734,0.5439819951688191,0.5146145366369264,0.619130108214101,0.10949230276425706,0.9112312457166426,0.7332134205679711,0.8343974329131537,0.9245153248644762,0.8649484541171529,0.29689806767339066,0.28189910307519983,0.035088176300501775,0.023739166342806203,0.023001137413891523,2.0
2021-04-22 01:54:12.240,0.6931122955605631,0.6071736108182575,0.06133069014281664,0.6166058995570999,0.08123892965736104,0.910555799569377,0.7577795662636634,0.8748296552373552,0.9346548206470496,0.8577319617467257,1.0,0.17804154236364633,0.10526452890151043,0.03560905337164921,0.019715252629212626,2.0
2021-04-22 01:54:12.260,0.84575609289078,0.6184666948713013,0.881868677747895,0.6142682785816461,0.04938245878651828,0.9210893649726011,0.7099209815460711,0.9211903350600384,0.9530477820934106,0.8574742298010116,0.8375184517206581,0.3442136443597664,0.08771999162834769,0.04451086092840122,0.025191689884436687,2.0
2021-04-22 01:54:12.280,0.08839395260901724,0.48398319183988814,0.1431687973576436,0.6128728210534568,0.027937531617396105,0.9365939580163548,0.6181940254977651,0.9528450236000822,0.970151510668253,0.8492268033190318,0.6381092936704365,0.4540059179686313,0.10526452890151043,0.05934761199957387,0.019715252629212626,2.0
2021-04-22 01:54:12.300,0.6450079393048814,0.5677623111101672,0.15577065592094047,0.6103903559889643,0.0,0.9417971724231451,0.5976225289262651,0.9946019249575446,0.9828455339019239,0.8069587705506277,0.6262924546748678,0.4866468656208339,0.1578945477377192,0.08902111414192089,0.023001137413891523,2.0
2021-04-22 01:54:12.320,0.6819661216784914,0.8634982938770505,0.3618919949816256,0.8118076349498301,0.43382209774164227,1.0,0.0,0.42336267244986014,0.8130691012130321,0.7010309313691175,0.5716395743203626,0.6394658720988634,0.3859663463222707,0.10979280872751591,0.02190580509975779,2.0
2021-04-22 01:54:12.340,0.6499911952952757,0.6832056342977602,0.39531761060801346,0.7774947598254031,0.20076060813047328,0.9881651888840378,0.18457145022569305,0.7084612284847943,0.9254114258165003,0.5541237043808149,0.4180206613328334,0.8545993907156529,0.3333327345027876,0.14540095052684454,0.0339540119243398,2.0
2021-04-22 01:54:12.360,0.6405802137283194,0.6070233248173826,0.40448144479489073,0.7602698560749512,0.08917752308521497,0.9777028205834621,0.3057517785107875,0.8634029549526967,0.9681554756652958,0.5141752527951406,0.374446070559242,0.8590504533200345,0.3859663463222707,0.21958500974015027,0.04490688643478824,2.0
2021-04-22 01:54:12.380,0.6353640619544831,0.5876355749991322,0.41605400212506644,0.749851392002468,0.04231184828634377,0.972666819845064,0.3617422168966183,0.9315883258134444,0.9837739087222774,0.4742268012094663,0.3308714797856506,0.8635015159244164,0.35087727177595035,0.25816031943924933,0.05257393223941869,2.0
2021-04-22 01:54:12.400,0.6535204871812736,0.44891255094683363,0.3799630761078965,0.7391337347283886,0.002310621026130008,0.9709253387142829,0.38397279394053807,1.0,1.0,0.44497426861701683,0.37001475291333563,0.7937685215833711,0.40350908710379624,0.323442267238364,0.07338440502504275,2.0
2021-04-22 01:54:12.420,0.6977338710260276,0.34033407484227485,0.37847372429483783,0.7299709844219793,0.0006871400617002954,0.9751756373191419,0.3478391630712021,0.9783369055429669,0.9969011788368158,0.40644333956842144,0.3796159406423715,0.7982195720436666,0.22807090033872784,0.36795312816676523,0.08762322039903116,2.0
2021-04-22 01:54:12.440,0.6804105583037338,0.34306469654909816,0.38842748656935133,0.7251307395347034,0.0345958580805505,0.9793202043987669,0.3185410034012547,0.942979054256435,0.98954988920615,0.3621134575630016,0.31610043104118973,0.7982195720436666,0.4561409024316422,0.4302673003512297,0.1084336931846552,2.0
2021-04-22 01:54:12.460,0.6698295859663768,0.36652684367539595,0.3758066337782386,0.7220700526872141,0.06282208905029432,0.9812830549295677,0.29283686165007977,0.9015337456742263,0.9798455917476451,0.3381443634063766,0.3072377897042406,0.8130563907192037,0.4561409024316422,0.5163206388784987,0.1281490018927289,2.0
2021-04-22 01:54:12.480,0.6618468625471834,0.3332973022856505,0.37719320472637674,0.7191652909446423,0.09437025791417916,0.9830330797126666,0.26708924202541423,0.8559560600335554,0.9683145933417093,0.3185567313129794,0.3441654236556654,0.7982195720436666,0.43859636515847944,0.5430266692636345,0.14238776118785623,2.0
2021-04-22 01:54:12.500,0.6894362006180168,0.28259457508237706,0.38536303619225165,0.7164987176444583,0.12884466749677762,0.9845094090531006,0.24174397436633288,0.807087078590939,0.9549568056877453,0.2809278841152554,0.3677991016468028,0.7952522131661937,0.5438599958141713,0.6394660070124222,0.1872946476226444,2.0
2021-04-22 01:54:12.520,0.7092002693180921,0.26498673634712183,0.37906193954365675,0.7140947520089428,0.16778781215421143,0.9854593162032748,0.2175530308647397,0.753108179971253,0.9388874921206064,0.1945876506575736,0.3367798871931624,0.8783382860236089,0.618421584487652,0.704747878847177,0.2174151198210106,2.0
2021-04-22 01:54:12.540,0.7050925364203371,0.27713463716797154,0.3653452996858825,0.7120135934825268,0.2163037540235444,0.985413191198602,0.1945650134355041,0.68776083842232,0.9174193652410898,0.0917526401802899,0.2599704458122385,0.9970326168343547,0.6929831731611328,0.770029750681932,0.24753559201937692,2.0
2021-04-22 01:54:12.560,0.7016181977754692,0.2840661031093394,0.3591473219285655,0.7103405707944138,0.27622014744505263,0.9838110726545534,0.1739117233975164,0.6101167037226302,0.8889253099419401,0.04407219857971231,0.20679468242245203,1.0,0.7324565855341117,0.8123145520062646,0.2776560698256293,2.0
2021-04-22 01:54:12.580,0.7031566573360924,0.2613312397367464,0.3601350426272638,0.7091452412044761,0.34164974558958605,0.9806291899255672,0.15656718748213516,0.5294021488428817,0.8556319670661376,0.020103104423087194,0.16248151200852426,0.9287833869406491,0.7719299979070907,0.8545993533305962,0.3077765476318817,2.0
2021-04-22 01:54:12.600,0.7225153736356394,0.19566416714392357,0.3462356841584881,0.7087733243261233,0.4108369799471755,0.9752059994384004,0.14479470241422274,0.44893773661596315,0.817971762298995,0.0,0.07976363903954345,0.8545993907156529,0.8157904428441739,0.9183975652511054,0.3713033992448376,2.0
2021-04-22 01:54:12.620,0.7093981223767315,0.11126188591235549,0.3486691106630799,0.7092886680549639,0.4829596699465859,0.9672654172024282,0.13722098686513176,0.37068769987785744,0.7762226217706517,0.007474190563093479,0.00886259297585876,0.8367952131626428,0.8947363693443081,0.9851632489288257,0.4370208257598832,2.0
2021-04-22 01:54:12.640,0.7076464712056069,0.08601672851368758,0.34842163092120254,0.7105363864019222,0.5540739541559669,0.9567269292468381,0.13335275625436097,0.2994289714914002,0.7326580209609194,0.04690724365387012,0.0,0.7744807253120554,0.9649127219453169,1.0,0.4874041606656678,2.0
2021-04-22 01:54:12.660,0.7333107486355219,0.0699339849624918,0.33951116504899653,0.7126813812782151,0.6204597262309174,0.9433840027291305,0.134042857558571,0.238414981041775,0.6897176435639897,0.09793818156264061,0.03840469046478044,0.6409495758257723,0.9824572592184745,0.9910978885858073,0.5224534488252802,2.0
2021-04-22 01:54:12.680,0.7576404596989273,0.03403835302252915,0.3289271637486926,0.7160128270768649,0.6806897621261844,0.9269601479117512,0.1394568279055906,0.18782047931010348,0.6486248413757031,0.147422723577996,0.09158049012538476,0.4718100712334691,0.9122809066174709,0.9940653603430184,0.5640744841227061,2.0
2021-04-22 01:54:12.700,0.7707911407471592,0.09302912663153945,0.4380138954075114,0.8645893220802475,1.0,0.7318579849307582,0.08192535319462765,0.0,0.4022834905335623,0.16932992841586067,0.0960117926584504,0.37091986939938854,0.9824572592184745,0.988130416828596,0.5936473125955499,2.0
2021-04-22 01:54:12.720,0.7480368398352585,0.07441721197406538,0.36143759372206036,0.8159943769978083,0.9348823270026463,0.8102298110031572,0.09564841550683292,0.026940142344621793,0.46061799098004097,0.1652062447087878,0.06868535852633412,0.3367952423084496,0.9473699811637912,0.988130416828596,0.6308871868730244,2.0
2021-04-22 01:54:12.740,0.7378803709414539,0.08115539173161289,0.3358845356837579,0.8056236833897159,0.9193459666438634,0.8075129754997068,0.12885205068533484,0.034246257523648974,0.4683415824192875,0.25154642542733224,0.09748892171344173,0.37685458715433445,1.0,0.9376855239580948,0.6692223486015435,2.0
2021-04-22 01:54:12.760,0.7225050164940209,0.07232118247776911,0.30628151910581497,0.7986949744143702,0.905189122160246,0.7969547514010384,0.17503641224105965,0.041196698457544194,0.47243684050325796,0.3796392214332936,0.17872967771770382,0.35608307501202374,0.9473699811637912,0.9376855239580948,0.6987951770743873,2.0
2021-04-22 01:54:12.780,0.7249481589248987,0.020729601179416548,0.28421024778484366,0.8023761577410174,0.9139776456436922,0.7696267081553365,0.20849296092463415,0.036849426894064403,0.45786031917469455,0.4543814698686203,0.24002952698464824,0.30044509605940584,0.9122809066174709,0.9228484690294814,0.713033958801059,2.0
2021-04-22 01:54:12.800,0.715197969356365,0.0,0.270685509221617,0.8132120288742583,0.9355596238510275,0.7328627827503935,0.23218562964124875,0.02406510886313802,0.42506711971230754,0.5291237183039471,0.30132937625159256,0.24480711710678787,0.9824572592184745,0.9139466614727293,0.7261774418609137,2.0
2021-04-22 01:54:12.820,0.6984095494682289,0.014864871284137774,0.232606639770524,0.8214839249645213,0.9469439074017509,0.7034714091919273,0.251083772990742,0.021423173979919413,0.41272238273651973,0.5672680483791888,0.3559822505609615,0.08605340744671576,1.0,0.8902077989873639,0.7480832469606715,2.0
2021-04-22 01:54:12.840,0.6801681588408489,0.05269243091725869,0.2198424709375529,0.8305942922867758,0.953153425223569,0.6687868257922422,0.2699819163402353,0.018781239096700805,0.40037764576073204,0.5203608258209738,0.29837517254783674,0.0,0.9649127219453169,0.8783382158159617,0.7645125979815468,2.0
2021-04-22 01:54:12.860,0.6745711495710938,0.07651583110363572,0.2141787954200282,0.8413278754543462,0.9574484956480953,0.6335594046767754,0.29505118362870303,0.016946941235548012,0.38407688021309616,0.43395620315034755,0.24815361286180612,0.01186943854591339,0.8771936285627826,0.8456972419164035,0.7809419490024221,2.0
2021-04-22 01:54:12.880,0.6689741403013386,0.10033923129001274,0.20851511990250357,0.8520614586219164,0.9617435660726216,0.5983319835613087,0.32012045091717084,0.01511264337439522,0.36777611466546034,0.34755158047972134,0.1979320531757755,0.023738877091826746,0.8771936285627826,0.792284877288691,0.8148959497109898,2.0
2021-04-22 01:54:12.900,0.6853320230924395,0.17643706504111314,0.18842654272952225,0.8864326339179303,0.9706640828580754,0.49761507696793417,0.36244658139063674,0.011398391083819364,0.3209471771963495,0.21082480753843277,0.20236333152829603,0.1275964414466061,0.9649127219453169,0.7418399844181898,0.8433734963406748,2.0
