2021-04-27 00:41:21.100,0.9633423962680054,0.620564877283012,0.5850228849176281,0.4200877906192042,0.5729292467206263,0.15951400819858336,0.8350128705404795,0.41077452144606996,0.8058406491855746,0.6462584885183583,0.40129570735208586,0.38159071224319757,0.236196261206674,0.7662340598415053,0.14285723784781948,3.0
2021-04-27 00:41:21.120,0.461527099272022,0.542945936836734,0.44918375570511804,0.4246541706649532,0.5658409184147153,0.1677172929043601,0.826834810033003,0.4178206297270179,0.8215249168712161,0.6332199433565939,0.37134826677370714,0.38725052352913164,0.23926386341977043,0.7727278167651441,0.18831184375097682,3.0
2021-04-27 00:41:21.140,0.556568019758215,0.511274481299566,0.028358491569858917,0.45080304995174775,0.6182060963143342,0.16368249238633253,0.828915470441894,0.36593032952725835,0.7919496755081079,0.6065759507296004,0.36419755115896757,0.34033363716029247,0.23466246010012556,0.7857140007420664,0.09740296441202892,3.0
2021-04-27 00:41:21.160,1.0,0.5371580131669496,0.39532834255460836,0.4595127440069863,0.6174478436865121,0.15170805590197933,0.841172425950577,0.36667904090492337,0.7737059338780532,0.6380385361135934,0.38259383692182053,0.3068215698951835,0.2254601246264441,0.7727278167651441,0.1558440781245116,3.0
2021-04-27 00:41:21.180,0.6198180651239797,0.4283006299122737,0.681180102161139,0.4715037719101455,0.6097759705357686,0.1534967157789694,0.8396713486801687,0.37425799122471914,0.7799927069875497,0.643140574657224,0.3219655450795114,0.2892463469995485,0.21932507725545414,0.7792209087536053,0.12987039757112642,3.0
2021-04-27 00:41:21.200,0.38905473207076013,0.4065210248936593,0.23389107410976645,0.49754763812161673,0.6302804338934325,0.15695493408748318,0.8352911120857104,0.35401949817724854,0.7761161921537533,0.6823270881774881,0.3237990630389897,0.2665326131700563,0.20092024925288832,0.7597403029178665,0.17532467100691698,3.0
2021-04-27 00:41:21.220,0.7563209847599688,0.5139517313808849,0.08842336692098716,0.5288190354775062,0.6496492660004181,0.13787155703293172,0.8622639763712912,0.3566113361064615,0.7338895109000311,0.7215136016977524,0.3256325809984679,0.2438188793405641,0.19171775672400437,0.6558441817507191,0.1558440781245116,3.0
2021-04-27 00:41:21.240,0.6829274849493286,0.48449914816812933,0.5827284105975223,0.5506007400018363,0.581602516184539,0.1214390503864323,0.876030152366819,0.42613878699569185,0.7467268905228992,0.7400793557071245,0.290184590793792,0.22341376469983268,0.17024532650834256,0.5844155153314106,0.23376644965413415,3.0
2021-04-27 00:41:21.260,0.374619389064595,0.4166702491272251,0.09889593957272087,0.5978559094341465,0.5615705426366097,0.1069590743501531,0.8824459848766514,0.4241037897880141,0.7341523778811817,0.7089002170957812,0.270627084235245,0.21924336480908457,0.1549079436636707,0.5389612116714756,0.17532467100691698,3.0
2021-04-27 00:41:21.280,0.8257585579024764,0.5689332298195078,0.20827281587629923,0.6243367672158632,0.5314723591928242,0.0804744482045836,0.8888618173864836,0.422068792580336,0.7215778652394641,0.6938775435394505,0.28211712027636293,0.21656239972046262,0.1365029586059024,0.5259743627593756,0.1558440781245116,3.0
2021-04-27 00:41:21.300,0.8005338599205148,0.6477444641627158,0.6115867837952373,0.6392208248047017,0.4784000103021789,0.06339479891371733,0.9264323704786649,0.47869067464257203,0.6767208905840547,0.6828231193481122,0.29006235734703834,0.22460530717744318,0.10889563807445309,0.4935069080115369,0.23376644965413415,3.0
2021-04-27 00:41:21.320,0.40549352587388,0.5871071384260009,0.41501044449012725,0.6593698773812564,0.4467473629794883,0.05314852865290861,0.9478583463795138,0.537212888037116,0.6605092266890238,0.6935940991448458,0.2992299428922919,0.24873398566037205,0.08742320785879082,0.48701315108790194,0.27922072308992474,3.0
2021-04-27 00:41:21.340,0.6622183762301653,0.6431457184037895,0.423245976958251,0.6732257836977462,0.4055913849255821,0.039880311546963566,0.9629407850662516,0.5788982830487008,0.6468566888262244,0.6763038495512826,0.3125534956422593,0.27822460894988255,0.07285272556739361,0.4090913926801283,0.26948075911608976,3.0
2021-04-27 00:41:21.360,0.5908729279441048,0.6826616034766124,0.20293227005489736,0.6909351138964485,0.3861188564826767,0.025715925123598684,0.9777249577499082,0.5986944241397284,0.6217053441282494,0.6414398966893763,0.33101089517700544,0.3095025325455825,0.06595089543453095,0.4172079238994973,0.2824677656264657,3.0
2021-04-27 00:41:21.380,0.6515657303115081,0.6787060505287051,0.2419598365962727,0.7053989633011517,0.37435836742352935,0.014031008210071173,0.9896204888284345,0.61067265773055,0.5984594757883467,0.6068593975254506,0.35961375783606414,0.3592493340664582,0.05904906530166828,0.42532445511887007,0.2954547721368417,3.0
2021-04-27 00:41:21.400,0.6235221506551231,0.687760715397776,0.18739952074897415,0.7195629980375645,0.3840316227832684,0.005733881977346991,0.9970517297989749,0.6008189015842537,0.5750923793818427,0.5688775354192971,0.396895267250847,0.43431635654787326,0.06901837985622541,0.4025983006916671,0.29220789583398454,3.0
2021-04-27 00:41:21.420,0.5959237119438213,0.753573535430034,0.12575853006683196,0.7287603455870671,0.4128536851445648,0.0009694257372672156,1.0,0.5715268856925321,0.5531953279105165,0.5269274262913956,0.4396773197886577,0.5072981888368061,0.07975451643645488,0.43506509050432823,0.27922072308992474,3.0
2021-04-27 00:41:21.440,0.5791383923385937,0.8314533324875395,0.08599293368171633,0.7299467439256675,0.4522463962303837,0.0,0.9986924861799066,0.5316592522881713,0.5364445161057636,0.44217685165133985,0.4828260826717591,0.5585344056540245,0.10122694665211715,0.5389612116714756,0.2467532899308272,3.0
2021-04-27 00:41:21.460,0.5641471246235374,0.8087615164089025,0.08271952103689835,0.736706083808592,0.5321556757340149,0.0058972347627211505,0.9884947755091721,0.4513995786211497,0.5202356741650891,0.4909296865708949,0.5560445235820046,0.6699434188425429,0.13190186939666332,0.5779217584077717,0.20779210416601546,3.0
2021-04-27 00:41:21.480,0.4944000686667411,0.7615803599318749,0.07016610113290044,0.738553685206809,0.6470483337758771,0.030864672111449665,0.95819711781051,0.33751386953571566,0.5306357356759629,0.5436507824556616,0.6270627444416307,0.755436414230376,0.19018411267265883,0.6103905430259619,0.12987039757112642,3.0
2021-04-27 00:41:21.500,0.47761394937120694,0.9588731090770934,0.012158392656394013,0.7065776973999648,0.702030571715736,0.06042047670991025,0.926990258877251,0.28367539904542294,0.5695558209051692,0.5076530496952923,0.6923359372756683,0.8754840512546644,0.2607361365802298,0.6948053934221966,0.08441579166796909,3.0
2021-04-27 00:41:21.520,0.46460244829185826,1.0,0.0,0.6533039563455293,0.7686155159398622,0.11220466430637387,0.873434354262715,0.21907431140611425,0.6371758004502528,0.5252267413634164,0.7659210885312044,0.9606791933295488,0.34969314554556863,0.7532465459942316,0.1818184236126303,3.0
2021-04-27 00:41:21.540,0.45833434238700493,0.8964118354533708,0.026130132737221798,0.6050675693668908,0.9004715699723372,0.19692765284425423,0.7837997707142796,0.0931681928271183,0.6989320680978565,0.6597222121042533,0.85362426691898,1.0,0.4340490653016683,0.7142866641931092,0.14285723784781948,3.0
2021-04-27 00:41:21.560,0.557027335213983,0.772824800882661,0.07910090472249033,0.5386022427124446,0.9765272213613225,0.2897736574509356,0.6880481600702923,0.021823356547636463,0.7516726554594358,0.7028061156308917,0.9055127937814338,0.9141346513976369,0.5322085667958915,0.6493504248270842,0.20129901649503665,3.0
2021-04-27 00:41:21.580,0.5487017727601359,0.7118164243509126,0.10661554835511501,0.4650710065835818,1.0,0.3941227367753802,0.5814016564049838,0.0,0.7879046165511028,0.7458900191575298,0.9574013206438876,0.8282693027952738,0.6334355134480086,0.6493504248270842,0.20129901649503665,3.0
2021-04-27 00:41:21.600,0.4640316560073503,0.5977153169416439,0.11492184830919588,0.40858306522566823,0.9993306649872478,0.5033826882303853,0.411954425318122,0.026155891007329436,0.7513846614874395,1.0,1.0,0.707179032882289,0.7331286589935774,0.5454543036599369,0.4350648012144363,3.0
2021-04-27 00:41:21.620,0.23774238696494143,0.3444233679422612,0.2439652765790576,0.36566043858417324,0.9445624425484891,0.6160786287343791,0.2438272999906805,0.18193472627601523,0.6590178431400824,0.8594104016937805,0.95599561899767,0.679773626605713,0.826687071278561,0.4090907277449507,0.5714282864565425,3.0
2021-04-27 00:41:21.640,0.024366430360402466,0.3695931354881843,0.5529035757905637,0.3298339107277145,0.7477249048428212,0.7687713234318082,0.1460498406863218,0.29714170936993317,0.5359746800338648,0.39342402137187255,0.8138369158175813,0.6964551676513552,0.9079753888215644,0.4025983006916671,0.779220390622558,3.0
2021-04-27 00:41:21.660,0.0,0.6598460414181988,0.7488775070697588,0.25636544342368595,0.6599503410450457,0.8936817068320841,0.09815759042026907,0.29976842657270364,0.40826231318227263,0.032879823539322554,0.6469869603449653,0.6893059566737052,0.9463188459332436,0.4999999999999981,0.9480519739584962,3.0
2021-04-27 00:41:21.680,0.05937413970816237,0.6504306046042608,0.8411723242417566,0.16512970946425778,0.705852373456436,0.9511825911616447,0.05026534015421636,0.3023951437754744,0.2805499463306805,0.0,0.519007485062741,0.5722371112305353,0.9815950149422317,0.6168829700792454,0.9285713810760907,3.0
2021-04-27 00:41:21.700,0.18384540280367428,0.2368127480387194,0.9590238449425846,0.08405228882129046,0.7830193110663185,0.9862221886072587,0.005205412705590396,0.2051879449310231,0.06487042957915361,0.2409296610504128,0.4533675778814009,0.3932082251890031,0.9984661988934516,0.7077922423342928,0.9870124947885734,3.0
2021-04-27 00:41:21.720,0.42566582048325424,0.0,0.9895063525656854,0.04411084361326535,0.8454104713062853,1.0,0.0,0.14541003808662223,0.0,0.46456914906870894,0.4080186029517038,0.30592791730386576,0.9953985966803551,0.7857140007420664,0.9870124947885734,3.0
2021-04-27 00:41:21.740,0.7220057019251678,0.25176408149985197,1.0,0.03207848077620288,0.8703836887074015,0.9964158672396055,0.005036681097146399,0.12165561922026753,0.00042379569328803693,0.48214283841678907,0.3286884416796323,0.28567172200494,1.0,0.8246752124135402,1.0,3.0
2021-04-27 00:41:21.760,0.9095517409291295,0.6478340217638622,0.8879420219009191,0.020477030078503922,0.8842188403548609,0.9781240340355488,0.020500653842080212,0.10853831944115847,0.047092503702462075,0.4384920420408646,0.23236770124341505,0.2868632669207734,0.9723926009409493,0.8831170299207527,0.902597035587972,3.0
2021-04-27 00:41:21.780,0.9318579358167228,0.7749552206963508,0.7947263826751804,0.004264694783341667,0.9030156562457264,0.9466182354432913,0.04726645520233516,0.09076689889418361,0.12569436989566943,0.4756235686199595,0.15621564960705747,0.2481382156406783,0.9156440802439003,0.9675325452521613,0.714285524304362,3.0
2021-04-27 00:41:21.800,0.9052674467601182,0.6260317367346875,0.7217427528516345,0.0,0.9286414062964711,0.9026836405704839,0.08570590983452231,0.06663143163705941,0.2273127143308164,0.6091269712194387,0.10671068346057563,0.17753946099229773,0.877300623132221,1.0,0.6168832248270676,3.0
2021-04-27 00:41:21.820,0.8015869321007618,0.43377436581007056,0.6593479401194596,0.020137465285215456,0.9423422616839279,0.8484682854219392,0.13349603867771348,0.05377225630308014,0.34785833186082715,0.7633219886283515,0.07847451914077211,0.11736671338545623,0.825153270172013,0.9870131510879,0.45454539409684264,3.0
2021-04-27 00:41:21.840,0.6990608710266805,0.35680337231070547,0.6086933597123725,0.061529296426684456,0.9257852498554323,0.7873433066627816,0.18757494503494515,0.06931619515855486,0.4825861642206574,0.8132086080864571,0.046082405625307826,0.08638665285559675,0.7515336440513457,0.9675325452521613,0.2597401302075193,3.0
2021-04-27 00:41:21.860,0.5771201006223657,0.4462277991610073,0.531654464226102,0.10914345105648932,0.8905667608784569,0.722859422776332,0.24657186202550455,0.10253009478370817,0.6144790148456836,0.7868480613040957,0.012834621964461583,0.054810861317610274,0.6855827093530142,0.9415588474279651,0.2467532899308272,3.0
2021-04-27 00:41:21.880,0.49219456278565193,0.5040657702061357,0.46509665220891905,0.15877561301252804,0.8578214693727874,0.6559862719912857,0.3109940065169957,0.13359211252800135,0.7274869603481009,0.8047052066469997,0.0,0.027405455041034407,0.6180981306033367,0.8831170299207527,0.12987039757112642,3.0
2021-04-27 00:41:21.900,0.4420284171283268,0.5119830069222663,0.4096056392215744,0.21300065509764807,0.817409946385744,0.5887454844741478,0.37815523376112997,0.1721624310047772,0.8214526284514002,0.8401360575782909,0.011245573149622361,0.020554072994103844,0.5490797507471118,0.8116883635014402,0.06493553125293046,3.0
2021-04-27 00:41:21.920,0.43733816683925547,0.5030668824939007,0.38128769895993736,0.26887153422102544,0.7626829939848766,0.5242950679876285,0.444390083782483,0.2248027098393727,0.896684965172251,0.8375850301863222,0.02530253958665018,0.011319645003519254,0.4677914332041085,0.740259032146954,0.09090921180631562,3.0
2021-04-27 00:41:21.940,0.45532256208245764,0.5694201028109053,0.3323435152281267,0.3237124434388847,0.7014218846487109,0.46290250010109946,0.509232214779988,0.2842687526142127,0.9508949016446469,0.8424035988148659,0.04791590732661311,0.0,0.4018404985057771,0.6493504248270842,0.07142861892390927,3.0
2021-04-27 00:41:21.960,0.46919113791199135,0.5835437211971763,0.2872528003652751,0.3783071357060175,0.6375446964321961,0.4037519027113309,0.5731235048373261,0.346864128567042,0.9841989884491997,0.8194444358087257,0.07028483218513949,0.0002979020774073702,0.3312883175430032,0.6103905430259619,0.03896118576481176,3.0
2021-04-27 00:41:21.980,0.48471853800085024,0.6050453579082011,0.28172585931543564,0.4327613775314885,0.5683840848507073,0.3480688480195567,0.6343136914221204,0.4152916596340495,1.0,0.7485827594666257,0.09118690965948584,0.01489427487457357,0.2791411216379981,0.5844155153314106,0.0,3.0
2021-04-27 00:41:22.000,0.5170934935930479,0.736119619897458,0.20022869748067715,0.48272668710377326,0.49364159333007507,0.29600599783617326,0.7192146246754164,0.5211349586909804,0.9921062591836737,0.6941609879340552,0.1161227449038632,0.03872507566232436,0.2131901869396662,0.5259743627593756,0.045454938370525055,3.0
