2021-04-27 00:46:18.900,0.578895917009213,0.7553047604944034,0.0,0.03417778328635034,0.7206395063049773,0.08380733223441554,0.8841347208728749,0.2666078642422414,0.6704666165605232,0.6866772012832656,0.41132450126494513,0.39320175067397506,0.3120567932156301,0.3112393291531313,0.08724846482470706,3.0
2021-04-27 00:46:18.920,0.8073628099919147,0.7563965384916326,0.8691881996297646,0.03456089214558378,0.7055705670822848,0.08597221072673719,0.8794098830113135,0.2634681404265309,0.6743668632645009,0.5502896394582317,0.4412595483588547,0.38728069973109563,0.30921995024958004,0.30259375944322814,0.1051453273620308,3.0
2021-04-27 00:46:18.940,0.5129602988156973,0.7052622208651131,0.2569198334018478,0.032519968796343994,0.7163601703210353,0.08962321839376058,0.8863818126554496,0.2560262933391151,0.6621077601633744,0.4718273012513505,0.4594747402100172,0.40504385543170407,0.3120567932156301,0.29683014467024316,0.1051453273620308,3.0
2021-04-27 00:46:18.960,0.5725571151421134,0.7940519849764213,0.8621567143796675,0.035509628970447696,0.7241020735857658,0.08186559247622985,0.8810275740932338,0.25130224624689995,0.6659266351668971,0.46234862900096196,0.402146301849492,0.41008771553035944,0.3134752873227649,0.3083573742162115,0.1051453273620308,3.0
2021-04-27 00:46:18.980,0.3062388543611595,0.6963483408996671,0.09124849621908912,0.035206611000988465,0.7290250624564768,0.08716921544828883,0.8792953865508494,0.20227231485591748,0.6407158124853454,0.6113744161829573,0.45340301020937007,0.39780701283754466,0.31773047914772984,0.3227665586991013,0.100671340810473,3.0
2021-04-27 00:46:19.000,1.0,0.7621955807154214,0.5225823967795713,0.03429055750579572,0.7804437641384627,0.08575714484002649,0.8819760484708579,0.20750237594930837,0.640499451121378,0.6334913198246196,0.4443660161555923,0.40570175018035526,0.31631213028881455,0.3285304685729392,0.11409398771346613,3.0
2021-04-27 00:46:19.020,0.7266369802811493,0.6939865411571763,0.701464850300521,0.03536216357172693,0.7719196191351658,0.08637369518665156,0.8796003161402092,0.20154431215089186,0.6398679370347613,0.5945234432933778,0.41739623242135543,0.40175438150894993,0.3134752873227649,0.3256485136360211,0.09172245137626486,3.0
2021-04-27 00:46:19.040,0.4532739605622988,0.6257775015989313,0.8803473038214709,0.03518934907175098,0.7890505459076983,0.08592440080374887,0.8772245838095604,0.19558624835247512,0.6392364229481444,0.5897841069526725,0.44182436009714576,0.3995613999109366,0.31063829910849533,0.3285304685729392,0.100671340810473,3.0
2021-04-27 00:46:19.060,0.43356527688552077,0.6450950226569525,0.06460894529456969,0.03501653457177504,0.8061814726802309,0.08547510642084624,0.8786190377407666,0.19047379969568975,0.6346839266066197,0.44760402772257996,0.4028523182560005,0.4182017511227204,0.31773047914772984,0.3314121284090044,0.09172245137626486,3.0
2021-04-27 00:46:19.080,0.9362355791307052,0.8298115900807657,0.6546818804184686,0.03618535402271768,0.7983257621827434,0.08382186098191735,0.8800134916719726,0.1853613510389046,0.6301314302650948,0.40547658687818483,0.39480374439750315,0.43618420758585297,0.30921995024958004,0.35158492766487925,0.11409398771346613,3.0
2021-04-27 00:46:19.100,0.3311981204353034,0.6973951328014462,0.7679465410435465,0.03464257258296155,0.8124576843398509,0.08611034083187318,0.8769868401633484,0.17204912559066646,0.625951437666909,0.5545023826806266,0.427562852032089,0.44057017437184226,0.3148936361816802,0.360230792475637,0.11856820334779739,3.0
2021-04-27 00:46:19.120,0.45714769185846577,0.7034227565134423,0.06591815154125018,0.03528580951316077,0.8698954962261988,0.07862563422604822,0.8804830012702519,0.11767395098303002,0.5888251085518358,0.6213796813361451,0.4454956405567849,0.4438596481150982,0.30921995024958004,0.371758022021607,0.1051453273620308,3.0
2021-04-27 00:46:19.140,0.6515084991607027,0.6171261983829726,0.7748384908786582,0.034229280910462415,0.8781680955971275,0.08163700248945097,0.8716158086783448,0.11278215201447936,0.5964078173272398,0.5902521890779705,0.43617623879748235,0.4412037024488788,0.3120568295276848,0.3854467915454793,0.1073825497205825,3.0
2021-04-27 00:46:19.160,0.5700090017029017,0.620257972381249,0.5337824328434375,0.03317275230776406,0.8864406949680564,0.08464837075285372,0.8702824693401705,0.09898308726868218,0.5891870195778365,0.5591246968197959,0.42685683703817984,0.4385477567826594,0.31489370880578954,0.39913556106935155,0.10961977207913487,3.0
2021-04-27 00:46:19.180,0.4885095042451007,0.6233897463795254,0.2927263748082165,0.03190968476821633,0.9083536551323113,0.08677646369298994,0.8689491300019965,0.08518402252288523,0.5819662218284329,0.5279972045616212,0.4175374352788773,0.43589181111644,0.3138298745374935,0.3976945836008916,0.1118568798963005,3.0
2021-04-27 00:46:19.200,0.5042637029129139,0.6540012574156489,0.3937535859498627,0.030646617228668682,0.9302666152965662,0.08890455663312614,0.8676157906638223,0.07138495777708806,0.5747454240790295,0.549236453652633,0.42219713612642407,0.3991228025143452,0.3127660402691975,0.3962536061324334,0.11409398771346613,3.0
2021-04-27 00:46:19.220,0.5200179015807271,0.6846127684517723,0.4947807970915089,0.029567188915320546,0.9499631297608027,0.09062726541680087,0.863919437883052,0.045039557734925365,0.5617553130554912,0.6180884767712049,0.425833114676431,0.3825657855707808,0.3078014561424457,0.38328525156757537,0.11856820334779739,3.0
2021-04-27 00:46:19.240,0.5263338009859659,0.6095488683271904,0.5404019164185048,0.028785201211419396,0.9498418775859543,0.09286778969961383,0.8618982035823783,0.04514804478011022,0.564164403717332,0.6869404998897769,0.42946909322643795,0.3660087686272164,0.31063829910849533,0.3948127762144,0.1051453273620308,3.0
2021-04-27 00:46:19.260,0.5208741992474449,0.6233045128151887,0.5365127663622506,0.028526572055956812,0.9399048875187407,0.09395584664887988,0.861545446331863,0.05084724338462005,0.5683322126456511,0.7193259698772722,0.4277040550244499,0.34890350246981344,0.3099291246790377,0.38040388683236476,0.07606281119749285,3.0
2021-04-27 00:46:19.280,0.5154145975089239,0.637060157303187,0.5326236163059963,0.028267942900494152,0.9299678974515275,0.09504390359814595,0.8611926890813475,0.056546441989130135,0.5725000215739705,0.6845708296720681,0.4250211971294056,0.3478070094270802,0.307092245400933,0.3688762884103269,0.06935137320460988,3.0
2021-04-27 00:46:19.300,0.5020303234609493,0.7019342483507528,0.49686196996167187,0.0281277977867893,0.9107131022762096,0.09581580572810379,0.861260007364454,0.06990060540645211,0.5811296425497755,0.6471827378835369,0.42473879102910744,0.3521929744180881,0.3042553661228283,0.3573486899882907,0.06263993521172691,3.0
2021-04-27 00:46:19.320,0.494010130153794,0.7256816026738652,0.4708548552848486,0.028146593490030132,0.9028807304174133,0.09593494859120998,0.8619624760104302,0.08440890655342102,0.5896537330678583,0.6345445082163522,0.4258684154303001,0.3552631552967376,0.30319149554247715,0.35590778629504405,0.08389263128687918,3.0
2021-04-27 00:46:19.340,0.4774465558583386,0.7105424912138949,0.45034944828051904,0.070919367423078,0.8135896083163684,0.07501421799043326,0.8750082396894426,0.13649129811243807,0.6063823534981178,0.6845708296720681,0.42798646118253625,0.3618420991932869,0.3021276249621265,0.3544668826017974,0.1051453273620308,3.0
2021-04-27 00:46:19.360,0.5201146003447562,0.6998923130155933,0.4512996528215986,0.0623188830767686,0.8876743107191335,0.09634463073639643,0.868909407654325,0.12519277807819354,0.6068080457700272,0.7309110180490813,0.42784525824796343,0.3677631555211103,0.30354611906926127,0.35158492766487925,0.12304264806490146,3.0
2021-04-27 00:46:19.380,0.5327338248879807,0.6784287144655357,0.46503770272556827,0.06203641767895403,0.8747961084451179,0.09714801578238105,0.8628105756192073,0.113894258043949,0.6072337380419366,0.7077409195503515,0.4227619483270204,0.37269736613599425,0.2992909272442959,0.3314121284090044,0.13199107933356333,3.0
2021-04-27 00:46:19.400,0.5223747937204701,0.6991846361517413,0.44425631224040435,0.06161669345124097,0.8586085666731895,0.0975878373505766,0.8634050589306987,0.12890778317287993,0.6157853369062827,0.6503422909901098,0.4171138263210573,0.37609648720904404,0.295035444922892,0.3429396530558291,0.09172245137626486,3.0
2021-04-27 00:46:19.420,0.5069290562023002,0.7411616886559379,0.4147986935261189,0.061342789301045204,0.8496122115788133,0.0968587724360436,0.8646383736919172,0.13727569346011914,0.6194834181234686,0.6434965875639413,0.41485457636290896,0.38004385749593256,0.2879432648836575,0.3314121284090044,0.13199107933356333,3.0
2021-04-27 00:46:19.440,0.5124407681116582,0.7234010493929711,0.41844073527061787,0.06116015864744788,0.8466216870870346,0.09591892178954675,0.8656995854265511,0.14006288124452598,0.619968139232967,0.6719325956946602,0.41316014091688313,0.38245613824098684,0.29219860195684233,0.3227665586991013,0.100671340810473,3.0
2021-04-27 00:46:19.460,0.5197499995715089,0.6983383092161464,0.4320325294840723,0.06084565131636366,0.8416325720733656,0.09503598531186429,0.8668311531553486,0.14471687103972733,0.621486938586492,0.7177461825484277,0.41075968906434884,0.385964908438812,0.28085108484442345,0.3083573742162115,0.11856820334779739,3.0
2021-04-27 00:46:19.480,0.523179630964733,0.6967366299074084,0.43785376603403076,0.060352082842089975,0.8321138371798276,0.09428336765690487,0.8681194684034969,0.15361248738111688,0.6253432848163701,0.7277514520118388,0.40638239450972746,0.3899122787257004,0.28085108484442345,0.2939481897333234,0.100671340810473,3.0
2021-04-27 00:46:19.500,0.5413658825071064,0.7175172609018292,0.4396107496636895,0.059915040911539215,0.8206209796920592,0.09285447366262362,0.8701619096735884,0.16438127944763126,0.6293904962712611,0.6866772012832656,0.40115788165421157,0.3982456104136342,0.27375890480518894,0.29106623479640353,0.1051453273620308,3.0
2021-04-27 00:46:19.520,0.5511468347982796,0.7461146783221072,0.43061784832705885,0.05958313221721724,0.8128711714045466,0.0905454847378391,0.8728033745337623,0.17166073072117438,0.630623930273581,0.6498157023975336,0.39480374439750315,0.40767543460580696,0.2687943206784371,0.28674359749187844,0.07158836648038812,3.0
2021-04-27 00:46:19.540,0.5546327653306729,0.7681409606910737,0.42012304155737673,0.05927799485095337,0.8090048205790915,0.08741154354287328,0.8759822129231526,0.17529744357281074,0.6290416482333615,0.6940495062326798,0.3905676517372677,0.4135964878283126,0.2581560506195856,0.2680117757044652,0.082774020107603,3.0
2021-04-27 00:46:19.560,0.5592207452349058,0.7601869640407446,0.42839913836419324,0.058734397457370906,0.8014392536955824,0.08429700571609317,0.8793735933585766,0.18242454164959865,0.629187655958847,0.780937335194574,0.3890144181856279,0.4111842071371077,0.25248236468748547,0.2593659108937075,0.100671340810473,3.0
2021-04-27 00:46:19.580,0.571180200156781,0.7452501158694793,0.4325679432375688,0.05803438300224799,0.7855204617854991,0.08122862222466669,0.8832466668124985,0.1974632134917927,0.633237493098885,0.8478146597114319,0.38731998273960205,0.40899122410310934,0.2439716905411166,0.21613835744503967,0.082774020107603,3.0
2021-04-27 00:46:19.600,0.5899439720567684,0.746189125646501,0.4395505975313973,0.05729747431064498,0.7623016950271908,0.07792162010610304,0.8878044061339222,0.2195027677988383,0.6402269442656611,0.8615060665637687,0.38435471753070827,0.4166666633758676,0.2312058245697824,0.23342949686484932,0.13199107933356333,3.0
2021-04-27 00:46:19.620,0.6034622434643026,0.7990870416897117,0.4198075703547742,0.05663901118761256,0.7362221465319777,0.07395455867898067,0.8931670004375445,0.24440310218852992,0.6474582529353583,0.829910488085584,0.38273088187611237,0.4503289455793442,0.22553199338946317,0.19884721802523175,0.09172245137626486,3.0
2021-04-27 00:46:19.640,0.5896782093869476,0.816045545860499,0.403913660159344,0.055702823422775966,0.7137925854608771,0.07028933138674273,0.8980240723860647,0.2659395615484419,0.6530920162362225,0.812927859427414,0.38961453028193904,0.48618420982957955,0.21985816220914398,0.21037474267205636,0.1051453273620308,3.0
2021-04-27 00:46:19.660,0.572978089767803,0.8319451464230809,0.3842374029268339,0.0543848374783088,0.6966416556346637,0.06738632831900725,0.9018357482430426,0.28248103739645647,0.6570937812528616,0.795945230769244,0.39649817868776577,0.5220394740798149,0.2177305662966613,0.1981268768414291,0.1006711117277002,3.0
2021-04-27 00:46:19.680,0.56085354422161,0.830755127519118,0.3598619528283959,0.05247258382454888,0.6854759991692617,0.06625687870654347,0.9035935160814876,0.29328394758085913,0.6605452075704308,0.7717219637058084,0.41905536739378474,0.5694079013676446,0.21560297038417903,0.1858790110108035,0.09619689609336894,3.0
2021-04-27 00:46:19.700,0.5181987432276975,0.8456879831935251,0.32076975217556214,0.049746119269417736,0.6811377728568665,0.06842522887993759,0.9017871448661273,0.29748853695511673,0.6650584413303124,0.7474986966423727,0.4416125560998037,0.6167763286554744,0.22127665631627874,0.15850161951348546,0.09172245137626486,3.0
2021-04-27 00:46:19.720,0.46604694798226637,0.8661076975687708,0.2483541472774161,0.04620441200131313,0.6845852829514025,0.07457545457160568,0.8893424041285767,0.2876004020688967,0.6752341982321121,0.5987361866450793,0.5110138535144303,0.7116228108161337,0.22553199338946317,0.17579275893329338,0.1051453273620308,3.0
2021-04-27 00:46:19.740,0.41488856347800185,0.9063397783530542,0.16160285043960293,0.04157645809724549,0.6981184728273939,0.08698671440561047,0.8608489961000187,0.2485851157595069,0.6871514960209214,0.36545552195521036,0.5691895205777182,0.8118421270154969,0.2539008587946202,0.20749249263428196,0.06487715757027862,3.0
2021-04-27 00:46:19.760,0.3677690367316628,0.982190669264712,0.10794414014527004,0.03158125727610194,0.7621765321664684,0.12556471217383075,0.827970808932356,0.19879884139799228,0.6885375878484926,0.12743549971833776,0.6316012618090315,0.9089912533613043,0.2836880730586926,0.2680117757044652,0.06935114412183642,3.0
2021-04-27 00:46:19.780,0.2941065250786515,1.0,0.09082980598748647,0.014436829070605962,0.882084246671928,0.19835475963937962,0.7950926217646932,0.14901256703647767,0.6899236796760639,0.10373879754125032,0.7132166432874082,0.9635965049344841,0.33049649036728357,0.3170029439261163,0.06487715757027862,3.0
2021-04-27 00:46:19.800,0.2544765560032466,0.8524451142325131,0.18982521930873167,0.0,0.9651321992720732,0.26732143641731737,0.69752973906909,0.03131472801486305,0.6744763077108317,0.3823065120856827,0.8131883981699022,0.995614035008992,0.3900710641436473,0.34870326782881406,0.042505621233077356,3.0
2021-04-27 00:46:19.820,0.3222196495441088,0.7314323679654319,0.24621445307167725,0.9885831301117638,1.0,0.3503805279305749,0.6175529299162923,0.0,0.6658157183737551,0.6540284413097053,0.908359228543591,1.0,0.46382985275026056,0.33429437844677884,0.06487715757027862,3.0
2021-04-27 00:46:19.840,0.4312913912702176,0.7702054978057875,0.2321427759557653,0.973521106870598,0.979037134346427,0.44331031044039665,0.5284877113023261,0.018789147460540685,0.6558273176037341,0.7288046421276607,0.9582039410748725,0.973684245953578,0.5446808213961083,0.29683014467024316,0.03355696088164203,3.0
2021-04-27 00:46:19.860,0.43292116121410396,0.9107024476273818,0.2307249245827907,0.9589809014321671,0.914027147144826,0.5395412555109891,0.43477330718827817,0.07778036416082924,0.6297356143639045,0.6377040656331484,0.9827732117011284,0.9052631849139289,0.6269504293973099,0.2766570503135154,0.16331081785665363,3.0
2021-04-27 00:46:19.880,0.3465020242700498,0.8100429372649879,0.33442834936787735,0.9466969333262445,0.8405136976582668,0.6313808450365397,0.34518307225822026,0.14576116931841743,0.5705418739318583,0.7040547670756444,1.0,0.8256579005823403,0.7092198921502925,0.2708934355405304,0.1856823541938549,3.0
2021-04-27 00:46:19.900,0.3013898772318351,0.5528441235190523,0.4871498605093779,0.9379178619123465,0.7569957517194628,0.7152302060127055,0.26387655322116194,0.22455648053564048,0.48859019152818994,0.7467088051330621,0.9919514157396341,0.7682017879198368,0.8134752146986548,0.2175793349134996,0.3400448553232334,3.0
2021-04-27 00:46:19.920,0.2696150700489524,0.3255086426131643,0.7038192983621149,0.9320182420387125,0.6670937679372654,0.7898053752406614,0.19260536919745683,0.311127589334837,0.3924575517301895,0.5471300820414354,0.9452132442804735,0.761184236754299,0.9021276830614141,0.19020194341618155,0.4988813430041691,3.0
2021-04-27 00:46:19.940,0.21845730257192852,0.41270260785392604,0.7821447412433002,0.9260791623429927,0.5820609017594093,0.8572750476840448,0.130679438561284,0.3945723644744802,0.2823710394944354,0.25329125952028636,0.8418526069482964,0.8177631600085635,0.9333333914326208,0.15850161951348546,0.5928410167389863,3.0
2021-04-27 00:46:19.960,0.08266846830310813,0.7109031156162785,0.786389851904666,0.9178850723339672,0.4912644792883071,0.9152648431649945,0.07866193502585256,0.48523237169873734,0.174484556942829,0.0,0.7122281884192336,0.8043859721709331,0.9468085044575224,0.16426523428646878,0.5973154614560904,3.0
2021-04-27 00:46:19.980,0.0,0.7782166296345594,0.8488318185315081,0.9118113691109543,0.4364107106032015,0.9432125029597715,0.04129317004792139,0.5672499436542227,0.08760770268050135,0.07214326647552118,0.6277887806107696,0.7021930022402981,0.960283617482424,0.17002884905945378,0.6017899061731944,3.0
2021-04-27 00:46:20.000,0.15334459148355947,0.32230231085973,0.93147546285321,0.9057376658879418,0.38155694191809597,0.9711601627545486,0.018231926421393475,0.6263634124802252,0.029081254362594264,0.4555029255747936,0.5869811072080282,0.5807017576295276,0.9758864716680273,0.1412104800936775,0.7046980111766735,3.0
2021-04-27 00:46:20.020,0.38399933061893293,0.0,0.9910498510020894,0.9010073395408513,0.30368778305288185,0.9986901715882531,0.004806359276259847,0.6770712643392502,0.0,0.6924697232140585,0.5446201806056737,0.4629385958259828,0.9843971458143966,0.16714689412253567,0.7091722726275596,3.0
2021-04-27 00:46:20.040,0.5577206424749399,0.0739387312621399,1.0,0.9020280452249718,0.2802899194292055,0.9993450857941265,0.0024031796381299235,0.7014273156614693,0.002334835304308146,0.49183781862705644,0.4685117354195582,0.3899122787257004,0.9957446629268155,0.15273770963964584,0.7404921944168679,3.0
2021-04-27 00:46:20.060,0.6162557888763388,0.25176217555876856,0.9750592973721922,0.9030487509090922,0.2568920558055293,1.0,0.0,0.7257833669836884,0.004669670608616292,0.1279621227926996,0.3736232845636153,0.3603070114464341,0.9978723314634076,0.18443803354234192,0.733780756423985,3.0
2021-04-27 00:46:20.080,0.6747909352777378,0.4295856198553971,0.9501185947443844,0.902809133579571,0.2587726147174083,0.9833852418017247,0.010857455270193368,0.723814960467974,0.05000411234644194,0.14691947591392296,0.3037277862974536,0.31030700695898095,1.0,0.21613835744503967,0.727069318431102,3.0
2021-04-27 00:46:20.100,0.8216584975480178,0.3437026801520979,0.897913166989754,0.9031329551018755,0.2853931762797705,0.960146902520076,0.019731085692102406,0.7099453697696977,0.07872756189469918,0.5813586207233938,0.2709686624821838,0.257894719931492,0.980141881365322,0.26224786583062726,0.6532438670418248,3.0
2021-04-27 00:46:20.120,0.9000377695462466,0.15815795505126418,0.8979094155861972,0.9067058188973478,0.29094610972393314,0.9349083250597049,0.028604716114011445,0.6960757790714214,0.10745101144295663,1.0,0.20989835773974727,0.1964912262122124,0.9531914374431896,0.2593659108937075,0.6107383374418562,3.0
2021-04-27 00:46:20.140,0.803930334975675,0.24074672382291204,0.8188500329955541,0.9102786826928204,0.29649904316809567,0.9096697475993339,0.06582504045001385,0.6845339197293345,0.23404931650184613,0.960768833051671,0.1732208559284786,0.16798244928320746,0.9326240717549441,0.25864542215947667,0.561521335486589,3.0
2021-04-27 00:46:20.160,0.7245230122334999,0.3016880783565283,0.7684854889551401,0.9238580066049606,0.28151691280669955,0.8229916620742687,0.11397976454432844,0.698781179782021,0.38752106734019437,0.921537666103342,0.13654335411720991,0.13947367235420255,0.9120567060666983,0.25792493342524586,0.5123043335313218,3.0
2021-04-27 00:46:20.180,0.6451156894913249,0.3626294328901445,0.7181209449147261,0.9286652726334185,0.2840580848526401,0.7858318638581219,0.17666317652940322,0.6981291327377963,0.5408178911077652,0.8225381766708348,0.07476703412402808,0.0841008688301804,0.8600472889468335,0.27881841814925346,0.3974646241219025,3.0
2021-04-27 00:46:20.200,0.5657083667491499,0.42357078742376075,0.6677564008743122,0.9334725386618762,0.2865992568985807,0.748672065641975,0.2140913112489079,0.6914038196866574,0.6127588421481031,0.8522906767565545,0.053763081859056754,0.05498902754860107,0.8080378718269682,0.29971190287325933,0.28262491471248324,3.0
2021-04-27 00:46:20.220,0.44374873497729544,0.38717093023282495,0.6430351049625919,0.9403175210575667,0.29635869764456885,0.694117712589951,0.2515194459684126,0.6846785066355185,0.6846997931884408,0.8820431768422741,0.03275912959408547,0.02587718626702178,0.7359338477637927,0.3040346385447371,0.20395233529727516,3.0
2021-04-27 00:46:20.240,0.37304455731333874,0.3014826120093508,0.6450627049904082,0.9479781923550318,0.301038763910409,0.6366339978505419,0.3084698990768143,0.6798201027164235,0.7715562309083139,0.9410215819558022,0.016803183771476625,0.003070153953930137,0.6638298237006167,0.3083573742162132,0.12527975588206708,3.0
2021-04-27 00:46:20.260,0.3134264660123166,0.3187649246646849,0.6151090745780148,0.955995256957272,0.29547902336329496,0.5778002509680625,0.3686468818238046,0.6855921973310526,0.8482073420945873,0.8988941669727464,0.007766167758199218,0.0,0.5659575067620308,0.29971150940545377,0.05145428158451268,3.0
2021-04-27 00:46:20.280,0.28240660178635624,0.5139759756513418,0.4877463081429758,0.963236631624625,0.28608265599173505,0.5201886158778313,0.39933095187645107,0.6908235170991222,0.878987242973746,0.8293838941052288,0.003883083879099609,0.002741219144473559,0.5314421240557292,0.2973101753922085,0.03728570299302465,3.0
2021-04-27 00:46:20.300,0.28720799107928197,0.5644355982606611,0.44518618590992987,0.9704780062919779,0.27668628862017536,0.4625769807876,0.4300150219290976,0.6960548368671919,0.9097671438529047,0.7598736212377112,0.0,0.005482438288947038,0.4969267413494279,0.2949088413789633,0.023117124401536626,3.0
2021-04-27 00:46:20.320,0.2920093803722077,0.6148952208699806,0.4026260636768839,0.9791281965354955,0.25731505468996607,0.39420818356829135,0.5232057425736801,0.7096842751147909,0.9686902178627488,0.8372827801043286,0.03466535863558508,0.0009868089158229405,0.4624113586431262,0.29250750736571807,0.008948545810048596,3.0
2021-04-27 00:46:20.340,0.3118312597218797,0.5325451736790924,0.36417666462373816,0.9877783867790131,0.2379438207597568,0.3258393863489827,0.5965064703544132,0.7370086294735975,0.9843451089313746,0.8640073666887286,0.0638943917500887,0.023081121469130546,0.33687956860117013,0.23342949686484762,0.0,3.0
2021-04-27 00:46:20.360,0.3375571704564241,0.6497325481570088,0.2558425142869685,0.9938891933895064,0.2012043019886842,0.2801272923371908,0.6698071981351462,0.7643329838324041,1.0,0.8907319532731285,0.09312342486459231,0.04517543402243807,0.2968085625568105,0.20172917296215154,0.016778480440821014,3.0
2021-04-27 00:46:20.380,0.35756432547937644,0.69105723601872,0.2540494385716626,1.0,0.16446478321761157,0.23441519832539898,0.7311528154724963,0.8125479702344327,0.9884571895328735,0.844523430362708,0.12104633294356568,0.06765350460135382,0.2567375565124508,0.17002884905945378,0.03355696088164203,3.0
2021-04-27 00:46:20.400,0.357014064948973,0.6075994051655385,0.2944974972539166,0.5033546426132978,0.13127309304448131,0.19542413679250922,0.7924984328098463,0.8607629566364612,0.9769143790657475,0.7983149074522876,0.14896924102253906,0.09013157518026957,0.2000001161985757,0.1383285251567577,0.02460852961298016,3.0
2021-04-27 00:46:20.420,0.36573845617602974,0.6269472666512794,0.27773083421920586,0.006709285226595386,0.09808140287135114,0.1564330752596195,0.8533564206974744,0.9088856379970212,0.9412037114100456,0.7161664124604761,0.20333240955111792,0.13947367235420255,0.14468087949539635,0.10374639386756827,0.08053679774905063,3.0
2021-04-27 00:46:20.440,0.39439469705598545,0.6934478055236772,0.234222173348215,0.013877475634989138,0.05815422026057758,0.1076466646891163,0.8879252956324019,0.9357740088713534,0.9127962520266749,0.6445497690593168,0.2352443011963356,0.17916666808769352,0.09929081104572066,0.08357374216212159,0.13199107933356333,3.0
2021-04-27 00:46:20.460,0.40891467245591956,0.7310323537589388,0.18449402692567107,0.01847098934098186,0.040666009462312296,0.07885594221938523,0.919142198935674,0.9544641495172688,0.8811032507331773,0.6771985247226538,0.2720982938179553,0.21929823160058468,0.07375893385483275,0.06051869286847404,0.18120813855952364,3.0
2021-04-27 00:46:20.480,0.4118675685028784,0.7048809607755108,0.20802070237248843,0.02222134564714033,0.024727454995272794,0.05500705075241648,0.9447113132878392,0.9715245474769946,0.8520028067838047,0.7682991141478358,0.3287207192392614,0.27730261591419286,0.059574573776363764,0.025936709129712753,0.18120813855952364,3.0
2021-04-27 00:46:20.500,0.42324925921672757,0.6096605902818261,0.2585047174179683,0.024807344390365936,0.009001374156460419,0.03690565808339297,0.9640036126121266,0.9883835842684303,0.8286938390179348,0.6793049104139138,0.3534940088991822,0.3145955047848687,0.04964555077107962,0.0028819549369198034,0.18120813855952364,3.0
2021-04-27 00:46:20.520,0.43770855248058194,0.6195661942557501,0.27185512840942394,0.02764348773013561,0.0,0.01802494434951717,0.9783464952005549,1.0,0.8098955284050257,0.5903107066799919,0.37826729855910307,0.3518883936555445,0.03687953955152592,0.0,0.20805389053105616,3.0
2021-04-27 00:46:20.540,0.45216784574443636,0.6294717982296743,0.2852055394008796,0.028974120338430297,0.012194156393849137,0.011417520850313162,0.9855117328046945,0.9919934565520497,0.797015683888121,0.50131650294607,0.4030405882190239,0.3891812825262203,0.03971638251757598,0.008645569709903133,0.18120813855952364,3.0
2021-04-27 00:46:20.560,0.48629825569826995,0.6872785552061103,0.268190471860498,0.030304752946724984,0.0243883127876982,0.0048100973511091575,0.992676970408834,0.9839869131040995,0.7841358393712163,0.40231703808183517,0.4439424070051451,0.433991225090349,0.03262420247834149,0.03170032390269608,0.19463101454529022,3.0
2021-04-27 00:46:20.580,0.4855986465289335,0.6947652351959936,0.28301951256165886,0.031775391234724254,0.05904129765842571,0.0,1.0,0.9348257983532464,0.761195081003818,0.5055292384100629,0.46258120846906015,0.4247806989682286,0.03687946692741658,0.03170047145312422,0.17449670056664132,3.0
2021-04-27 00:46:20.600,0.4777493401625992,0.6194071390210087,0.32851908809314595,0.03212997189749561,0.07298220267771575,0.00036116183540337287,0.9982633576909982,0.9050926084624074,0.756794481775025,0.5708267600812728,0.4810788080385891,0.42434210211013157,0.04822705666394484,0.05475507809548903,0.15436238658799178,3.0
2021-04-27 00:46:20.620,0.4878939134625528,0.5977910413195477,0.34988190077683173,0.032484552560266965,0.08692310769700579,0.0007223236708067457,0.9935911056211157,0.8796399836918609,0.7579187412612635,0.522906808512665,0.4895509875802443,0.43771929712768703,0.05744690523977175,0.0605188404189005,0.12975385697501163,3.0
2021-04-27 00:46:20.640,0.4980384867625064,0.5761749436180869,0.3712447134605175,0.03292747860563049,0.12455547055913344,0.006648352478970871,0.9894564795443713,0.8550775231124806,0.7578486820921443,0.40810956432285134,0.4913866272321824,0.45482456059261805,0.06666675381559825,0.06628260274231365,0.10514532736203146,3.0
2021-04-27 00:46:20.660,0.5189890546223365,0.645764300195703,0.3527967721356046,0.033701895043315104,0.17620565556699003,0.013018518678033534,0.985321853467627,0.8305150625331005,0.7577786229230247,0.30858349276310293,0.48771535023983265,0.470175438061146,0.08085111389406724,0.09221901677117181,0.100671340810473,3.0
2021-04-27 00:46:20.680,0.5198424453662112,0.6502629912895866,0.38214975804566886,0.034222820468448344,0.2244359144090141,0.01731114532024793,0.9760947287634312,0.7597395978839696,0.7514130541785589,0.3206951338377113,0.48587971405518404,0.4763157872535757,0.08652494507438645,0.12680129561078768,0.11409398771346613,3.0
2021-04-27 00:46:20.700,0.5199521835051479,0.6489745029721549,0.4078458869667394,0.03444379547212913,0.27144620656046214,0.022146852263925734,0.9691571830766234,0.7105967071356464,0.7462853610159614,0.4555029255747936,0.4913866272321824,0.4719298258525304,0.09184404379175713,0.12031704455314711,0.10178972290697573,3.0
2021-04-27 00:46:20.720,0.5302470586420508,0.6139642784850147,0.42561289535454183,0.034180850834357034,0.30586245900288944,0.028406388352101054,0.9613195872211624,0.674816415603024,0.7459521198542651,0.5860979564175657,0.4984467843626888,0.46425438711826644,0.09716314250912823,0.11383279349550485,0.08948545810048532,3.0
2021-04-27 00:46:20.740,0.5582337096628179,0.5976312397214975,0.40822297861218454,0.03374210780900267,0.3273232992662404,0.03542373772752569,0.9533121971624,0.6525901757388365,0.7499191129470364,0.6292785748781354,0.4995764041408288,0.4614035098741113,0.11205682226527394,0.1354465702198379,0.1051453273620308,3.0
2021-04-27 00:46:20.760,0.5705951928903503,0.5744840205367584,0.4086802719062091,0.0332231065730736,0.3448043160755186,0.04265539207326162,0.9452636636284073,0.6345386652006767,0.75496349581921,0.5824118052359255,0.4939282821348658,0.46118420803459825,0.12482283348482764,0.1412104800936775,0.09172245137626486,3.0
2021-04-27 00:46:20.780,0.5646037914999511,0.5846074185059824,0.42282504959971406,0.03302194049303598,0.3560408598219391,0.045903682754327796,0.941374310323538,0.6237525730524071,0.7564354131963418,0.5050026411970404,0.48531490185458775,0.45701754488310337,0.1257684478068442,0.14024982844803757,0.09023112252574539,3.0
2021-04-27 00:46:20.800,0.558612390109552,0.5947308164752065,0.436969827293219,0.03282077441299837,0.3672774035683595,0.049151973435393966,0.9374849570186689,0.6129664809041375,0.7579073305734735,0.49894682604751517,0.4818201254965757,0.4509320171118439,0.12671406212886074,0.13928917680239764,0.08873979367522655,3.0
2021-04-27 00:46:20.820,0.5585673468872612,0.6322965991257673,0.44381340865853064,0.03261960833296076,0.37851394731478,0.052400264116460135,0.9272237075154323,0.573056825894548,0.7566327690168824,0.49289101089799,0.4783253491385638,0.4448464893405844,0.1276596764508773,0.1383285251567577,0.08724846482470706,3.0
2021-04-27 00:46:20.840,0.5788567981054148,0.6247399255691554,0.44349286483043493,0.03247518259544654,0.42879704437472,0.06247559382941269,0.9186931633470402,0.5376402913440889,0.7539344480934558,0.609794637259048,0.4716888063594387,0.4268640319799611,0.1439717050659383,0.15994244943151723,0.042505621233077356,3.0
2021-04-27 00:46:20.860,0.5915371332758583,0.6202870054786147,0.441702561066411,0.03255354450361699,0.45214846076135956,0.06872643288092872,0.9140151290389524,0.5247554796803844,0.754732214674218,0.6003159652241706,0.45975714746607854,0.42127192661642593,0.14326238538826158,0.16426523428647047,0.05592826813607048,3.0
2021-04-27 00:46:20.880,0.5943199214567951,0.6226881058311361,0.45160738123924205,0.032572172886057564,0.4596189164183749,0.07224586145744254,0.910131476532314,0.5171858101622929,0.7565508083777022,0.563981054931015,0.4511437614069848,0.4214912248659764,0.1531915536417652,0.15273770963964584,0.05592826813607048,3.0
2021-04-27 00:46:20.900,0.5910497362909714,0.6599924958048415,0.4597289459754215,0.03270527658274713,0.4675162014801257,0.07468011624448502,0.9073119431674067,0.5091950470133737,0.7567866292586964,0.5755660987926009,0.44690766990251257,0.41864034744232304,0.1531915536417652,0.17579275893329338,0.06935114412183642,3.0
2021-04-27 00:46:20.920,0.6028457156105866,0.6991116652017176,0.44498393027495775,0.033071904343144706,0.47728145597302796,0.07561722045835265,0.9056098314076878,0.4952629108956878,0.7531007930591608,0.5997893723213713,0.4450720302505745,0.41206139995581115,0.16453907075418414,0.1786744187693586,0.07382558883894048,3.0
2021-04-27 00:46:20.940,0.6091772751983563,0.7094179492584061,0.4305882928661407,0.03353320778974818,0.4853445792111411,0.07579623793063983,0.9055016506172636,0.490511601445537,0.7512357284094345,0.6134807877941546,0.4431657893047146,0.4101973646551346,0.17163125079341862,0.16426523428647047,0.042505621233077356,3.0
2021-04-27 00:46:20.960,0.6244384650886454,0.6978419921628307,0.4262007321731903,0.034102684133787066,0.49074149301914344,0.07545666709807061,0.9053934698268395,0.48576029199538606,0.7493706637597083,0.627172203266938,0.4412595483588547,0.40833332935445815,0.16312072189526886,0.16426523428647047,0.082774020107603,3.0
2021-04-27 00:46:20.980,0.6220570624766569,0.6956306558230793,0.4270805659266622,0.03467743108303735,0.49340055028578444,0.07462036052849143,0.9067017460127925,0.484520872361175,0.7472200558502041,0.6943128048391911,0.4356114258905863,0.4032894701532934,0.16170222778813406,0.14985634490443525,0.07382558883894048,3.0
2021-04-27 00:46:21.000,0.6196756598646684,0.6934193194833279,0.4279603996801341,0.03514026830364417,0.49054370014751236,0.0735422727729899,0.9088718933072482,0.4921813003576992,0.7477493645289811,0.706161142997065,0.43081052218551774,0.40570175018035526,0.16170222778813406,0.12680129561078768,0.07382558883894048,3.0
2021-04-27 00:46:21.020,0.6223922964149003,0.667051516180838,0.4393548968862343,0.03568037984721913,0.4821988402244115,0.0715186631659519,0.9102445274332266,0.4939547395046884,0.7467636896863863,0.6519220740087311,0.42487999407925653,0.4155701721640152,0.1673759137202342,0.12680129561078768,0.07382558883894048,3.0
2021-04-27 00:46:21.040,0.6122634608154202,0.6818100135711765,0.43527032558039536,0.03589807815189266,0.48193502577361585,0.07008407418799359,0.9116171615592047,0.4957281786516776,0.7457780148437915,0.6155871594053521,0.4227619483270204,0.4208333301173252,0.16453907075418414,0.10086458648107494,0.082774020107603,3.0
2021-04-27 00:46:21.060,0.6067199112353338,0.6828475891762188,0.4364266702508435,0.036115776456566266,0.4816712113228201,0.06864948521003528,0.9130413349731868,0.492363640809168,0.7425422259863402,0.6330963728846529,0.42311495595239307,0.42165569855313917,0.1531915536417652,0.10374683651884933,0.08724846482470706,3.0
2021-04-27 00:46:21.080,0.6011763616552472,0.683885164781261,0.4375830149212917,0.036346902255469105,0.48752481795495844,0.06649346426017586,0.914465508387169,0.48899910296665855,0.7393064371288891,0.6506055863639537,0.4234679635777657,0.4224780669889531,0.15035471067571515,0.10951015619097974,0.0380314055987461,3.0
2021-04-27 00:46:21.100,0.5880274277957371,0.6632729967670375,0.45310186426839627,0.03633262421383803,0.4930166756873853,0.06492724863443296,0.9157346038012826,0.4834683525266045,0.7353166226605378,0.706161142997065,0.4323637559683103,0.4278508741029379,0.15177305953463044,0.10662820125405995,0.06935114412183642,3.0
