2021-04-19 17:04:52.100,0.3176380096079819,0.7440144233553586,0.45022408522783036,0.5678525159349042,0.890490238703807,0.02130966747345252,0.9475510419614886,0.09760358031265957,0.8349085768618079,0.5350908505409786,0.4634987280676617,0.4928442186938128,0.010948950801849737,0.9125683121263696,0.013840830131056869,3.0
2021-04-19 17:04:52.120,0.6658592350093746,0.8215330067632587,0.03256921808254627,0.5651316778670422,0.9059011886057243,0.015297287341707275,0.9538134798062534,0.08361232301957507,0.8277019327925844,0.5393658773693165,0.4291518109306457,0.4842901803847581,0.014598538782034336,0.8688524681895543,0.013840830131056869,3.0
2021-04-19 17:04:52.140,0.9435341232830374,0.867153912544164,0.7230148307309326,0.5692125526325391,0.9006999237239232,0.010811953317711523,0.9594616590418972,0.08832517528590894,0.8276669154994807,0.5525472093309021,0.49415242640128,0.4757361422372782,0.014598538782034336,0.8579236470960507,0.013840830131056869,3.0
2021-04-19 17:04:52.160,0.3378985852203132,0.7492790628486152,0.5012042897699542,0.5645260904210379,0.8997531173002687,0.01919005760373276,0.9495475232942964,0.08918408693904491,0.8311460804751082,0.5422158950313177,0.4601748329785208,0.4944892260454027,0.010948950801849737,0.9016389314700618,0.013840830131056869,3.0
2021-04-19 17:04:52.180,0.5838353550587758,0.8326773926374149,0.0,0.5579849148383306,0.9195614816729021,0.013726397608177888,0.9548333057097823,0.07127877985550346,0.8226367079539855,0.5122907087842461,0.44367846463816907,0.49514722898603863,0.0,0.8852459796112085,0.012110748510002914,3.0
2021-04-19 17:04:52.200,0.9436855737681719,0.9125514849067817,0.6170357460661198,0.5625355479248989,0.9172935282955375,0.010221616441747206,0.9591131270723686,0.07332203443043807,0.8220345595223555,0.5635910309809056,0.46706883823408385,0.48988320546095104,0.010948950801849737,0.8579236470960507,0.013840830131056869,3.0
2021-04-19 17:04:52.220,0.41927349875160985,0.7747050435705685,0.6657612517952707,0.5591311756766293,0.9124100342073899,0.01524071865303609,0.9534836057776482,0.07772747903224926,0.8255564051500641,0.576059855667887,0.4796257757166969,0.49383122310476674,0.003649774841481069,0.8360654453462395,0.003460234107157876,3.0
2021-04-19 17:04:52.240,0.4526877537698319,0.7856600586929051,0.02250363873116698,0.543836477093526,0.9330211987020364,0.017783706789467172,0.9492199437433277,0.05919001004430765,0.8196858464313993,0.56715355198679,0.4328450297340434,0.5040302686846239,0.003649774841481069,0.8633872182985963,0.020761262912847953,3.0
2021-04-19 17:04:52.260,0.892550166064823,0.8938935646590592,0.41017185391445443,0.5469091310468461,0.9273712269889468,0.012254618762213041,0.9560770677313959,0.06425674708634765,0.8194960718611735,0.5233345272266879,0.4827650101377325,0.48708669296324825,0.005474475400924868,0.8524589567678968,0.0017301347698415238,3.0
2021-04-19 17:04:52.280,0.6146158401778872,0.8314032528032672,0.8182111701483706,0.5478685291763736,0.9241277009372353,0.015008736900448518,0.95303651741996,0.06717058748644004,0.821613543094994,0.52832205797627,0.45451190054994145,0.5013982569220801,0.023722789024440274,0.8688524681895543,0.01903116357553135,3.0
2021-04-19 17:04:52.300,0.32474833887518195,0.7573902397604195,0.21816589315797538,0.5364426583244211,0.935123848249357,0.025029810689118862,0.9405590582131186,0.05730746746446239,0.8215618792832231,0.5418596428140907,0.4477410026012603,0.503372265743988,0.016423426202774604,0.8852459796112085,0.015570964900898392,3.0
2021-04-19 17:04:52.320,0.8159450906084093,0.8584643237673686,0.4114272543173105,0.5375740745404504,0.9443015075575099,0.018408015727271566,0.9477949588154329,0.04910800844595974,0.816126801581989,0.5415033906158174,0.4598670646407808,0.5004935028787056,0.009124063381108936,0.8688524681895543,0.013840830131056869,3.0
2021-04-19 17:04:52.340,0.6479328176019827,0.8223466143554471,0.5185359640178575,0.5398310888114852,0.9385422182568494,0.017188491972727853,0.9481506518414996,0.055662415603535846,0.8186214111912498,0.5411471384175441,0.4719931266803014,0.49761474001342343,0.020073014182959203,0.8524589567678968,0.020761262912847953,3.0
2021-04-19 17:04:52.360,0.6645808681937632,0.843709699818046,0.43751980935260065,0.5397009282377215,0.9353835030476968,0.01978539774306117,0.945137749577314,0.05916183100839321,0.8209278746940674,0.5411471384671156,0.4726086633154754,0.5043592712321078,0.016423426202774604,0.9016389314700618,0.03287199370658822,3.0
2021-04-19 17:04:52.380,0.6336572220176387,0.8498747193380078,0.38957061981661856,0.5397780604295814,0.9321228076871286,0.022212534786086275,0.9429747838867443,0.06082851119428782,0.8222320613128833,0.5329533373834145,0.47913334580396955,0.514558315734799,0.023722789024440274,0.8688524681895543,0.01903116357553135,3.0
2021-04-19 17:04:52.400,0.6249825883236062,0.8687439828378861,0.38153091324535626,0.5386420229313675,0.9298419153318916,0.026077700337816923,0.9396255814234911,0.062039624200205125,0.8236916544656235,0.5236907797355115,0.4879970681107132,0.5300213875326586,0.029197077564068672,0.8415306952371975,0.02595157864105978,3.0
2021-04-19 17:04:52.420,0.6051353209155729,0.8762367664579024,0.3583671985338737,0.5364898020520321,0.929867180619011,0.03042953688384423,0.934475026211345,0.06201706267339816,0.8251521629640195,0.5190595009115598,0.5058476159198836,0.5458134554150066,0.03649644038573381,0.8469942664397431,0.013840830131056869,3.0
2021-04-19 17:04:52.440,0.5984451094296599,0.9144171680161429,0.3267607841936185,0.5338952347017067,0.9295833691720166,0.03693634355011039,0.9267744653087311,0.06227164379461861,0.8273447351158162,0.4766654841455764,0.5299766302535377,0.5724625798965919,0.04927009174702788,0.9125683121263696,0.013840830131056869,3.0
2021-04-19 17:04:52.460,0.5941160723174168,0.9567622865368042,0.2697586542581869,0.5307185187826445,0.9333897042928039,0.046086936275225206,0.9157098899057373,0.05885985787222559,0.8288105653912794,0.42215889199387346,0.5577988593600025,0.6142457693198893,0.0638686305290622,0.874316598954904,0.015570964900898392,3.0
2021-04-19 17:04:52.480,0.5766806157175893,0.9957351187429435,0.21307567998612995,0.5254555765535759,0.9426562589010176,0.05901475183523304,0.8999124358744535,0.05057562387100079,0.8291325329038611,0.39365871461570995,0.5917764659023224,0.664582986199795,0.09489059551387115,0.9617482868285345,0.01903116357553135,3.0
2021-04-19 17:04:52.500,0.5564703574670882,1.0,0.17762733042506135,0.40047599206502577,0.9563449097731377,0.07738628760285304,0.8775382822162094,0.038393844943211845,0.8285165904260726,0.38688994290015255,0.6325249547747986,0.7103141959598228,0.15054751294154634,0.9781417982501888,0.031141894369271613,3.0
2021-04-19 17:04:52.520,0.5262850196834741,0.9670919188392284,0.15977781933998939,0.38283865250393273,0.9716124368673428,0.1033260583811377,0.8462887052860405,0.02488697429865365,0.8273113675736031,0.39258995504806354,0.6784439511812079,0.7501233630966386,0.23357662051254938,1.0,0.058823554631385354,3.0
2021-04-19 17:04:52.540,0.4967376471769303,0.9572034791901055,0.1463728424156731,0.35758740145385864,0.9862485943558317,0.13764127757057495,0.8054035307617842,0.012018541798312674,0.8246594728431135,0.4000712603577271,0.7242398333078198,0.7935515841077584,0.29927013846235184,0.9781423578129929,0.07439448409975882,3.0
2021-04-19 17:04:52.560,0.4801065033996672,0.9674495402240099,0.12504764766062906,0.3250907446107411,0.9968640118793762,0.1805733290099932,0.7547847003447318,0.0027345558586048873,0.8194081561040188,0.41717136678462524,0.7681891221550807,0.8415857772308648,0.37226283237252356,0.9890706193436922,0.11245677581829648,3.0
2021-04-19 17:04:52.580,0.4816877711855472,0.9704518456223112,0.11489985651756017,0.28637919465513784,1.0,0.2312739571150004,0.6955284435940888,0.0,0.8100268636281621,0.45849662398296237,0.8084451740613025,0.8866590029006597,0.44343063886195494,0.9398906446415274,0.12456747117951182,3.0
2021-04-19 17:04:52.600,0.4748607017421757,0.9308871102465565,0.12392214820686039,0.24322622680704403,0.9922097725558755,0.28809111227935863,0.629526585900074,0.0067998026450113306,0.7951495058858781,0.5080156821775215,0.8453773620952798,0.9235071514187844,0.5182482201928669,0.8852459796112085,0.1505190498205716,3.0
2021-04-19 17:04:52.620,0.4506240803638004,0.8431515604258865,0.15378816504662393,0.1991500830376251,0.971752825506625,0.3488485638876014,0.559232683238413,0.024762968242554195,0.773487361342509,0.5571784881548536,0.8804628863146338,0.9432472396378628,0.6021896780435918,0.8797812892830547,0.2058823703447991,3.0
2021-04-19 17:04:52.640,0.420386836317059,0.7907830986807627,0.2007860130509747,0.1597427641401467,0.9357599441558967,0.41163519065724347,0.4866001117908698,0.05673793987170865,0.7447758951035849,0.5436409039002259,0.9202265415604709,0.9554202913467131,0.6788321467952446,0.8469942664397431,0.25951560924797273,3.0
2021-04-19 17:04:52.660,0.4200930147827757,0.7910064415699553,0.23245689837730502,0.12539815961592798,0.8901475527193912,0.4767462333277606,0.4124305587774866,0.0979155076017736,0.7050042753773298,0.5001781304825613,0.9485411935261356,0.987333458203789,0.753649728126157,0.7650272688942664,0.3148789297722002,3.0
2021-04-19 17:04:52.680,0.3863653172783056,0.8211399641925907,0.22981314727931393,0.09274281658671277,0.8358187247507953,0.5443585413527441,0.33785366657771276,0.14788021363376155,0.6519175694282708,0.5758817345164143,0.9689769900640389,1.0,0.8193430592146631,0.6229509159903172,0.3910034777767503,3.0
2021-04-19 17:04:52.700,0.3587200825718158,0.7499944760944738,0.27001638934956257,0.06644090539562117,0.7710435757992368,0.6105155745527248,0.2676826940257241,0.2086871696953821,0.5890707881988011,0.6911293279557492,0.9828573416658465,0.9425892461224284,0.8740874395013194,0.5136604668040745,0.4584775290947182,3.0
2021-04-19 17:04:52.720,0.26096176300546,0.5323104812416077,0.3896598276957787,0.054960676296387914,0.695630953253623,0.6715172027654924,0.1788656938702058,0.32076272518556076,0.48642463417566945,0.8063769213950841,0.9967376932676543,0.8851784922448568,0.925182418669088,0.4207652077278985,0.5276816797500026,3.0
2021-04-19 17:04:52.740,0.16873888637454207,0.42365157062131614,0.5063912948239394,0.06235023949628672,0.6146814692930279,0.72800129868907,0.10668806589596051,0.43815041320521436,0.37290847375982766,0.7516922075087155,1.0,0.7705214811855003,0.9543794962331568,0.3169405679954148,0.6020761284172363,3.0
2021-04-19 17:04:52.760,0.08390932822868692,0.45938839336954423,0.5455039643335542,0.08206748850684614,0.5370362822768346,0.7827359394700764,0.070360401686116,0.5068530436397184,0.28854531146086654,0.6284289345162277,0.962698539661903,0.7020891592018734,0.9817516863764846,0.25683065307414116,0.7006920386719508,3.0
2021-04-19 17:04:52.780,0.02041572168640083,0.5651509931754835,0.5800763037227207,0.10431580379598425,0.4694391816371613,0.8363098038702204,0.0442670875832816,0.563887082965433,0.20543431008810986,0.578197366055284,0.905946101297841,0.6566869401405049,0.9835765737972254,0.22950888012178433,0.7802768207836591,3.0
2021-04-19 17:04:52.800,0.0,0.4636681250061384,0.7336139835650308,0.1338436857950345,0.3905290964819989,0.9063522615004665,0.02732935165525156,0.6125237146943829,0.1327355252011657,0.6765229896738091,0.8362674293665828,0.6020727122252095,0.9963504120198159,0.1912571669503188,0.8546712871671555,3.0
2021-04-19 17:04:52.820,0.03771949899995336,0.3184029625294902,0.8664068558444558,0.17149495070895543,0.3281536246622438,0.9582474876610693,0.017345516046065986,0.6531617819732108,0.07666016246878755,0.7905237079343588,0.7619106566382438,0.5527224916775134,0.9835765737972254,0.1530054537788533,0.896193777560326,3.0
2021-04-19 17:04:52.840,0.136687806889379,0.38880703974665254,1.0,0.20891636501579666,0.2941517704702463,0.9788510418766949,0.011510847220598022,0.6888311715953664,0.039120417282327985,0.696829357307855,0.6837375528420032,0.5211383478340733,0.9799269858170407,0.1530054537788533,0.944636683019025,3.0
2021-04-19 17:04:52.860,0.2755704866503372,0.6712750766013926,0.9634244268613564,0.24292202010207894,0.26088853206808815,0.9912977922182176,0.007546218495903387,0.7238692044284336,0.01628747965540506,0.39223371157873216,0.6037178658428792,0.5178483317844361,0.9762773978368567,0.14207719224815388,0.9584775131500819,3.0
2021-04-19 17:04:52.880,0.3260143870610089,0.9619526267778464,0.8836787212013095,0.0,0.4271092644721183,0.9936623788289927,0.025549130963737218,0.5503305513445942,0.010990329643494818,0.09618809865130194,0.5312077015085923,0.5408784387460664,0.9799269858170407,0.0628414207411459,0.9723183388520732,3.0
2021-04-19 17:04:52.900,0.38966884259712065,0.8716627453803837,0.8663941658648867,0.03901000499281338,0.30162819487943343,1.0,0.01084863321233339,0.6809743623343548,0.0,0.0,0.47827159622772536,0.5412074402163844,0.9689780350151911,0.03825143339006504,1.0,3.0
2021-04-19 17:04:52.920,0.5097610431386621,0.6561007883136454,0.9014415870334754,0.07512974706874803,0.18360262268617747,0.9931576758421672,0.0016424703793144326,0.8057451864895642,0.013132223576633411,0.1022443834281965,0.44146253456530654,0.5115973025019372,0.9703466538654222,0.019125716695030926,0.9887543250756098,3.0
2021-04-19 17:04:52.940,0.6229506816346178,0.4546333169950746,0.9296634590646159,0.08508894264315547,0.13643117339888056,0.9789933312162974,0.0,0.8559821312854073,0.03983222625221005,0.3117207046534898,0.41167058278499213,0.47968415988109386,0.9717152727156533,0.0,0.9775086501512195,3.0
2021-04-19 17:04:52.960,0.6583024139764637,0.34946463387322135,0.9127138228092263,0.09170868002300332,0.12005207870033074,0.9632230258123539,0.0010094068520548698,0.8734634536668864,0.06944858511222265,0.5030281482203777,0.3834790249461897,0.4668531025386929,0.9726276229953751,0.03278674306191118,0.9567474049546342,3.0
2021-04-19 17:04:52.980,0.6209057680881348,0.4084110750228578,0.8367897821355395,0.11010404284892737,0.10243112803806251,0.9444180821148164,0.0032397860919739403,0.8922881292442535,0.10470615112897892,0.607766303001094,0.3511018335059634,0.4721171260637805,0.9854014612179657,0.049180254483565417,0.9377162679534966,3.0
2021-04-19 17:04:53.000,0.5873604460801216,0.4779390272018323,0.7649201899341905,0.13469957052828815,0.08100846936186286,0.922642703850091,0.007049517162700808,0.9151964484929026,0.14540678283434752,0.6334164597254759,0.31441588410804844,0.48132916669410075,0.9799269858170407,0.08196727732688026,0.9186851220942278,3.0
2021-04-19 17:04:53.020,0.5467508653494118,0.4824496689809677,0.7167616692795353,0.15965216706134544,0.057643872871166894,0.8977161372839265,0.013113960367855173,0.9402069823746187,0.19171151188061292,0.5792661256229303,0.2766219565742945,0.49514722898603863,1.0,0.08743140809222996,0.8823529474292692,3.0
2021-04-19 17:04:53.040,0.49175346090490185,0.4866332330449699,0.6623155743048368,0.1797715341152441,0.033707901620519606,0.8699021864663379,0.021995303555390172,0.9658494055194135,0.24287175581835693,0.4745279708422142,0.2359965618286806,0.5013982569220801,0.9890510491981502,0.06557376590522283,0.8287197262423581,3.0
2021-04-19 17:04:53.060,0.4241738739132585,0.45003263531908766,0.6040984993001504,0.19153342870130424,0.013503088132866048,0.8390830963645852,0.03440899914705844,0.9875080009935195,0.2987254346052126,0.34307090268543483,0.17985968478713787,0.46635960033321594,0.9945255245990752,0.08196727732688026,0.8027681653175609,3.0
2021-04-19 17:04:53.080,0.37538185732884477,0.37102310411251616,0.5624520210345246,0.19551481291329217,0.0018537281198018581,0.8050870882698352,0.051090014872624365,1.0,0.35909091598986737,0.3132347802216612,0.14397392782556845,0.41890113420047614,0.9908757497575941,0.09289609842038064,0.7301038159876436,3.0
2021-04-19 17:04:53.100,0.3381992890316956,0.3291881832612981,0.5481306455349771,0.1960857241195938,0.0,0.7679891822119517,0.08617612988448353,0.9980361974976917,0.45669695864038123,0.28339865775788753,0.10808817086399901,0.3714426680677364,0.9908757497575941,0.13114781159184616,0.6747404954634162,3.0
2021-04-19 17:04:53.120,0.27875845918287856,0.30244799130479977,0.5249646059335668,0.1956260229054348,0.00737033937798229,0.7279005875284449,0.13314714912950046,0.9756534886313426,0.5592114678641948,0.3455646682060241,0.06241538286424966,0.27142622647690184,0.9689780350151911,0.14207719224815388,0.6124567598736602,3.0
2021-04-19 17:04:53.140,0.20951651551021308,0.21904083463224436,0.5013811463206582,0.19669955673093478,0.0245611558207175,0.6846249719232211,0.17256232287102152,0.9516546242245324,0.6273116519693696,0.38795867330814676,0.048996651871994104,0.22832702847941785,0.9489050208322318,0.25683065307414116,0.5380622934901639,3.0
