2021-04-27 14:43:03.580,0.5543266199649101,0.10026203539318132,0.8809891632799964,0.8526099032874004,0.15700275088506113,0.9301589938578698,0.32523574044631476,0.7583115199515723,0.9671363949298446,0.5995392535151746,0.6491671602731351,0.43405149241274016,0.294392308708209,0.24309422271605516,0.010989011375437764,4.0
2021-04-27 14:43:03.600,0.5679870258170568,0.16948552623477622,0.23452445230629781,0.8553581112696931,0.16505873647196417,0.9274373735497957,0.33707708705782374,0.7464821352346058,0.9629268227510364,0.6067063358634626,0.6589655204566851,0.40812751034727346,0.29906526515854676,0.2334256253472252,0.009615367371089686,4.0
2021-04-27 14:43:03.620,0.8942109732887596,0.27385073045249475,0.8411737308940156,0.8559168258778851,0.15039253017438184,0.9240876698730034,0.35543042193797203,0.7680639047079415,0.9684877547497494,0.6086260906840154,0.6530865043364245,0.4021720016125922,0.30373822160888453,0.2237570279783968,0.00824172336674181,4.0
2021-04-27 14:43:03.640,0.33110654090416547,0.0,0.49890954006360316,0.855676925267079,0.1445874341005262,0.9249819863173342,0.35203011761141495,0.7766623793357998,0.9712175113143854,0.6115697137784406,0.6592749426954386,0.38045191666805134,0.2897197111363334,0.20441983324073845,0.009615332206253374,4.0
2021-04-27 14:43:03.660,0.9799643302460767,0.2553707562554332,0.45471235537824234,0.8591241802754851,0.13516798966397156,0.9176563613278981,0.389034553366223,0.7906808972309428,0.9731254588626215,0.6195046971435721,0.6834098523293625,0.36784025111225577,0.261682211686614,0.17679559261316924,0.006868114527230246,4.0
2021-04-27 14:43:03.680,0.5035751102927174,0.11534586086334027,0.8527348556079806,0.8592622332530355,0.11980323530022823,0.9184222478535004,0.38792037948262714,0.8137199839333129,0.9796847708590625,0.605938434186656,0.661853458199971,0.36538797420741265,0.28037403748796647,0.1602215008333443,0.005494435358045857,4.0
2021-04-27 14:43:03.700,0.5590287016327554,0.17435569004314233,0.23475688653320534,0.8632088814828053,0.12682761904302955,0.9152074627704915,0.4023947200170687,0.803160708826726,0.975823760174386,0.6140014017931251,0.6795936488828774,0.3548782586458012,0.2523365380382457,0.12154711135802758,0.010989011375437764,4.0
2021-04-27 14:43:03.720,0.949081888733061,0.31090146662893386,0.7985952222949627,0.8649386550854314,0.11130409287540977,0.9122416288552446,0.419669877465024,0.8265543259367243,0.9811301721566256,0.6044026308330429,0.6716518200888413,0.37029251654732914,0.25700961411473844,0.15469642640947054,0.0027472176790229283,4.0
2021-04-27 14:43:03.740,0.3242948763746398,0.08322475726427846,0.5585126232474075,0.8650876437830433,0.10389077406248926,0.9138289981987999,0.41318279371799477,0.8378002575396395,0.9845810890354958,0.5930120892937455,0.6382342530852397,0.36258538759656517,0.20560769129179102,0.1436468433076212,0.0027472176790229283,4.0
2021-04-27 14:43:03.760,0.8524182684664242,0.32863048041780274,0.35030861016607956,0.8698479263665245,0.10078862832618554,0.9036153015117535,0.46400578581846047,0.8425200263117598,0.9821604938286618,0.606258393532927,0.6861946485947417,0.36100892653464833,0.17757019184207026,0.11049752825617824,0.0027472176790229283,4.0
2021-04-27 14:43:03.780,0.6651293103228536,0.24423068022864897,0.8948802250520118,0.8708485867050171,0.08802958255398194,0.903480612154773,0.4671973525832198,0.8620182100709631,0.9869776874514788,0.6143853526315284,0.647620050750919,0.3801015926248348,0.182243267918563,0.07182370452675968,0.0013735385098385391,4.0
2021-04-27 14:43:03.800,0.39670564208870746,0.12401325319058118,0.3161734565084318,0.872623417711783,0.0901653904339079,0.9056469445143729,0.4621491223401725,0.8664429115708868,0.9884765951070204,0.6183528446283624,0.647620050750919,0.3765983493252269,0.16822403968908614,0.06077355567901218,0.012362549885276302,4.0
2021-04-27 14:43:03.820,0.5859209198831751,0.26921267183365616,0.5552876721559208,0.8733673543304751,0.08014092170430985,0.9035817374232208,0.46283937522399154,0.8591343596254847,0.9861085435490722,0.6191207452576084,0.6475169102016519,0.3758977012387938,0.14018701874398254,0.06077355567901218,0.009615332206253374,4.0
2021-04-27 14:43:03.840,0.6112124825057765,0.2632242914406509,0.5576730450447819,0.8183296932208882,0.13093818115297953,0.9125710803468983,0.4635296281078107,0.8518258076800826,0.9837404919911237,0.6177129255167964,0.6438038468823251,0.38325450901378366,0.14953269239235087,0.06077355567901218,0.012362549885276302,4.0
2021-04-27 14:43:03.860,0.6365040451283782,0.2572359110476456,0.560058417933643,0.8136774253455309,0.05914511388629691,0.8955022672080146,0.5397114295919937,0.9280243633972239,0.9967362743038138,0.61464131880957,0.640915909223461,0.39516552074826133,0.11682211686613872,0.02209973194959362,0.006868114527230246,4.0
2021-04-27 14:43:03.880,0.6032540002116386,0.26547775070829105,0.5593223735381702,0.8144001897389382,0.045459207789654295,0.8906487637376393,0.563350613150787,0.9444910594249762,0.9981947279099143,0.6142573690187273,0.6400907844916378,0.413732700773623,0.08411201984454375,0.03314931505144297,0.0027472176790229283,4.0
2021-04-27 14:43:03.900,0.6042226279719243,0.22208222408375938,0.5660063967979604,0.8155463343102762,0.030216915155443717,0.8842657031718192,0.5805922855276698,0.955442764914288,0.9988260421313764,0.6170730085003513,0.640915909223461,0.4445612165766788,0.07943942227266818,0.0,0.0,4.0
2021-04-27 14:43:03.920,0.6236099104789534,0.15391795064717287,0.576070671095129,0.8164534201254726,0.016772781017236747,0.8780735013473367,0.5978339579045526,0.9663944704035997,0.9994573563528386,0.6150252706955338,0.6407096282937705,0.47679102453818145,0.07476634619617543,0.016575223271618023,0.009615332206253374,4.0
2021-04-27 14:43:03.940,0.6146025904523362,0.12184338874073788,0.5899596232913474,0.8166906497355988,0.009341574446311694,0.8743553568193603,0.6294250505726074,0.985092118347171,1.0,0.6077302051848956,0.638646814775777,0.5072692180184862,0.07476634619617543,0.005525074423872138,0.005494505687718882,4.0
2021-04-27 14:43:03.960,0.5901533301274399,0.14526377611243632,0.5946444171252858,0.8165709441553891,0.00358659920019228,0.8709074697464221,0.6480860295432336,0.9942693100871435,0.9997712197845238,0.5941639413899311,0.6351400340745763,0.5349448168591047,0.06074759647131573,0.027624240627569217,0.01648344673348362,4.0
2021-04-27 14:43:03.980,0.5799533841804664,0.1986208231446183,0.6083791353301441,0.8161384657939906,0.0,0.8674361368427158,0.6663762032080714,1.0,0.9987922155740033,0.5648556934299439,0.6235882839456505,0.5797862972582648,0.056074998899440155,0.03314931505144297,0.021978022750875528,4.0
2021-04-27 14:43:04.000,0.567773879774329,0.2989956172285452,0.6430538668041743,0.8152225502938241,0.0008093053617095095,0.8634183352397514,0.6863473274407449,0.9987059552417837,0.996113411654805,0.5296602020047638,0.6067763572775072,0.6705202215839072,0.08411225909685097,0.08701681057356364,0.031593390121965215,4.0
2021-04-27 14:43:04.020,0.537083172838376,0.3141049925786426,0.686325268793663,0.8135048311549993,0.008919544630339194,0.8589935682673668,0.7064128167893343,0.9857642957534026,0.9909286455667262,0.4915210738668715,0.591614684969474,0.8015414567585308,0.11214951929426314,0.14088430609568434,0.0412087574930551,4.0
2021-04-27 14:43:04.040,0.47050741750704855,0.25704904083450586,0.7331771139248562,0.8106131191162819,0.02641830373693935,0.855018888654071,0.7213948328575726,0.9579942460925154,0.9830048403716041,0.39745311322026367,0.5814037597016308,0.9041863756139965,0.14018701874398254,0.3314920190226398,0.0837911941552946,4.0
2021-04-27 14:43:04.060,0.44351543040416314,0.37531266842983396,0.7493568395543142,0.80951252139947,0.03784762368395331,0.8537419123090983,0.7302749155820313,0.905700363377146,0.9674633575106495,0.23465798497384413,0.5412820591062195,0.9833596151158203,0.1515771930823545,0.4409533483105131,0.1298935280841679,4.0
2021-04-27 14:43:04.080,0.4165234433012778,0.493576296025162,0.7655365651837722,0.8084119236826581,0.04927694363096726,0.8524649359641254,0.7391549983064902,0.8534064806617765,0.9519218746496947,0.1311832031211228,0.47261617990631305,0.99167980755791,0.16296736742072646,0.5504146775983864,0.17599586201304124,4.0
2021-04-27 14:43:04.100,0.38953145619839236,0.6118399236204902,0.7817162908132302,0.8073113259658463,0.060706263577981215,0.8511879596191526,0.748035081030949,0.801112597946407,0.9363803917887402,0.027708421268401468,0.40395030070640653,1.0,0.1743575417590984,0.6598760068862596,0.22209819594191446,4.0
2021-04-27 14:43:04.120,0.20170362438579498,0.5836557137862141,0.8688943002867416,0.8035180724194521,0.21106390118842908,0.8262234477685829,0.8145583579262693,0.5504048141507528,0.832294916797897,0.09400392850912674,0.2735289470351661,0.9178490219017689,0.18574771609747037,0.7693373361741329,0.26820052987078774,4.0
2021-04-27 14:43:04.140,0.16838034861507514,0.22539685480556193,0.917029355968659,0.8046626022706582,0.39070973996242264,0.7742486830014563,0.8632285948074891,0.4437726302557203,0.7647933466497687,0.18858387388984443,0.21350112862013884,0.8519880845724042,0.1962615391388069,0.9723757593724308,0.4601647985992016,4.0
2021-04-27 14:43:04.160,0.2413584526239643,0.14142697254370767,0.937575922108606,0.8062590523848959,0.45997830363353825,0.7380561589209708,0.9120034725358104,0.3635755334823137,0.6981436382557714,0.10379471731461211,0.1028312025013198,0.6987213084965602,0.18691586549043857,1.0,0.5535714093563572,4.0
2021-04-27 14:43:04.180,0.22825447541508573,0.40064663248492804,0.8841480201426171,0.8117369251719858,0.5295145932670099,0.6895366359075366,0.958676638850102,0.2899287260411521,0.6194887488573453,0.051897358657306054,0.0514156012506599,0.5295147920386665,0.24299038588526156,0.9558016675926059,0.6565933945175699,4.0
2021-04-27 14:43:04.200,0.0831095288960475,0.6256110207016614,0.8671548333565525,0.8261024730110064,0.603357731639525,0.618302853175998,1.0,0.1930413126232808,0.4601135192512268,0.0,0.0,0.3603082755807728,0.317756732081437,0.8232044073868308,0.7747252668035258,4.0
2021-04-27 14:43:04.220,0.0,0.5826296666386117,0.7952870155426145,0.8535902304584135,0.6667500311719318,0.5167450276168708,0.9910164367791667,0.1432745830432665,0.2820014632043221,0.07890186638883967,0.007116672488463715,0.09668944166265088,0.41588750165084043,0.690608278672852,0.8736263691824657,4.0
2021-04-27 14:43:04.240,0.043547862381955744,0.24821153288170658,0.808643505362068,0.8892249874770621,0.696945236876202,0.39628131702024477,0.9703907212633662,0.14496503275822395,0.22760655635131133,0.21507649116771604,0.04538184505434849,0.0024522654350733054,0.5327100970215963,0.5303867778395077,0.9368131845912329,4.0
2021-04-27 14:43:04.260,0.16704814761326617,0.16701550040359456,0.697375961558943,0.923145996897164,0.6923955071696402,0.279707678553641,0.9497650057475658,0.14665548247318114,0.1732116494983005,0.4300889397223457,0.11654889074178779,0.0,0.6635514421172105,0.41988981532922437,0.9862637357807028,4.0
2021-04-27 14:43:04.280,0.2914652149984259,0.20777031167065177,0.44425989756602974,0.9563537652299479,0.6601714371663061,0.14935572385295218,0.8380485119906209,0.17165387869070675,0.050439515411724145,0.658027766691823,0.22319629584537456,0.0346820888807651,0.7803740374879664,0.4419889815329231,1.0,4.0
2021-04-27 14:43:04.300,0.3876634199164939,0.21735348538313617,0.3608628946673324,0.9661430945962161,0.6595094624644148,0.08031890843262245,0.7139954692773447,0.1721248079068844,0.0,0.7849874990673438,0.33541334413279394,0.13522508641647069,0.9065418280024735,0.45856420480454113,0.9807692300929839,4.0
2021-04-27 14:43:04.320,0.3858784465267945,0.36902399405914826,0.2008791964215684,0.966569643615791,0.685767446571852,0.058887305038047205,0.6384727167763751,0.1516434333347849,0.0030549698298320558,0.7702693993086258,0.4590789833426564,0.24732877164343742,0.9485980771770526,0.5635360928909506,0.9642857130298272,4.0
2021-04-27 14:43:04.340,0.41291370647691744,0.5083935128881949,0.04338795180741327,0.9700914489101897,0.7125118947207945,0.04160221334347902,0.5733067293327494,0.13197004939618118,0.011110887087016385,0.6870800509879138,0.5755247444255881,0.32790329298091525,1.0,0.5690611673148244,0.9546703273730225,4.0
2021-04-27 14:43:04.360,0.47328199388229275,0.6811290932085966,0.0,0.9787079292920394,0.7289397499779717,0.02341450173817016,0.5200569067063101,0.12048739742708799,0.013631936427442275,0.6355026518863907,0.6739209140299944,0.3713434858095363,0.9602802888636659,0.5773484960776843,0.9532967016543895,4.0
2021-04-27 14:43:04.380,0.5735580779815775,0.8224233636344636,0.05850049789032856,0.9899509682587229,0.73789023516386,0.007625944304076204,0.48036841229518396,0.11442595279309536,0.013226601444686334,0.6576438137582986,0.7472539037385012,0.38430547254110603,0.8831774046292454,0.6187845741460923,0.932692304622147,4.0
2021-04-27 14:43:04.400,0.6771397209561663,0.9280334504294181,0.15140049652509305,1.0,0.7494107810810008,0.0,0.4547253983707396,0.10682618456697071,0.01848809240729624,0.7230434325667348,0.7957300015722292,0.39481519957248723,0.8037384608611945,0.657458963621409,0.9079670304340054,4.0
2021-04-27 14:43:04.420,0.7810419532908148,0.9672507537625048,0.22070928157135025,0.0,0.770426902115731,0.0025936870690851065,0.4396827952520295,0.09355501415594163,0.03456256975536742,0.7727010701433176,0.8380176698268093,0.39866876404786916,0.7464954321949397,0.6933705330118398,0.8918269194488586,4.0
2021-04-27 14:43:04.440,0.8791496021290862,0.9954099991658857,0.24964445555838846,0.003513834245249318,0.7983712821348148,0.01539261453427135,0.43377751461488356,0.07710402507064014,0.05918746039262793,0.7682216594086873,0.8885565718921338,0.4168856171625719,0.689252403528685,0.7292821024022705,0.8756868084637119,4.0
2021-04-27 14:43:04.460,0.9208100438126654,1.0,0.27903166784407085,0.0060804001970108,0.8257492218027421,0.03416532572476348,0.4327844101913839,0.062320842189351446,0.08518270560687537,0.72777883566842,0.9264091920538783,0.4414082973202875,0.5607475964713158,0.7624314174537136,0.8337911994300202,4.0
2021-04-27 14:43:04.480,0.896511941152553,0.9256531481787972,0.3511222446859352,0.009761234914090198,0.8487242198871083,0.05332551078875507,0.4314742230729979,0.050947102318674775,0.10777932424664045,0.6887438348116464,0.937238945927932,0.4799439412138746,0.5140187497248597,0.7679559261316892,0.8200549422436902,4.0
2021-04-27 14:43:04.500,0.8702680460602866,0.8149776267208784,0.4452624470383241,0.014587327598093542,0.8697025229142821,0.07006641978440356,0.42473468281825205,0.041389308241219176,0.12768236796959598,0.6832405384136387,0.9327007681762404,0.513224726179679,0.4485980771770526,0.8066303156070058,0.8076923009298391,4.0
2021-04-27 14:43:04.520,0.8725614106689256,0.6849679769791998,0.5147267427433044,0.017805058343884444,0.8940199804820784,0.08884486189496371,0.4111312052697264,0.03130592957169649,0.1498310330017731,0.7103730517567446,0.9432211077471889,0.5149763463957617,0.4018692304305966,0.8397796306584487,0.7609890025842286,4.0
2021-04-27 14:43:04.540,0.7527710551359078,0.4711695279798261,0.49444962133450976,0.8593056684787519,0.7528839741294192,0.3349056719593437,0.8630685152395937,0.10458017152714659,0.232792065448134,0.7984897895977292,0.9823629752773193,0.49360657961618043,0.32242980815792976,0.8453041393364243,0.7252747226470232,4.0
2021-04-27 14:43:04.560,0.8305747864260921,0.4810558041266249,0.49786728403359276,0.8867747429056964,0.8678427386186229,0.33501678813177693,0.6229575346639863,0.04220399625119137,0.25038562478081144,0.8826390281089561,0.9978856520444229,0.4407076492338544,0.28037403748796647,0.8950281119135904,0.6771977943629993,4.0
2021-04-27 14:43:04.580,0.8516557653903467,0.39839920105787524,0.537220509601526,0.8878949689814314,0.936284236825746,0.38169067470493834,0.48172625285534004,0.016343831061676268,0.27970422123088995,0.9160107501709291,0.9989428260222115,0.3893851754689096,0.2523365380382457,0.9060776950154398,0.6016483376403811,4.0
2021-04-27 14:43:04.600,0.8521193090563728,0.2619320270313271,0.5670803477090601,0.8501804953181973,1.0,0.5168092139216346,0.329615085466521,0.0,0.3164180895040899,0.9493824722329023,1.0,0.3380627017039647,0.16822403968908614,0.9005531863374642,0.5535714093563572,4.0
2021-04-27 14:43:04.620,0.8349749336554084,0.241394772720811,0.581259281928912,0.7740011086750466,0.9701327897156978,0.7189684699958419,0.2860485960297781,0.016108944500961873,0.4112663652134672,1.0,0.9959259943560403,0.21124538658980613,0.11682211686613872,0.8729283799639969,0.48214282135007713,4.0
2021-04-27 14:43:04.640,0.8178305582544442,0.22085751841029497,0.5954382161487637,0.7295550700207722,0.8707815009881034,0.8622814798904461,0.26407064085516285,0.03757499287646317,0.4638049553162324,0.9975682977384923,0.9738538751085395,0.14293222683700435,0.10747692172238757,0.8121553900308796,0.4038461328825013,4.0
2021-04-27 14:43:04.660,0.7453842597033085,0.28443784935595273,0.6158595517522378,0.7249967241784855,0.7925480549592351,0.89811585871765,0.24209268568054756,0.05904104125196418,0.5163435454189976,0.9745312579099005,0.9440462463241855,0.057803481467941835,0.07476634619617543,0.7403316855041199,0.3420329474121475,4.0
2021-04-27 14:43:04.680,0.7470037967480936,0.2749040235751191,0.5896690825727754,0.7204383783361987,0.7143146089303668,0.9339502375448538,0.19993189324897392,0.13191806499781547,0.6157004176422558,0.9674921539680374,0.9333196221089879,0.03293045432747021,0.056074998899440155,0.657458963621409,0.26373624487863706,4.0
