2021-04-18 20:31:23.240,0.5759535438900691,0.24806842189488587,0.0,1.0,0.03882161717541788,0.4784727724841088,0.5772410131480179,0.9385874586872313,0.9966482036260353,0.5948546656382215,0.2992334608764325,0.4012899680942351,0.9152545690445856,0.010357904183340486,0.03703697126953059,6.0
2021-04-18 20:31:23.260,0.7814429075216589,0.3158929492455656,0.8355269027525257,0.0,0.03729249966789034,0.47627520952447816,0.6100117859031402,0.940999970529575,0.9961772553819591,0.5890918657827546,0.2603484418704537,0.41643298535540463,0.9322035973825729,0.008851293627242745,0.037465150620414334,6.0
2021-04-18 20:31:23.280,0.36780210723472084,0.13775087822166843,0.1510147456622314,0.08799403307677744,0.0,0.5004461408592451,0.24862286037657613,1.0,0.9998959458466317,0.5892976800332246,0.25867596798377857,0.42007852683269825,0.9491526257205626,0.007344683071145006,0.037893329971298365,6.0
2021-04-18 20:31:23.300,0.9496130005679382,0.3784575972716667,0.4913156316569591,0.09600307876028792,0.021925944574463556,0.4859298845268001,0.5688842035520663,0.9468311898294096,0.996685960622179,0.5521482069810809,0.2784669092042572,0.44083007023808435,0.9597456720099794,0.03079102781652382,0.04640325892463417,6.0
2021-04-18 20:31:23.320,0.2108130724336083,0.35357984605387227,0.601370882048464,0.10463780762663612,0.045291918210234546,0.47210794015720203,0.6729482698126799,0.924722895389092,0.9920977026935407,0.4648829572010367,0.26160279728546004,0.4711161111873222,0.9703387182993961,0.05423737256190362,0.05491318787796969,6.0
2021-04-18 20:31:23.340,0.6085968857539165,0.6552448749935814,0.3974544084123247,0.1105980153576883,0.06167562513063292,0.46490071156019414,0.7770123360732936,0.9026146009487743,0.9875094447649024,0.36022641167934255,0.2572822397448827,0.5033651253268782,0.9576272363113789,0.13220325392473953,0.02890166225399573,6.0
2021-04-18 20:31:23.360,0.35680404541284216,0.6766165077843553,0.2805220543699334,0.11277358383101349,0.09464842034905853,0.4622842253154111,0.8119964168353679,0.8510532534915953,0.9799109293600267,0.25762801708541455,0.18369338302726526,0.554683124454725,0.9237285046826302,0.2050848019488622,0.05202305124794821,6.0
2021-04-18 20:31:23.380,0.10501120507176802,0.6979881405751294,0.1635897003275421,0.11247133098144378,0.14450436761743593,0.4602788569737871,0.8336050403491725,0.774103719861073,0.9664915733715372,0.18343197389482924,0.1586062861349639,0.5832865996418405,0.8728808411377147,0.2830509436506712,0.07129092473520529,6.0
2021-04-18 20:31:23.400,0.4894839265712647,0.6961653763622804,0.5721954745599923,0.11450278110518157,0.19090600805092667,0.456437538291346,0.8748623881357661,0.705038115444323,0.9471213180042825,0.12153332922175401,0.13867596832601334,0.6236679819123658,0.8644068090778447,0.3779661937696027,0.09826582923585318,6.0
2021-04-18 20:31:23.420,0.45463037080123536,0.6338835521360067,0.29766634684275955,0.11653423122891936,0.23730764848441743,0.45259621960890484,0.91611973592236,0.635972511027573,0.9277510626370274,0.06076666461087704,0.10411150828659006,0.6103477350455448,0.8145009939161687,0.44500947643499417,0.13637330916947443,6.0
2021-04-18 20:31:23.440,0.419776815031206,0.5716017279097327,0.023137219125526878,0.11723774166434743,0.36192826324515187,0.4444817782328211,0.9659107272289453,0.4626004703133139,0.8601853806590603,0.0,0.0695470482471668,0.597027488178724,0.7645951787544927,0.5120527591003852,0.1744807891030957,6.0
2021-04-18 20:31:23.460,0.33580641252879756,0.477385793326718,0.5782257615642737,0.12333582596031809,0.4973510446441798,0.43164747163137224,0.9829553636144727,0.35869114980019334,0.7900542572898036,0.026009768954118145,0.0373519264990622,0.5812535104782494,0.7146893635928167,0.5790960417657766,0.21258826903671693,6.0
2021-04-18 20:31:23.480,0.270915136901347,0.36352871394274927,0.5383989386912706,0.12890022373454227,0.5860877485628968,0.4187472529146757,1.0,0.2547818292870729,0.719923133920547,0.05201953790823636,0.0051568047509576095,0.5654795327777747,0.5254238317724566,0.7593220009514522,0.36608851109402457,6.0
2021-04-18 20:31:23.500,0.2060238612738964,0.24967163455878055,0.4985721158182674,0.13446462150876642,0.6748244524816138,0.4058470341979791,0.9847259212829128,0.10301972178185105,0.5593796983172593,0.0758425420328265,0.0025784023754788048,0.5293045505667991,0.4237285046826278,0.8169492472645747,0.4354527767271417,6.0
2021-04-18 20:31:23.520,0.4934485014656688,0.24640232534328468,0.5109156332858017,0.15536912465546188,0.7465958973073881,0.3760310111233662,0.9586156283011721,0.05898202217389443,0.47730356145197034,0.09966554615741657,0.0,0.4931295683558236,0.3559327770179748,0.866101765809822,0.5105972564295465,6.0
2021-04-18 20:31:23.540,0.5454454650580288,0.2903862828190342,0.4552244458077553,0.17627362780215727,0.8183673421331625,0.3462149880487532,0.9228496777027412,0.03078131731066763,0.3936759074109347,0.11914072360909779,0.002682923722722677,0.45155637532689247,0.26271234978444064,0.9135593040896297,0.6223506464321095,6.0
2021-04-18 20:31:23.560,0.5660899719187824,0.26270582190529584,0.4468395590732779,0.24261467440231846,0.8518601777956983,0.2685147016245358,0.8768426313702665,0.01818986148033394,0.313051882909726,0.138615901060779,0.005365847445445354,0.4099831822979613,0.22033958609581955,0.9508474814547528,0.7090558502268682,6.0
2021-04-18 20:31:23.580,0.5867344787795359,0.2350253609915575,0.4384546723388005,0.3089557210024797,0.8853530134582341,0.19081441520031833,0.8207147129777637,0.01910777854535709,0.23657770102981307,0.17705170349183422,0.01811847280955961,0.3724060643619709,0.09745787716168149,0.9762712308600956,0.8169556655319798,6.0
2021-04-18 20:31:23.600,0.6011635802308543,0.2882474714463331,0.4140562643951115,0.41144916629262407,0.8484396519441783,0.06988983884789446,0.753176814159863,0.03121253897247027,0.1656574718618567,0.28211990109905344,0.061393732916104254,0.37549075311007674,0.05932169560478307,0.9881356588198769,0.9287090752647948,6.0
2021-04-18 20:31:23.620,0.6340369315912365,0.3637261320920401,0.4140255715048306,0.4403810141406518,0.8045790999275305,0.029792198623418063,0.6771172021750275,0.050222967602468166,0.10573481299383293,0.43329047901926265,0.11651567734935162,0.40016826263585964,0.0,1.0,0.9749518532526998,6.0
2021-04-18 20:31:23.640,0.6503139663164432,0.3712575208616005,0.4354956853945384,0.45423338317101164,0.7705288021926783,0.005505776586585464,0.5939891641890859,0.06798718729928677,0.06436692421089768,0.5131464098862403,0.1650174223444948,0.4352215443233999,0.0,0.9898306390853143,0.9749518532526998,6.0
2021-04-18 20:31:23.660,0.5417356643707052,0.4376861200819736,0.379765447150054,0.4913038333028861,0.7387224019021771,0.034242279590974,0.7796713741709633,0.08690795866166136,0.047937271601311324,0.5840494166462393,0.21867595840120532,0.49831745512529857,0.04237276368862106,0.9915254457914378,0.9826589631870987,6.0
2021-04-18 20:31:23.680,0.5868466016427226,0.5207966051633507,0.3189868324017327,0.5080933005810545,0.7336635975416115,0.0,0.48672401908170787,0.09093375958547231,0.024671698826114075,0.637664031420597,0.28487805955949147,0.5325294530136492,0.09322042723353421,0.9898306390853143,0.9903661125820015,6.0
2021-04-18 20:31:23.700,0.6923305731628245,0.5545582478836373,0.27509277105161983,0.5250523891935537,0.7311405256492308,1.0,0.25106403875714783,0.09216024933713213,0.024868558323726683,0.6446617176211907,0.3463414742103322,0.5196298547028539,0.11864425900599078,0.9813560848767531,0.9556839994956947,6.0
2021-04-18 20:31:23.720,0.787744546488313,0.47054610937367153,0.19507143370361457,0.5382929365401097,0.7305002622442827,0.9776737333582114,0.1843835472502988,0.09198434773714798,0.029003508105355985,0.6073064277916572,0.39790943502043674,0.5061693924157982,0.21186468623952498,0.9864406785544384,0.9749518532526998,6.0
2021-04-18 20:31:23.740,0.7963802281608225,0.53177496655796,0.11679761882830239,0.5468151265861797,0.7307731239075104,0.9665314878562725,0.12946990561193722,0.09674457982541357,0.02600336067869847,0.580241853012544,0.4473867817973294,0.506449814074984,0.22881361815568949,0.9898306390853143,0.9576107769792945,6.0
2021-04-18 20:31:23.760,0.8349566495136715,0.46571452602642827,0.11821188107751181,0.5537565345076508,0.7235041564110266,0.9584104874755003,0.09875019184360646,0.10188819830822414,0.021302959845302977,0.6008232780595453,0.5024390415298058,0.5126191915711958,0.3220340453892237,0.9864406785544384,0.9576107769792945,6.0
2021-04-18 20:31:23.780,0.8404097742383435,0.3557852196756394,0.16874171979437042,0.5594655661359998,0.7121498953178085,0.9530107280469382,0.06803047807527571,0.10703181679103471,0.01660255901190752,0.6302547200882899,0.5658536821034829,0.5028042728272225,0.39830554070659585,0.9915254457914378,0.9653179263741972,6.0
2021-04-18 20:31:23.800,0.8202749251031255,0.30767502991531037,0.1635484837400661,0.5688912127152288,0.7029818472850821,0.9473643747172578,0.029209411741453906,0.11195045241436449,0.013550327570588527,0.6285052981169882,0.6354007132389119,0.4798093226366633,0.43220340453892236,0.9881356588198769,0.9710982588249965,6.0
2021-04-18 20:31:23.820,0.7751694577722944,0.3368106638893491,0.15641422655694978,0.5779087413184857,0.6977281575726348,0.9456092671218931,0.022863825223365476,0.11454309139558931,0.010611616221350772,0.6123488786127856,0.70355402754327,0.4643858766008128,0.5,0.9915254457914378,0.9884392956378978,6.0
2021-04-18 20:31:23.840,0.6902964450148263,0.34149919033758214,0.16936543896659162,0.5803704175965719,0.6948601345817108,0.9466151676725194,0.026021807954314916,0.1166192936805874,0.007435793783229871,0.6191407488782961,0.7682229927308253,0.4638250241011573,0.5,0.9864406785544384,0.9961464450328006,6.0
2021-04-18 20:31:23.860,0.6603758992992135,0.29542476780369703,0.1871572663025991,0.5828320938746581,0.6919921115907866,0.9476210682231457,0.029179790685264353,0.11869549596558551,0.004259971345108971,0.6803704757585253,0.8397212753426193,0.47335951659530273,0.5847455273772421,0.9762711440804386,1.0,6.0
2021-04-18 20:31:23.880,0.6304553535836007,0.24935034526981192,0.20494909363860658,0.5916365463402913,0.6908638150776087,0.9527476935960099,0.06139111370331065,0.1195290105998185,0.0,0.7819398412154336,0.9106620119012935,0.46943355139303433,0.6172313417983984,0.9762712019335433,0.9621066108379457,6.0
2021-04-18 20:31:23.900,0.6161216000719182,0.10534529859103495,0.26583881557039146,0.605731047851862,0.7165039665210594,0.957046208761872,0.11447852521324134,0.10143666155557016,0.020359155934913775,0.8722923022256083,0.9693380129677656,0.4147504280859699,0.6497171562195524,0.9762712597866485,0.9242132216758915,6.0
2021-04-18 20:31:23.920,0.5984314954578719,0.007844894703656843,0.26696620036221635,0.6183789015194622,0.7539884892005136,0.9592233621991706,0.1630609900319978,0.07754806496321821,0.05364772368159088,0.9317726088191489,1.0,0.3205272081438264,0.7627123497844406,0.9610170159287535,0.8381502770423326,6.0
2021-04-18 20:31:23.940,0.5519430031253871,0.04457781994311808,0.3340389525452641,0.6325518767541785,0.8026616936453891,0.9607708684016047,0.21682062305156471,0.05115383215206035,0.09893918712297545,0.9533830966954342,0.9984669023595619,0.20499158403348564,0.788135313760475,0.9525424617201913,0.776493239725126,6.0
2021-04-18 20:31:23.960,0.4981951249138244,0.15329317214642452,0.3689833036515193,0.6472038365129468,0.8563566542220946,0.961818989317057,0.2715942667550811,0.02825108628853792,0.15063329763369612,0.950913310528275,0.9761672277215767,0.09506451705419466,0.754237449928146,0.9288136058006299,0.7321772194905687,6.0
2021-04-18 20:31:23.980,0.45335756664484955,0.2667236967403756,0.37848649168170423,0.6620929617970456,0.9109066995867464,0.9621574982291978,0.32421516553708346,0.011806805761294718,0.2044806600979126,0.9236429097063993,0.9239024244668921,0.02551879332497248,0.7627123497844406,0.9338983730376302,0.7148362024079193,6.0
2021-04-18 20:31:24.000,0.3678463214995317,0.4605399916996527,0.49883415833150196,0.6887672843098365,0.9642933722254399,0.9495776658028733,0.36254214509084054,0.0024756240579214134,0.25903088345776826,0.7779264397466834,0.7988850253943609,0.0,0.7288136181556895,0.9152542843550682,0.6743737766010655,6.0
2021-04-18 20:31:24.020,0.2890232622038389,0.8016521825256957,0.5896072480161421,0.8908013704729925,1.0,0.7552671519048558,0.3785717195600413,0.0,0.3046944620600266,0.6270645966790849,0.64292685485521,0.012619181242251304,0.6779659546107764,0.9152542843550682,0.6840076837493161,6.0
2021-04-18 20:31:24.040,0.0198344090082717,1.0,0.6147960238871737,0.3137812029323459,0.8586954184694754,0.37399887452529346,0.6986170634728563,0.01941207151952092,0.40890427545989844,0.6192436534766113,0.551637672319265,0.053561418307753295,0.6101693591496987,0.9186440713266301,0.6840076837493161,6.0
2021-04-18 20:31:24.060,0.0,0.9191710520759212,0.8226127317945496,0.28709874380739725,0.9125465066998751,0.39526119084267686,0.49245929335806676,0.006047612938903405,0.37774386425325757,0.6632879081310333,0.4749825963643386,0.09786877955247276,0.5254238317724566,0.925423818829068,0.6955683683811663,6.0
2021-04-18 20:31:24.080,0.1008983077593543,0.6941693083098308,0.9916139379966821,0.23858039301620093,0.9390587559446568,0.44402109279502516,0.3796270005683209,0.007683654922124368,0.3890695965848944,0.7189606603562516,0.4011149997028546,0.14077399807144833,0.4915259679401301,0.9152542843550682,0.6589595172717638,6.0
2021-04-18 20:31:24.100,0.30097348775037064,0.6228292226768357,1.0,0.1753074329735428,0.9300693270493688,0.5114528006017528,0.37318332423777834,0.014752006372545907,0.4209645005804187,0.7637252556219459,0.3312892103710387,0.21676948193561157,0.4067795727664658,0.8932204087009453,0.6069363871028078,6.0
2021-04-18 20:31:24.120,0.37046048990647196,0.7491741274170758,0.8994813975989927,0.18413780277810696,0.8991926914409577,0.50786226256568,0.3562129774611745,0.02659380826368056,0.4597790271266901,0.7922305537389341,0.26578398200214776,0.31351655419345215,0.34745787716168025,0.8864406611985065,0.5915221277735061,6.0
2021-04-18 20:31:24.140,0.383193988294151,0.8488287761159273,0.8365219195488615,0.1875641245846845,0.8609663173630528,0.5081918089393496,0.33255293824743376,0.041489997607694874,0.49297588024724925,0.8223823422750975,0.21254355643162834,0.418956821833387,0.2966102136167671,0.8745763200183833,0.5298650904562995,6.0
2021-04-18 20:31:24.160,0.4421169643076937,0.8424900986991205,0.7966817813778689,0.187249834007539,0.8177122594367201,0.5107387548145633,0.30889289903369305,0.05638618695170919,0.5261727333678085,0.8604579617659174,0.17811847007168155,0.5339315865581092,0.27118638184431054,0.8338983556816983,0.47398840532014386,6.0
2021-04-18 20:31:24.180,0.5010399403212363,0.8361514212823138,0.7568416432068763,0.18407374088992026,0.7420179731214411,0.5146355955003851,0.26790884834644424,0.09084762360026319,0.5771084994151261,0.9060458190873315,0.16209060102829106,0.6376892898131142,0.26271234978444064,0.8000001388474512,0.4200385173978401,6.0
2021-04-18 20:31:24.200,0.6718584380969904,0.6935779854178037,0.6658457038085555,0.18022796558057014,0.6539125768547418,0.5172032708143889,0.2269247976591954,0.125309060248817,0.6280442654624436,0.9395935267524245,0.16822300299786805,0.7333146662529275,0.30508511347306166,0.7491526400367665,0.3391137052446364,6.0
2021-04-18 20:31:24.220,0.7432418378180365,0.6504034819950401,0.5759614961223856,0.17745553759432484,0.5884337474250226,0.5184370580436624,0.1601599163934975,0.20529050471570132,0.7110397656114005,0.9572935725082038,0.1754703898401269,0.8154795597477962,0.3559327770179748,0.6813560328089583,0.2755298115228222,6.0
2021-04-18 20:31:24.240,0.7610813378505457,0.655682054327066,0.5163817488083753,0.1745451689534077,0.5199982593050174,0.5194938267456988,0.11476727378991812,0.27391839205893376,0.76493181015324,0.9801389661026678,0.17700348748056483,0.8791363161633876,0.3389834112036005,0.5686441841401845,0.17822731183801294,6.0
2021-04-18 20:31:24.260,0.756932612641983,0.6341385024976238,0.46537142604265747,0.17171210927403252,0.4480895259957199,0.5199286061234191,0.07543613286851218,0.3548996532024383,0.8166140419784632,1.0,0.20027874792934422,0.9484015975755352,0.40254233978742593,0.4834746800390646,0.12716756547829378,6.0
2021-04-18 20:31:24.280,0.8114641397258217,0.5960971698877497,0.43892969633049966,0.1690096672983873,0.3731099087642968,0.5200807314202636,0.04133342348218175,0.4480228378459199,0.8643423512033792,0.9909441931946781,0.23275262159953183,0.9924285165031801,0.4661012683712489,0.3983051759379447,0.07610781911857462,6.0
2021-04-18 20:31:24.300,0.9314871108553322,0.5358826007339269,0.3989829172920069,0.1665392441622316,0.3003557990532918,0.5197902300612498,0.018167942464463772,0.5457635072059523,0.9042339521129691,0.9562644759866555,0.24585366818593607,1.0,0.5254238317724566,0.2796609831197942,0.03468203416529871,6.0
2021-04-18 20:31:24.320,0.9386292187467957,0.40050844732694835,0.39143968617697167,0.16376297357729946,0.23454977833735524,0.5190302175870902,0.008440690124728083,0.6394597941057416,0.9345979077770173,0.9278621330063792,0.26243903308801503,0.99186770072866,0.5338987316287511,0.2000000347118628,0.0385355496719944,6.0
