2021-04-07 18:07:55.320,0.6283874557066106,0.6337629394945987,0.38549226767101535,0.5709025801221961,0.7612544901287426,0.8935282542845625,0.14595121183784607,0.22984250387977948,0.9971238227550681,0.4753941863042774,0.4710811609504842,0.43891583919170274,0.7839366825085495,0.770516802468556,0.018561484808544314,1.0
2021-04-07 18:07:55.340,0.15172559363452268,0.43451420405483626,0.09422923181619744,0.5907063318195585,0.7759772777535523,0.9010237840870149,0.1377974518714417,0.21236205563551536,0.995217081615914,0.45102724851269366,0.5037791544771427,0.4182847704999994,0.7873302465060047,0.7598785641965452,0.03944324431328386,1.0
2021-04-07 18:07:55.360,0.9021313648640479,0.803648864577459,0.41299476853975275,0.581563255674685,0.7695606408738106,0.8943071734341869,0.14689465890716719,0.21859538706482703,0.9936852029881243,0.47634975249218264,0.5075583197135549,0.43082522427818226,0.7963801366229218,0.7507599853216308,0.03712296961708863,1.0
2021-04-07 18:07:55.380,0.32392044724261126,0.4716219544364687,0.6085700455088574,0.5806225275406004,0.7646957484174494,0.8990454495506699,0.14105895336869723,0.22332646544643003,0.9971009144904844,0.46153847657965136,0.4926059702999237,0.43446600098926647,0.7941176061751375,0.7537993041158254,0.03944324431328386,1.0
2021-04-07 18:07:55.400,0.3859367811867889,0.6069393714668802,0.0,0.6063154155193214,0.7932505302445683,0.8958697655297343,0.14336056592884044,0.1956200728408997,0.9884618211531854,0.4624940427675566,0.5195530615508636,0.42273460936466173,0.7986424353964845,0.7598785641965452,0.04640371202136078,1.0
2021-04-07 18:07:55.420,0.8646181810187822,0.7883273381284537,0.5960888265698874,0.5968445459484281,0.7843782996967059,0.894189616938798,0.14610110541378055,0.2042123866537192,0.9899284707288981,0.4629718258615092,0.48225434243788573,0.4401294314287308,0.8031674962920539,0.7781157219463722,0.032482657811704126,1.0
2021-04-07 18:07:55.440,0.19697147479828134,0.45541465368892203,0.4596015409537441,0.5996119681177071,0.7845065598279423,0.898167715118168,0.14095679224013544,0.20408824979907203,0.9917545122996335,0.4603440180626279,0.5262898350562265,0.4346682663621044,0.8054300267398389,0.7750760919060123,0.04408355611866836,1.0
2021-04-07 18:07:55.460,0.48721695427541745,0.633120054907676,0.028427795734687646,0.6151274551973915,0.8070020412977905,0.8927749404738808,0.14643505829395143,0.1823319184574527,0.9834605304807328,0.44816054994897797,0.4955635765313377,0.4457928618681951,0.8144796851825337,0.7537993041158254,0.05336417972943771,1.0
2021-04-07 18:07:55.480,0.8641620437221816,0.7812739441121778,0.6416334638252935,0.603678289697467,0.7966864096677351,0.8941777990900551,0.14531549280733624,0.19229657605936676,0.98678862530881,0.44374105632991623,0.5139664691260268,0.4466019233595472,0.7941176061751375,0.7689968318252943,0.04408355611866836,1.0
2021-04-07 18:07:55.500,0.3181326421968629,0.5296573122481602,0.223613142323376,0.4422317145250543,0.7598713556545662,0.8804113085261187,0.16546826899990996,0.22802224567833979,0.9893165671810817,0.43932156271085443,0.5323693617207161,0.4474109848508992,0.8009049658442695,0.7568389341561853,0.03016238311550889,1.0
2021-04-07 18:07:55.520,0.8553651470106105,0.8133716608534284,0.6083245674135844,0.5087017352402852,0.8252662040522568,0.8953020052727153,0.14104340765115653,0.1687946657355731,0.9813810848274145,0.3999044535490538,0.5006572353688021,0.4789643863247595,0.8076923255134016,0.7629178829907398,0.03712296961708863,1.0
2021-04-07 18:07:55.540,0.20586879719767417,0.5267303515114268,0.5008790869527029,0.4950651182063735,0.8168378714605408,0.8971803323747745,0.1313956656448479,0.16789366789409021,0.9845495655782321,0.34687053403102214,0.5139664695026014,0.469660179174211,0.8031674962920539,0.7689968318252943,0.03712296961708863,1.0
2021-04-07 18:07:55.560,0.36859980591624963,0.700228528196059,0.011350693666207803,0.49300459682558045,0.8219866947449441,0.9037121817733229,0.1287428337540468,0.1505210751072218,0.9800965299230209,0.41949356431182067,0.5529083025505024,0.4401294314287308,0.8235293436252284,0.7963525684500339,0.04640371202136078,1.0
2021-04-07 18:07:55.580,0.9115156708023858,0.8598762076779499,0.5296754278736796,0.5113991446746766,0.8582392326618995,0.9059661106156566,0.12609000186324568,0.13314848232035342,0.9756434942678094,0.4816053665256615,0.5591521448019097,0.41788024008543645,0.8235293436252284,0.8115500961595028,0.048723867924053206,1.0
2021-04-07 18:07:55.600,0.42899820001490624,0.49006590277652035,0.661136548334027,0.5038497767679561,0.8484476823860565,0.916044358695108,0.11384244707766021,0.14250631344113296,0.9827476966892812,0.5723841621980783,0.5207032426784616,0.4138349329597893,0.8167422156303187,0.7993921984903938,0.03712296961708863,1.0
2021-04-07 18:07:55.620,0.35671288183756966,0.5121514537759104,0.13119793264289906,0.5183454712002791,0.8528515577724165,0.9212860188925638,0.10683312076732367,0.13829479164236355,0.9837254630730901,0.637840449980297,0.5292474419399211,0.3887540267278758,0.8280544045207985,0.7720364618656524,0.01392117300315981,1.0
2021-04-07 18:07:55.640,1.0,0.8212918086626412,0.5310542819848879,0.5063139951495607,0.8269075074195205,0.9182755107813434,0.1123333051626842,0.1631619257865955,0.989589086276645,0.6989966938276513,0.4870193782113143,0.3754045154316975,0.8223981942384477,0.7462006958841746,0.009280742404272157,1.0
2021-04-07 18:07:55.660,0.7233607859245138,0.5768858035162641,1.0,0.49812720552430223,0.7947560797050753,0.9165361914953547,0.11654147738085649,0.19416349620228102,0.9973360960898761,0.7386526906257188,0.40782121439903923,0.3474918939800519,0.7918553074015747,0.7112463510277823,0.01392117300315981,1.0
2021-04-07 18:07:55.680,0.9214512494937789,0.476080041719507,0.9136833777970722,0.4918499922043866,0.7595707719920346,0.9026116557161511,0.13673948426802013,0.22831496890947012,1.0,0.7104634763503861,0.3274728712075475,0.2940938256174253,0.7647058687250459,0.665653456653214,0.03016238311550889,1.0
2021-04-07 18:07:55.700,0.6597795838004019,0.1628781373809979,0.7696487242185047,0.4991635007336249,0.7299260621475923,0.8800173209973553,0.16789823019038086,0.2572625490453208,0.9962158224497633,0.704252296129002,0.2556687465097098,0.23584139492894735,0.6968327353821677,0.6382977200284726,0.04640371202136078,1.0
2021-04-07 18:07:55.720,0.6734032601921752,0.1349536467205917,0.8468983198126326,0.5136256974282359,0.6983595485917486,0.8482882927177468,0.21092540333295703,0.2882530171370002,0.9864251425522547,0.7548972884451425,0.1868222105594728,0.1812297409515537,0.6402715592555471,0.6291794523997235,0.06960562742879275,1.0
2021-04-07 18:07:55.740,0.6190429958554425,0.13528410457525372,0.8470375303341943,0.5327029053622407,0.6601914850819944,0.8087323683768584,0.26413856872607383,0.3259420482822371,0.9706662647109179,0.77496419403399,0.10860991862912274,0.1545307150480666,0.5769230234597952,0.5927051369000695,0.14617169880696143,1.0
2021-04-07 18:07:55.760,0.5502769355476759,0.08943827053651789,0.8576418329049594,0.5538017592387869,0.6194303421025761,0.7608541016968831,0.32737061924106775,0.366438418707255,0.9457825341946386,0.7486861160451771,0.04682877990056528,0.12055013572241112,0.48642528066173585,0.5592704514407737,0.20185615323259437,1.0
2021-04-07 18:07:55.780,0.4239655045302526,0.0636599684715263,0.7624425814352674,0.5810467911671392,0.580531885272122,0.7067076510055981,0.396892748364619,0.40530495992302373,0.9104603702865114,0.7529861638907508,0.012159037230421929,0.0663430356686069,0.41176455597550343,0.4863224429337946,0.2459396618338619,1.0
2021-04-07 18:07:55.800,0.4025065358147293,0.0,0.6870774241054314,0.6137478492276679,0.5394894093068416,0.6485347052305679,0.46933856768056514,0.4465298197964091,0.8657590570910697,0.83182039394648,0.0,0.01658575063932551,0.33484176418993056,0.4437688673534209,0.3294663672310118,1.0
2021-04-07 18:07:55.820,0.3354147006723385,0.02766042969414926,0.636451607433352,0.6452193843197911,0.4893393982423653,0.5903135402631737,0.5398181337745711,0.4971761279116447,0.8154691388710453,0.9660774316150387,0.002464666255725358,0.0,0.2714932283941779,0.3920973353904633,0.38515082165664477,1.0
2021-04-07 18:07:55.840,0.2549358302193145,0.033259256486638765,0.5562179259628269,0.6674043284495873,0.4296664304695234,0.5343459561187578,0.6053377198228558,0.5577861080964099,0.7618738407060732,1.0,0.016431139752705423,0.02386730737262445,0.21040722304621023,0.31307037804892973,0.46635729987500074,1.0
2021-04-07 18:07:55.860,0.1657072638537894,0.052882764100145356,0.45610169233883335,0.6818969440457237,0.3695163356745953,0.48094902064391565,0.6646984510416315,0.6192045064172237,0.7049954014633949,0.9085045551062652,0.035984216097564706,0.03064318825708896,0.16515846748429175,0.2796353813434704,0.5336427001249993,1.0
2021-04-07 18:07:55.880,0.09054197113923954,0.14827082193183516,0.3631142046294868,0.8736384873242675,0.2973493590087535,0.3788726038867393,0.7668098183715032,0.7042570272481602,0.5784787832355595,0.8170091102125301,0.05553729244242399,0.03741906914155346,0.12217201069593563,0.22188458929979307,0.6078886393591765,1.0
2021-04-07 18:07:55.900,0.11434317366366704,0.26863326932809845,0.28506095069096793,0.9680518610661623,0.27591994537497266,0.3770607558861919,0.8110382560318691,0.7562597195617317,0.5121577507130681,0.8275203343687783,0.09562929011589338,0.07888351196247709,0.09049774279805929,0.2127660104248787,0.6890951175775325,1.0
2021-04-07 18:07:55.920,0.08691224340019042,0.3287057381694358,0.2683769785809389,0.9884513265145186,0.2361277542314469,0.3284699528974314,0.8467697579659977,0.7963296159319958,0.45022708709798065,0.7802197963353408,0.12306934151615244,0.14320384423574645,0.0633483041215307,0.1276597930026271,0.7401392126803796,1.0
2021-04-07 18:07:55.940,0.0,0.4786027832818122,0.2358736920252054,1.0,0.19727419344277589,0.284620299036001,0.8714076354739584,0.8245145551065461,0.39871168085122116,0.6172957730296248,0.15856063512184182,0.1990290937612987,0.03846151172989758,0.10030405637788574,0.7888631043631333,1.0
2021-04-07 18:07:55.960,0.021261512442632215,0.6233416792573087,0.1412273738431793,0.9879530681916241,0.14267358579949654,0.21547200013980003,0.8960455129819188,0.8526994942810963,0.34719627460446173,0.5117057014446766,0.21360499162330335,0.21642391913649822,0.027149207002306972,0.060790422084037184,0.8561484808544313,1.0
2021-04-07 18:07:55.980,0.06178120896592931,0.534078266163135,0.10560604882422092,0.9656513951191992,0.10506883039476417,0.13746557200016937,0.943373883717286,0.8915387772801397,0.22580512769371627,0.49068324922147066,0.2767006037792823,0.22815530082771143,0.02941173745009165,0.03951363429385033,0.890951270810127,1.0
2021-04-07 18:07:56.000,0.03898584393762631,0.5078481180066718,0.12319063862145269,0.9548560102207511,0.08656045915141963,0.09456654411448899,0.9648516180552866,0.9106556103341719,0.15672781442794345,0.46153847657965136,0.33815312751325616,0.26294496151150193,0.01809954855961186,0.024316106584381467,0.9396751624928807,1.0
2021-04-07 18:07:56.020,0.0033925060227590494,0.6841018467204643,0.10919005673718171,0.9320279998394081,0.06234349624514885,0.05840090585735816,0.9804600661134846,0.9356646832659818,0.09747649548832894,0.45628286242885124,0.4045349837586807,0.3042071008815868,0.02488679239163344,0.0,0.9721577727871835,1.0
2021-04-07 18:07:56.040,0.03735210597739861,0.8003319767124701,0.06958520855173055,0.9041128900033639,0.04009219528741703,0.030303244813993345,0.9909091780348097,0.9586365219797857,0.05087111874310031,0.45532729635826724,0.4760105042212045,0.3426375184096786,0.01131218889047979,0.00911857887491437,1.0,1.0
2021-04-07 18:07:56.060,0.10987201688409601,0.8802798207585465,0.05378420909133882,0.8743340579955855,0.021359012110693947,0.011546393645729267,0.9969605570669101,0.9779690410086058,0.019492404326050247,0.4185379981239154,0.5440354811664432,0.39401292443498576,0.01357471933826447,3.1124616526349135e-07,0.9721577727871835,1.0
2021-04-07 18:07:56.080,0.11328512739030361,0.9178971170165736,0.06901679254060776,0.84575909198799,0.007510281809723205,0.001662125631136778,0.999736755863903,0.992254540086228,0.0028519301856654135,0.37314860028770697,0.6091028424659068,0.45995143796685595,0.0,0.006078948834554493,0.9396751624928807,1.0
2021-04-07 18:07:56.100,0.08184333079805449,0.9285636534659825,0.08627052517758356,0.8185726400494846,6.956222022863356e-05,0.0,1.0,0.9999283075472473,0.0,0.3253702987138635,0.6721984868996949,0.5266990110033999,0.02262437778095958,0.00911857887491437,0.9164733183615505,1.0
2021-04-07 18:07:56.120,0.08665314302887267,0.9502343727067978,0.09265541366986337,0.7942001622834027,0.0,0.006445392505114443,0.99793922781969,1.0,0.010777222824241805,0.2608695771195502,0.7331580612436192,0.5938511081633587,0.03167426789787633,0.05471116200331742,0.8677494266787968,1.0
2021-04-07 18:07:56.140,0.13932492034935723,1.0,0.11956739949247532,0.7766926681908687,0.007745219998698016,0.022130269420294432,0.9929145631510233,0.992012553671289,0.03700492469674112,0.22264692960334045,0.7868879174194849,0.6605986878221637,0.02941173745009165,0.06686937091858991,0.8236659180775296,1.0
2021-04-07 18:07:56.160,0.16323015333816265,0.9309880867634189,0.15422559838924235,0.7650288051808521,0.025384788220541583,0.045998532691161054,0.9846202569536591,0.9738147866865435,0.07674823491449505,0.1930243855996966,0.8325665448390077,0.7313915749377288,0.04751128600970351,0.13373874183718157,0.7656612364731027,1.0
2021-04-07 18:07:56.180,0.15894256597414483,0.8306629874236447,0.19057412165576523,0.7592720793811,0.05435073519233454,0.07755959350154551,0.9721704273653418,0.9439171271851666,0.1288526959464734,0.1591017741969324,0.8729871709561478,0.8074433749916042,0.0746606088491213,0.17629200617139001,0.6937355244177195,1.0
2021-04-07 18:07:56.200,0.09625547746604181,0.7355234734739889,0.20865834000162362,0.7577507237933362,0.09505491815055243,0.11595590254154814,0.9545182588746568,0.9018821214771239,0.19133552311550267,0.11753463329092621,0.9069996701880367,0.8717637734874835,0.1063347609098868,0.2279632268881823,0.6334106631518995,1.0
2021-04-07 18:07:56.220,0.031611616244874845,0.6713773545605242,0.21791935575606863,0.7642103684201064,0.14787455910038672,0.16213140677716598,0.9294586617713629,0.8473268902310008,0.26477809545061654,0.12661252967421813,0.9449556367739951,0.9362864158338525,0.13122166913863073,0.2857143301780231,0.5707656697420879,1.0
2021-04-07 18:07:56.240,0.12123539353813406,0.6465954425415414,0.2528231159140358,0.7749761554400122,0.21197135235530662,0.21482486925579236,0.8957054115153066,0.7811674335047221,0.3457465682192427,0.10941233047050503,0.9612224723916805,0.9681432079169262,0.1855203148174663,0.3495440710562549,0.5174013949778479,1.0
2021-04-07 18:07:56.260,0.1521717472322938,0.5695073217545482,0.28100103037963536,0.47422369608619164,0.33517906023565375,0.3368698517200596,0.7993965174854472,0.6543879924343292,0.5199386320317906,0.09221213126679195,0.9774893080093658,1.0,0.24208149094408624,0.42553202084975916,0.4338747370980991,1.0
2021-04-07 18:07:56.280,0.09440271102422451,0.4520507237444413,0.3207683524446324,0.3374121207787206,0.364334996065568,0.3391648542509749,0.7627412464479155,0.5800230172094066,0.5636946669277416,0.0,0.995399282483133,0.9951456343630182,0.30090496584426957,0.4832828128934347,0.3781902826724662,1.0
2021-04-07 18:07:56.300,0.1406064950267229,0.4251627066764989,0.332378474551157,0.3514736172064087,0.45153130240293143,0.406842475184739,0.659124234678351,0.4502624734207949,0.6796441935946499,0.06402292676823261,1.0,0.9575242717040175,0.36425326996579993,0.5501521838120246,0.30626449934098116,1.0
2021-04-07 18:07:56.320,0.2831668031401201,0.27854273438811755,0.4381800356587774,0.3549738023881423,0.5357835208252655,0.47308975137793435,0.6000806908621426,0.39892027887750664,0.729157923283703,0.26469184578188054,0.9985211921771127,0.9203074298573014,0.43212663498290027,0.5957447669404294,0.25986078731962037,1.0
2021-04-07 18:07:56.340,0.29651608103724797,0.20207506508334683,0.5142978492505756,0.33498020965150255,0.6384385701548579,0.5761900855061342,0.5410371470459339,0.34757808433421844,0.7786716529727558,0.3850931815472319,0.9778179230039495,0.9081715405983256,0.5361990971192238,0.6717324054877685,0.17169372259968466,1.0
2021-04-07 18:07:56.360,0.3173174885097546,0.29172690325975287,0.5554554099181559,0.2798029906090572,0.704200263843513,0.6805425488463677,0.41699921101438353,0.2825062973508084,0.866163596217917,0.3043478425799481,0.9444626941084889,0.8725728151120526,0.6063347609098861,0.6960488233183134,0.13225057332120327,1.0
2021-04-07 18:07:56.380,0.39797426516952483,0.20410678378129615,0.5761665245684392,0.2530969397435634,0.7348951347365185,0.725838759967052,0.37771897275790367,0.263305431369536,0.8870829325440712,0.1786908888704086,0.9035491051522122,0.8001618348139578,0.6742081259269865,0.7568389341561853,0.11368908851265896,1.0
2021-04-07 18:07:56.400,0.478631041829295,0.11648666430283947,0.5968776392187225,0.22639088887806957,0.7655900056295241,0.7711349710877365,0.33843873450142364,0.2441045653882635,0.9080022688702256,0.16722408288341764,0.8489976845917132,0.7491909211252129,0.7466063201654339,0.7841943595347615,0.07888629855696308,1.0
2021-04-07 18:07:56.420,0.5080069151710918,0.12070245125292521,0.7124100982101814,0.18554409234144012,0.8260847907844119,0.8477409397233437,0.23429123289986625,0.1824255440339891,0.9457826457608622,0.22360249188053635,0.792638827764656,0.7301779793895702,0.8438914226326253,0.8252279644718734,0.07076566974208788,1.0
2021-04-07 18:07:56.440,0.5116498692949956,0.33269646942661935,0.7189337490520816,0.15317990001089496,0.8543759249358963,0.8898639881122511,0.14685982106617737,0.13683775240691126,0.9693573697754039,0.22838030326651576,0.7438383175493279,0.6970064449996143,0.904977427980593,0.8723405182435382,0.048723867924053206,1.0
2021-04-07 18:07:56.460,0.6078890026880022,0.3244561827203721,0.6947985580321906,0.12147856058578987,0.8797303650308648,0.9241796221191031,0.10140678164191401,0.11267726509533918,0.9772733652286789,0.23124702920519702,0.7032533570367219,0.6359223123359262,0.9411765250998168,0.9088145224970287,0.032482657811704126,1.0
2021-04-07 18:07:56.480,0.6653666568232881,0.20905755974468726,0.7080310425140062,0.09644639085275315,0.9028492287069847,0.9516483233316024,0.06483286113268166,0.0907657023466934,0.9809590669922003,0.31820354839386483,0.6569175130771191,0.5902103446967966,0.9638009028807762,0.8966566248279196,0.01392117300315981,1.0
2021-04-07 18:07:56.500,0.6842695647715366,0.22278016950646373,0.7354370339444966,0.07352851950590492,0.9154307782203279,0.9726801400015224,0.03714781761898602,0.07888991643489901,0.984232494370703,0.3922599201351025,0.6056522962588043,0.571197402961154,0.9796379209926032,0.9088145224970287,0.0,1.0
2021-04-07 18:07:56.520,0.6525631356452903,0.3652059009828768,0.721101168624508,0.050038682497850845,0.918965875231382,0.9875366271859688,0.01785855687199748,0.07555940024923896,0.9876598831378022,0.3497372325947379,0.5573447125700778,0.5602750662056403,0.9841629818881725,0.9483281567908772,0.03712296961708863,1.0
2021-04-07 18:07:56.540,0.6270626600002654,0.49465681475459433,0.645783702333622,0.028537198950371226,0.9255489072333405,0.9960582143082456,0.006568619531569796,0.06936484650232533,0.9880252253314177,0.26278070167394196,0.5225106691271862,0.5323624480651252,0.9819004514403882,0.9544074168715969,0.023201796613928818,1.0
2021-04-07 18:07:56.560,0.5962910623363608,0.5564029045121729,0.5897925005494726,0.013149298842267315,0.9396494283917891,0.999624316808387,0.0013286298721479906,0.05612916669013158,0.9845631766575139,0.22646920217638014,0.5027932852850351,0.49838186542833923,1.0,0.963525684500346,0.05336417972943771,1.0
2021-04-07 18:07:56.580,0.5801650726376992,0.4955340208400044,0.5496574603371297,0.00461127558482083,0.9578792863072075,1.0,0.0,0.0390845450018221,0.9788320197501372,0.252747268433065,0.48964836137869233,0.46399674674806834,0.9954751707786523,0.963525684500346,0.04640371202136078,1.0
2021-04-07 18:07:56.600,0.5631609781599088,0.4916272286991931,0.5146862017885387,0.0012060827622367234,0.9736781967495491,0.9982233241683298,0.0015162737773865805,0.024375051790732433,0.9732107183842857,0.34639275484777887,0.48307590144288404,0.43810677770035067,0.990950109883083,0.9908814211250856,0.06264504092721268,1.0
2021-04-07 18:07:56.620,0.5356781058081435,0.5179775952241236,0.4881528427107305,0.0,0.9804033107353703,0.9957699654261282,0.004309200712389659,0.01813166390851677,0.9703326073248106,0.45628286242885124,0.4815970976547227,0.4219255477077532,0.9886878111095202,0.9604863657061514,0.04408355611866836,1.0
2021-04-07 18:07:56.640,0.49779553800919146,0.6144931112551943,0.45667356435626644,0.5911063342169458,1.0,0.9561147148803301,0.05324341046407266,0.0,0.95168825505324,0.4799331256968273,0.48562272951670754,0.4075647052429152,0.9841629818881725,0.9939210511654455,0.04640371202136078,1.0
2021-04-07 18:07:56.660,0.5168081154374936,0.6037511362689273,0.3941237083465186,0.5784264552652902,0.9690816147624792,0.9908200787323446,0.011170736910574297,0.02864856156520234,0.9726878446829185,0.4405160196635941,0.49030560885167274,0.411407747823507,0.9841629818881725,0.9908814211250856,0.03016238311550889,1.0
2021-04-07 18:07:56.680,0.5264385310437147,0.6004935543906555,0.38605315982241123,0.5792953438883501,0.9657540120691618,0.9885078233270117,0.015826231238876682,0.03214645735299668,0.9729145472493149,0.44433828402414416,0.49622082400431805,0.41585758602594325,0.975113091771256,0.9756838934156186,0.03944324431328386,1.0
2021-04-07 18:07:56.700,0.5360689466499361,0.5972359725123838,0.37798261129830374,0.5799216612710405,0.9648927940807139,0.9861200699356002,0.017533095637777045,0.03292637550151527,0.9728083362044283,0.4624940427675566,0.503121908349071,0.4162621171027323,0.9705882625499084,0.9787232122098132,0.04408355611866836,1.0
2021-04-07 18:07:56.720,0.5381394754661408,0.5977104629186808,0.3724029708902159,0.5797358227188063,0.9636485942046816,0.9847010099077407,0.01923996003667744,0.03370629365003367,0.9727021251595417,0.4710941384587038,0.5052579582653041,0.4219255477077532,0.9683257321021234,0.9848024722905329,0.05568445442563294,1.0
2021-04-07 18:07:56.740,0.5272405787067962,0.627602226135396,0.3688101709526458,0.578245871260148,0.9590219371985241,0.98410314967883,0.020242142287002808,0.03801903364728241,0.9740221767174173,0.46774965719210637,0.5069010735854833,0.4255663245843939,0.9683257321021234,1.0,0.05800472912182817,1.0
2021-04-07 18:07:56.760,0.5285690961231653,0.591153716081765,0.3758916946762579,0.5753817325834548,0.9541268365003993,0.9844542715895657,0.02004802618551031,0.04258670472564774,0.9756998352107376,0.4538939470764094,0.5072296966495191,0.4235436708560138,0.9683257321021234,0.9756838934156186,0.05336417972943771,1.0
2021-04-07 18:07:56.780,0.53861031573504,0.5653331758565068,0.3802754238355118,0.5743066850893277,0.9526717118227258,0.9845173149255283,0.020042549711757,0.04394567343237993,0.9761847763960738,0.4610606934856988,0.5069010735854833,0.4199028941449296,0.9660634333285606,0.9544074168715969,0.04408355611866836,1.0
2021-04-07 18:07:56.800,0.5313390298157601,0.5699987688749242,0.388634022284495,0.5733659159040936,0.950140081312327,0.984696485656123,0.019943861165416014,0.046311112058652425,0.9770468114172474,0.4835164989014719,0.5064081387204478,0.41343040122077407,0.9615386041072136,0.9604863657061514,0.048723867924053206,1.0
2021-04-07 18:07:56.820,0.5215638620682492,0.5653436803234849,0.38859013608671694,0.5730064309909247,0.9454740570054367,0.9849669855511248,0.019836634298632378,0.050674808102765555,0.9786123086670876,0.49307216469123377,0.5041077775411785,0.4130258714684372,0.9570135432116442,0.9680849739378024,0.041763400215975945,1.0
2021-04-07 18:07:56.840,0.5120662193743789,0.6080374476904694,0.37924430818169297,0.5721268280179348,0.9394599857466391,0.9851583073404835,0.019896925296043838,0.05630662285807609,0.9805727503485443,0.4782608848679932,0.5001643007727483,0.41504852519681734,0.9581447505169808,0.9741640005838977,0.04756384936945823,1.0
2021-04-07 18:07:56.860,0.5074739840372753,0.6138217065380045,0.3692185898117396,0.5715716933278829,0.935098308642875,0.9849139385157907,0.02043023426736668,0.06039617999602549,0.9818736125159573,0.4634496093465328,0.49737100472844353,0.41423946370546527,0.9592759578223174,0.9802430272299931,0.05336429852294052,1.0
2021-04-07 18:07:56.880,0.49930039109486973,0.5723001457040682,0.3767628623845547,0.5721287163707962,0.9326521404790753,0.9844657340142863,0.021128322866007996,0.06269152514555688,0.982508796215769,0.46966078878577505,0.5003286123047662,0.4101941555864789,0.9524887139902964,0.9665653145407042,0.03712296961708863,1.0
2021-04-07 18:07:56.900,0.5037857169849765,0.5920782386459147,0.36763091552887595,0.5729909547076926,0.9294527979169942,0.9841816613644313,0.021653815415701078,0.06569593067644525,0.9834245317792446,0.4792164510558984,0.5047650236692502,0.4101941555864789,0.9457013543211644,0.9544074168715969,0.048723867924053206,1.0
2021-04-07 18:07:56.920,0.5144701005074607,0.6190997316240089,0.35990501596346874,0.5732109478160256,0.9250575486988997,0.9842025869537465,0.021847371423286993,0.06982702096488844,0.9847982838794233,0.4777831017740405,0.5087085004376805,0.41343040122077407,0.9502262993796233,0.9574468912888742,0.047563789972706993,1.0
2021-04-07 18:07:56.940,0.5142275611409216,0.6091590642776953,0.35450885368290375,0.5733351275422259,0.9212239662824597,0.9847551084058076,0.021327927887785068,0.07343356666985776,0.9861486814501236,0.47443862011637217,0.5108445503539135,0.4162621171027323,0.9547512444380815,0.9604863657061514,0.04640371202136078,1.0
