2021-05-01 19:19:48.540,0.6323066727474456,0.6552152504756097,0.6278934526003686,0.6109014359025037,0.02960918669449144,0.4532448585800923,0.9415860091644929,0.9584645665263893,0.4203979944789483,0.955529554203326,0.9278242702542535,0.09073726680934661,0.45957398969289126,0.37017547767805614,0.012770125272018757,2.0
2021-05-01 19:19:48.560,0.5371030405681947,0.5064694923904548,0.8741928724989526,0.6205754078421486,0.021010646096831072,0.4852705340149124,0.9321990237450857,0.9749454312737317,0.4801096173617406,0.943592749938855,0.8546025068778933,0.2136105915686826,0.4680849580443077,0.37719293202831394,0.017681704177457316,2.0
2021-05-01 19:19:48.580,0.0,0.36386809358404215,0.6136451673687979,0.6301918621676524,0.013452221897206892,0.5169503047078003,0.9218118084559143,0.9815216119606384,0.5084106868121998,0.9159742595032723,0.4131799278531836,0.34593571946689383,0.48510602325744634,0.3807018388525733,0.012770125272018757,2.0
2021-05-01 19:19:48.600,0.044693276403056384,0.4032584234408673,0.26409188905954945,0.6390915628270505,0.0065759461884466125,0.5425166778719166,0.9114245931667427,0.9880977926475449,0.5367117562626591,0.8785254672576024,0.3253138049520832,0.35727787549714135,0.4765959263957241,0.3964912009652181,0.009823157810876974,2.0
2021-05-01 19:19:48.620,0.5836221357753434,0.5505307916789217,0.3839411902635015,0.6490745007198077,0.0034922924915075796,0.5684753441367195,0.8872171333988913,0.9958602048589569,0.5850967631464707,0.8525453540711445,0.7154811727302952,0.26086956858104476,0.46382947386859885,0.40087724467097785,0.018664035046954013,2.0
2021-05-01 19:19:48.640,0.7270484000800568,0.505129722985526,0.7076089946098598,0.6596197735083427,0.0014629123436867252,0.5999877277968422,0.8635206563341635,0.9982671016516955,0.6237513682467388,0.8520772555908337,1.0,0.23818527508791656,0.44255292447975386,0.4052631087276061,0.016699348160612165,2.0
2021-05-01 19:19:48.660,0.2206222149156224,0.3748541429190256,0.6620870699222288,0.6701163472685973,0.0,0.6358000466950849,0.8306213531227709,1.0,0.6666491084061542,0.8193095515996839,0.5794979137890339,0.2551984913395613,0.3744677921375076,0.4157894699021233,0.02455789452719251,2.0
2021-05-01 19:19:48.680,0.07447549901358273,0.299926100776584,0.28300289075614615,0.6807334026202283,0.0008029386771994427,0.6678181330323583,0.7969906820413754,0.9990490971809861,0.704170775301752,0.7448800598413542,0.30753137878284137,0.20037809347802685,0.3744677921375076,0.45087710095167327,0.02455789452719251,2.0
2021-05-01 19:19:48.700,0.43989286579964154,0.4164165661182711,0.14323193177211535,0.6921196904589824,0.008496966572886138,0.694774156915691,0.7695201913254135,0.9899102034249095,0.7361933633397013,0.6177881997369434,0.3315899639265918,0.11342157577528043,0.3404256617112315,0.49122809223761277,0.03732807009390817,2.0
2021-05-01 19:19:48.720,0.7711653466101365,0.5465823956301897,0.40708112075530245,0.7040600947963086,0.018052700227152624,0.7233100648967448,0.7367239409030523,0.9784937904394065,0.7695665899080986,0.4670567916467705,0.43514644573570616,0.0,0.2808506262307074,0.5315789038744209,0.057956792027204176,2.0
2021-05-01 19:19:48.740,0.6630584366184369,0.5475180930094377,0.6007649749602116,0.7175514145329959,0.03358801260499416,0.7557422708954616,0.6963371010458745,0.9597847016017896,0.8073053067448089,0.40339384655332183,0.4968619247936632,0.007561467267589187,0.26382956101756877,0.5842105300978763,0.07662080192680988,2.0
2021-05-01 19:19:48.760,0.29281962514280324,0.5153792379319173,0.404811765884973,0.7307544622630686,0.05359465212709078,0.7898442048394189,0.6484944189070189,0.9354384291708122,0.8461736652286237,0.4190755096394427,0.421548111279745,0.06805292689780157,0.22978699484644563,0.6175438873844274,0.08939097749352554,2.0
2021-05-01 19:19:48.780,0.2806629572120772,0.41873911946641806,0.06973285259636883,0.7429196302726224,0.07859461577491969,0.821361679519146,0.6000659311273302,0.9046575537762632,0.8815986194909597,0.4670567916467705,0.35460252400156334,0.11531193485577493,0.17872336346218384,0.6438596106715895,0.09823177928755736,2.0
2021-05-01 19:19:48.800,0.5460287772817534,0.4300499033435623,0.3846239604417123,0.7527229163473803,0.10322558469033971,0.8481248454610723,0.554274872863578,0.8739945050509454,0.9105261990692537,0.49631369381528206,0.32740585508964104,0.19848773439753234,0.13617026468449261,0.6824561485453988,0.1188604509261566,2.0
2021-05-01 19:19:48.820,0.5863144516466584,0.4182168937114427,0.23180089896336473,0.7612510248570225,0.13002359235709338,0.8720768752814192,0.5097707691284249,0.840319383278287,0.9353927130366533,0.4510240451215823,0.28922594864104495,0.24007561869560543,0.10212726276852233,0.7175439592440797,0.13555989967616244,2.0
2021-05-01 19:19:48.840,0.6918850216463678,0.47042017179986234,0.2603257586547714,0.768680034403372,0.15870140815385664,0.8936439442392955,0.4663562349045053,0.8039989557689766,0.9564731848379316,0.370158030671493,0.2510459908214389,0.28166351227736186,0.05957416399082986,0.7438596825312417,0.15029463639247798,2.0
2021-05-01 19:19:48.860,0.7345914897125815,0.548380929660379,0.21758474701858468,0.7755277961323843,0.19078522547595697,0.9128278626506786,0.4248074264400288,0.7631256187891343,0.973764821644822,0.3341135664347925,0.22803343074646742,0.3289224954788463,0.06808513234224631,0.7842104941680502,0.173870275492219,2.0
2021-05-01 19:19:48.880,0.7640262084757123,0.5733474481573387,0.2058325821018331,0.7818338638721882,0.22686842586132233,0.9300770908434107,0.3842767895427041,0.7170064775375614,0.987235945898351,0.3211820250252528,0.23823219657164957,0.3931947030551984,0.01702106521313739,0.817543851454601,0.20530446095854035,2.0
2021-05-01 19:19:48.900,0.8022691033904161,0.5817230385357192,0.19146568762533162,0.7874606911325894,0.26595116505881017,0.9451732446302749,0.3262632660870963,0.6405470438510216,0.9983981408282506,0.3082504836157131,0.2484309623968316,0.45746691063155054,0.02553159781970671,0.8596491165035393,0.23280942353626832,2.0
2021-05-01 19:19:48.920,0.8529869371199791,0.5308791760097089,0.18476995348407607,0.7924355962678874,0.3076919709686715,0.9585799783448264,0.270118643096563,0.5591112135105841,1.0,0.28285553759228227,0.2667363925386279,0.6521738982434034,0.01702106521313739,0.8877192932028314,0.26522591472473805,2.0
2021-05-01 19:19:48.940,0.8734896400892233,0.510845586782176,0.18119794474368459,0.7984898136819004,0.3743517751532588,0.9752436088454537,0.23387377976368867,0.5022951286806971,0.9941709593223543,0.2519602524273451,0.26150626719473324,0.8128544355582404,0.0,0.9105262893148649,0.29666010019105943,2.0
2021-05-01 19:19:48.960,0.6703511319048147,0.0,0.20626911970697742,0.6504285123668174,0.13644450158467195,0.8614007542013522,0.3367487325876947,0.6079654463534617,0.9758410375966587,0.21497955291468543,0.24895395780755103,0.8846880960898365,0.0,0.9491228271886742,0.32416501247409063,2.0
2021-05-01 19:19:48.980,0.7909761413795984,0.3321383590798561,0.14775768171120077,0.7017801986317374,0.32270267607719366,0.9424337622380325,0.43962368541170077,0.7136357640262262,0.9575111158709633,0.19274433868519347,0.24895395780755103,0.8884688142508254,0.01702106521313739,0.9631579155383203,0.36444006008808005,2.0
2021-05-01 19:19:49.000,0.8768873193324522,0.4993381752595788,0.14766134255418825,0.7280772440006956,0.45290459098031555,0.9706274730675182,0.2393214033779659,0.4355087197586174,0.9703823750448781,0.21310713983577323,0.2416317652024285,0.9111531077439535,0.034042130426276025,0.9719298233007079,0.40275047613989406,2.0
2021-05-01 19:19:49.020,0.9289978474724773,0.522437550406593,0.16100701636855483,0.7433399577411356,0.5451944732097829,0.9811411005016757,0.17536807813727773,0.3306669616850577,0.9345965529383211,0.2800468700797419,0.2060669299876149,0.9829867837483554,0.0765952292039685,0.9807017310630953,0.4430255237538835,2.0
2021-05-01 19:19:49.040,0.951181389766094,0.4606659791637138,0.18279213198305805,0.7538250190455213,0.6216787848648625,0.9887492340347563,0.11901627596490962,0.2511710964559374,0.8941683361042059,0.35073148395454146,0.1589957847688928,0.994328907285711,0.11063779537509165,1.0,0.4891944861722778,2.0
2021-05-01 19:19:49.060,0.9500389070958717,0.43666954574120354,0.21082080168242798,0.7606265215829237,0.6897134887477508,1.0,0.057516998177508216,0.18729900075933167,0.8526215214096494,0.35541258370366263,0.07112967042962746,1.0,0.15319132989763,0.9982457262370013,0.5353634485906721,2.0
2021-05-01 19:19:49.080,0.9176190246444937,0.5629539610318107,0.20172811128368054,0.7638851411992663,0.732462359548338,0.9963012003406809,0.03705658682260046,0.15088061713845113,0.8194832367369701,0.2692803368252291,0.0,0.965973505605488,0.17872336346218384,0.982456184475225,0.5697445814002566,2.0
2021-05-01 19:19:49.100,0.9096353502059334,0.7111706291086016,0.16164409081300107,0.7692143698005168,0.7798583808274451,0.985648858432927,0.020863612143183163,0.11414412340449785,0.7785701007482829,0.1716793323411411,0.0,0.9149338259049427,0.18723346032390603,0.9736842767128375,0.6168958595997387,2.0
2021-05-01 19:19:49.120,0.955332714023903,0.7534668742092131,0.13719325664517026,0.7784113257553235,0.8317160454363364,0.9635443311678529,0.0097107658746808,0.07861587584023991,0.7288656004702561,0.12182565641256969,0.04707111953321702,0.8317580263631853,0.20425539702673892,0.9543860077759329,0.6552062756515526,2.0
2021-05-01 19:19:49.140,1.0,0.7237890753990184,0.1426577474708576,0.7930913400593544,0.8835467286560046,0.9253123550017931,0.0034052999141775345,0.04825435074806277,0.6737020773783551,0.11948508738034021,0.07740583796597104,0.7712665357873617,0.2553185926661523,0.9157894699021235,0.6964636491055691,2.0
2021-05-01 19:19:49.160,0.9843766945883278,0.6929506974114656,0.16714187706569922,0.8152936834750196,0.9309750023891455,0.8648050968758579,0.0004084568361884916,0.025189782133453045,0.616815481266862,0.13680511430521775,0.08054392173414289,0.7523629604552223,0.24680849580443015,0.8842105660277024,0.7347740601279135,2.0
2021-05-01 19:19:49.180,0.9418742790129107,0.7180590955974162,0.1797372463859807,0.8491602969900958,0.970545390815325,0.7703068874522763,0.0,0.009514010928761451,0.5597492450851291,0.1033352491832334,0.08158992111741678,0.6710774890483483,0.27234052936898523,0.8368421203915056,0.7721021553691702,2.0
2021-05-01 19:19:49.200,0.9233023291723245,0.8024615279079618,0.17533673917942597,0.9036352728918234,0.9974453511753022,0.617198378077045,0.004060171868814784,0.0007514875796293884,0.4995036544795505,0.031480389107656784,0.10041837235543759,0.5803402531846129,0.2808506262307074,0.7877192213431786,0.8182711157757765,2.0
2021-05-01 19:19:49.220,0.9358153717532159,0.863190674809915,0.17191524551599915,0.977401305954681,1.0,0.40972668070723506,0.013749333937537361,0.0,0.4343458334757909,0.0,0.12447698746561052,0.5274101989307673,0.29787212718869194,0.7228069601822068,0.8467583458516833,2.0
2021-05-01 19:19:49.240,0.9388606247985777,0.8721605318361525,0.16829460460824727,0.036403088933721545,0.9733713884017027,0.23033088923811743,0.027974821027616652,0.008520936021945638,0.3673984841675904,0.03867759481912415,0.13702928829095776,0.4782608628379107,0.29787212718869194,0.6491227912588475,0.8811394862054723,2.0
2021-05-01 19:19:49.260,0.937493063928845,0.8898441503928689,0.2059854448629429,0.07547757569565357,0.9291667444199216,0.12114745194389766,0.04623663676164217,0.025984453447817014,0.30332216614361923,0.07735518963824847,0.149581589116305,0.42911152674505404,0.3319146933598151,0.5842105300978763,0.9056974436010359,2.0
2021-05-01 19:19:49.280,0.9259191399035965,0.9526052244098252,0.23027942301251997,0.09696673028666405,0.8788442723882722,0.06137247848874257,0.06876121273755124,0.05079003623500387,0.2450882726934863,0.1421884192478117,0.2207112895123549,0.30434782743241795,0.3404256617112315,0.5122808145866471,0.9292730827007769,2.0
2021-05-01 19:19:49.300,0.9178916360427202,1.0,0.22658176014634804,0.11303517635915517,0.8008656441527979,0.018866338394982272,0.09529669336624838,0.08160842561170237,0.192772140040877,0.2119368170043208,0.30857741241345527,0.25330813225906684,0.3319146933598151,0.43333328542689825,0.9499017664101034,2.0
2021-05-01 19:19:49.320,0.8976171343946369,0.9703374652964937,0.22381016469490636,0.09536916068781061,0.7648612244760299,0.01055562439323813,0.1261577960429468,0.11795969325324891,0.14564788151287072,0.2938561009292816,0.39958161052089247,0.2060491707195103,0.3404256617112315,0.3842105660277022,0.9538310395933935,2.0
2021-05-01 19:19:49.340,0.8961647286533247,0.9734321065443724,0.2078369616883216,0.07770314501646614,0.7288568047992621,0.002244910391493767,0.15833434656061482,0.15384726421867692,0.1092323148900353,0.34277359905490007,0.4822175823925931,0.25330813225906684,0.3659572595309382,0.3403508475666338,0.9656188591432641,2.0
2021-05-01 19:19:49.360,0.8527176174335063,0.9743475255905455,0.21986332514273144,0.038389517970346246,0.6449810617305912,0.0,0.22484085964705441,0.22851804165477388,0.0528137215555064,0.36524290083988503,0.5585774038516202,0.32703213639835177,0.3319146933598151,0.2719298592305336,0.9754420451191713,2.0
2021-05-01 19:19:49.380,0.8141334136569093,0.999259479915892,0.21381850398347696,0.03666209127501563,0.5946538639166977,0.005990406716655066,0.2734833700093069,0.27839333012419804,0.027028896322856433,0.42539501154265835,0.6161087826344616,0.3950850632961533,0.32340372500839865,0.226315687357336,0.9833005914857516,2.0
2021-05-01 19:19:49.400,0.7924092773922504,0.9657760947415767,0.22100033014948234,0.034784645331774576,0.5565556677356629,0.01261102474208669,0.3126831465943378,0.3183932458706177,0.011300981916334957,0.532124108811827,0.6579497939474539,0.4064272177791202,0.2553185926661523,0.16666660678362277,0.9833005914857516,2.0
2021-05-01 19:19:49.420,0.7717392257196176,0.8831498582985601,0.21690483904034322,0.03182585484311773,0.524819545803049,0.02196822391101074,0.3520410656735943,0.35305103919581504,0.002569070436952532,0.6463428967119822,0.702928871904948,0.42911152519777346,0.29361707875783144,0.13245602279100693,0.9882121804501295,2.0
2021-05-01 19:19:49.440,0.7649184305506059,0.8288380548362174,0.20743677991028317,0.02778996300325468,0.4994179613492407,0.033710376037095716,0.3916381546924719,0.3815930417836834,0.0,0.7160912944684912,0.7656903760316839,0.47069942713484497,0.2553185926661523,0.11052625338503845,0.9862475438584845,2.0
2021-05-01 19:19:49.460,0.7466154479991273,0.8545020423700247,0.18421393630872607,0.023400992739950555,0.4773497498122411,0.04667461002750332,0.4312018895426382,0.4069210420667029,0.001115549979364254,0.7437097944829083,0.8294979052271989,0.5009451718038445,0.22127646223987632,0.09649116503539237,0.9960707268167098,2.0
2021-05-01 19:19:49.480,0.7265085753705185,0.8561528886671464,0.1610230588768795,0.01903971490201435,0.4568024323318472,0.060282494353592925,0.4705794759891481,0.4309140609781061,0.0046173867995607494,0.76617906753139,0.8682008413338544,0.5236294807697783,0.20425539702673892,0.06666653492397004,0.9921414536334197,2.0
2021-05-01 19:19:49.500,0.7134736050608304,0.8267481077855181,0.14960374766744142,0.014624922568684659,0.43789633459443056,0.0744119710298218,0.5093614296977246,0.45331451357988417,0.010334695217567212,0.8012873118182662,0.874476983184693,0.5122873262868115,0.19574442867532246,0.05964908057371221,0.9921414536334197,2.0
2021-05-01 19:19:49.520,0.6910929444954833,0.7613453763928095,0.15135182158001287,0.009910901296323717,0.4214989809678613,0.08895157518597219,0.5468031965728988,0.4729747996710699,0.018275719815459526,0.8321825816570682,0.8546025068778933,0.48582229761260803,0.15319132989763,0.047368445636196306,0.9901768170417746,2.0
2021-05-01 19:19:49.540,0.6666011834407268,0.7515211794434742,0.1446230114214797,0.0049875677201234,0.40670855486952284,0.10340042638395928,0.5823568698456317,0.4908779833836086,0.027566528516887148,0.8499707549564285,0.8504184066027776,0.44612475846950445,0.17021239511076863,0.04035081163680806,0.9960707268167098,2.0
