2021-04-08 01:59:23.820,0.2908235483252009,0.46488510972974617,0.229616978710332,0.8861806531072239,0.03994035914112497,0.15194664522356457,0.8270678813780814,0.9550242665200126,0.95515744640239,0.6018985507636984,0.45453070745162105,0.34165571499832775,0.22157433575466037,0.2142852440814586,0.048899876093508,2.0
2021-04-08 01:59:23.840,0.9389372007130141,0.6068765743376872,0.5025139947773597,0.887776798266955,0.03228508419813539,0.1496021697282595,0.8303273658676664,0.9636209622146281,0.9553083962710023,0.5722337633711347,0.42116668152840714,0.3561103769844142,0.2172012886875322,0.2285715121632966,0.048899876093508,2.0
2021-04-08 01:59:23.860,0.2941124794533315,0.4941525447920603,0.46427483741900566,0.887058314951625,0.03949084785478234,0.15148658147074642,0.8276725398462355,0.9555287057365609,0.9549576682842931,0.5698605815937781,0.44207335997428504,0.35111694970633506,0.21574350681773485,0.257142585469286,0.07579477038992896,2.0
2021-04-08 01:59:23.880,0.8550019228014086,0.6200511367649356,0.23778560092115122,0.8904259528508173,0.04666005649327941,0.14365793948261302,0.8374371318512904,0.9474879127136532,0.9481421664875361,0.5470186928734071,0.42463307497785435,0.37122207130970364,0.21574350681773485,0.24285704881629339,0.061124782525203904,2.0
2021-04-08 01:59:23.900,0.6204415883825752,0.5467857440520363,0.6900653504546403,0.8902437622978623,0.04776009318682194,0.1442788189896816,0.8366067496493785,0.9462546557795274,0.9483219235829827,0.5458321025917531,0.45442238181123706,0.3708278521212965,0.2172012886875322,0.24285704881629339,0.0268948942964206,2.0
2021-04-08 01:59:23.920,0.4699472545521857,0.5321884800276998,0.11909468432981594,0.8929865241357151,0.10004481260435502,0.13954560798823903,0.8411158650276522,0.8875649661893485,0.932773582989436,0.5407890863069204,0.4267995696091988,0.38002627539942546,0.21137031047947516,0.28571365877527954,0.048899876093508,2.0
2021-04-08 01:59:23.940,0.6164432573727336,0.5774384909242903,0.5231166635963819,0.8937989611846925,0.1007111528667755,0.1388504141015061,0.837218303668003,0.8706799093161458,0.9309723391135465,0.5743102984886141,0.4270162191166657,0.37214191228229393,0.20845489601101283,0.257142585469286,0.061124782525203904,2.0
2021-04-08 01:59:23.960,0.5979362846645075,0.5664567737130545,0.44960030119621924,0.892764950395085,0.11561167088601373,0.14183024702850924,0.8476441179820868,0.8514033432477784,0.9205346166146284,0.565410862270845,0.44532310249762447,0.37503284597019937,0.20408169967275272,0.23571318334653316,0.036674969661812454,2.0
2021-04-08 01:59:23.980,0.5794293119562816,0.5554750565018187,0.3760839387960567,0.8957583758281008,0.13583346441834593,0.13495036447283293,0.8424282282258336,0.8452838435363849,0.9220206374108824,0.5238801647774496,0.4295076880092106,0.37450722224998395,0.19825072146469613,0.29285679281619853,0.036674969661812454,2.0
2021-04-08 01:59:24.000,0.6375436781196034,0.5642647523492743,0.14668116591759392,0.8991862001310386,0.17877504826801557,0.12919977881637013,0.8503432881784231,0.8012062190137537,0.9064615661253399,0.5381192554415897,0.44553975200509144,0.36530879961719903,0.2069971141412155,0.37857147559185333,0.0660146950245371,2.0
2021-04-08 01:59:24.020,0.8409061230005777,0.6271751988447215,0.6884908993870167,0.899531467109206,0.18054769729551365,0.12906415389985057,0.8504319765282343,0.7992688349214618,0.9059123563457416,0.5565114260530759,0.4363321479377453,0.3681997324446457,0.2069971141412155,0.34285726824494495,0.05378978859284156,2.0
2021-04-08 01:59:24.040,0.7255987460099035,0.5966477822709471,0.5144509385730879,0.8997774676656523,0.1897262775632533,0.12917936935549892,0.849874916512631,0.7892615862275467,0.9036236581827798,0.569563932505804,0.4299409874674698,0.36530879961719903,0.20991252860967824,0.37857147559185333,0.0440099635941748,2.0
2021-04-08 01:59:24.060,0.6102913690192293,0.5661203656971726,0.3404109777591591,0.9000234682220986,0.198904857830993,0.12929458481114728,0.8493178564970276,0.7792543375336313,0.9013349600198182,0.598932072024442,0.4451064533448177,0.3592641218870833,0.20553933227141816,0.37857147559185333,0.058679701092174755,2.0
2021-04-08 01:59:24.080,0.7717931073005179,0.6256985861147014,0.761491477702183,0.9012535287509397,0.19343130180808052,0.12640111711741553,0.8531279569461219,0.7852125237873122,0.9006643997971797,0.5903292836805986,0.4336240290944082,0.37187910149775966,0.21355690864860521,0.38928544522439057,0.04645491984384122,2.0
2021-04-08 01:59:24.100,0.3274033352130642,0.5343267335857549,0.32662982495501414,0.9000911761217308,0.2073003911309985,0.1310758061316884,0.8467641143982769,0.7701241040004223,0.900468078546303,0.5710471718754321,0.4166170400982997,0.36399473924108694,0.2069971141412155,0.3714283415509343,0.04156488216114565,2.0
2021-04-08 01:59:24.120,1.0,0.6601732095524329,0.40702278387738183,0.902146955419733,0.20678150226810416,0.12303823886543845,0.8566264324587477,0.770687632890919,0.8947105221550403,0.5840996782067553,0.4153171457134495,0.3558475670603387,0.20408169967275272,0.3857146096327723,0.048899876093508,2.0
2021-04-08 01:59:24.140,0.661476547496416,0.5588684748092493,0.7927059464976399,0.9017386868906073,0.20176453766136546,0.12156957453060022,0.8586563824456798,0.7761411094947614,0.8949042507555017,0.6164342990141514,0.4232248527359938,0.3726675377234269,0.20408169967275272,0.3571428048979417,0.07579477038992896,2.0
2021-04-08 01:59:24.160,0.7837242858712641,0.5423781584346542,0.6637188154815618,0.9015866400678083,0.1943147019203775,0.11996280656841092,0.8609713250644582,0.784250592573426,0.8955987929944799,0.6161376511402259,0.42214160519865895,0.3858081414630367,0.20408169967275272,0.3714283415509343,0.05378978859284156,2.0
2021-04-08 01:59:24.180,0.6079156803448261,0.4986022902005006,0.48005270751046014,0.9012734513312153,0.195129455556486,0.11927475775343094,0.8617731712581888,0.7833624896478137,0.8948630564211286,0.6253337328038236,0.41412557342238115,0.39421812789166577,0.19387767439756795,0.37857147559185333,0.0660146950245371,2.0
2021-04-08 01:59:24.200,0.6925877744384472,0.4368725925961885,0.5820757796497478,0.9008665398474126,0.19372266454221732,0.11752050649676679,0.8639819051999409,0.7848953055376948,0.8938698552579446,0.6303767442324627,0.40405136955186616,0.388961886602332,0.18075808538278848,0.3071430608980324,0.0440099635941748,2.0
2021-04-08 01:59:24.220,0.6673314503325353,0.44410169155439994,0.5641330937207272,0.900484430532388,0.19168073970733823,0.11466542595922682,0.8675618295161928,0.7871201602176621,0.8921605064356568,0.6090181011947717,0.38964417375871074,0.3637319271658645,0.16763849636800943,0.34285726824494495,0.05378978859284156,2.0
2021-04-08 01:59:24.240,0.6303979053214491,0.4649282121298656,0.5501526033303774,0.9004791467176192,0.1915970094762921,0.10978231867587115,0.8735068338266936,0.7872118371031014,0.888286510570963,0.6770987928740895,0.3719330787399125,0.318922470491588,0.160349885561287,0.31428546351011016,0.061124782525203904,2.0
2021-04-08 01:59:24.260,0.6064955987137985,0.4516879529781926,0.5326281878028692,0.9008089087311373,0.18726843357976297,0.10310923477708663,0.8818162692304355,0.7919319797534169,0.883895064894256,0.7265648301003589,0.3646482379430226,0.2998028898680096,0.1457726639478421,0.24285704881629339,0.061124782525203904,2.0
2021-04-08 01:59:24.280,0.6037287412945926,0.381054574935209,0.531623943278831,0.9013095429621493,0.16930799118862455,0.09524390035740193,0.8922565548188054,0.8115629216054998,0.8816457246049565,0.7760308673266283,0.35736339714613263,0.2806833092444313,0.11953348591828358,0.18571417077546923,0.061124782525203904,2.0
2021-04-08 01:59:24.300,0.5857911776907891,0.36054431756913236,0.5208250307994229,0.9018910513197584,0.14272868357606897,0.08627167132654916,0.9115898723596082,0.8536843128354996,0.877760998048267,0.7269356356935965,0.3380815936415241,0.2789750307554856,0.10932946064309881,0.1428568293876377,0.05378978859284156,2.0
2021-04-08 01:59:24.320,0.5623285026227042,0.43183713180710975,0.47902688264362453,0.9026314206000865,0.11927940901232814,0.07552198129215532,0.9345673085079444,0.8831442067131495,0.8664033887784587,0.689409678427955,0.32833237023876316,0.28988173402836315,0.07580182107794935,0.04285734138782738,0.05378978859284156,2.0
2021-04-08 01:59:24.340,0.5534201669912576,0.474338364011585,0.45026052697932195,0.9036041044904111,0.10436172937404274,0.06294989423134321,0.9505167089273222,0.8934671321869271,0.8548996548505327,0.6864431996886986,0.33342363277758635,0.29986859288681533,0.05539362125644787,0.05714214661198292,0.04156488216114565,2.0
2021-04-08 01:59:24.360,0.5341866367022489,0.4536828004060456,0.4174993062155592,0.905166742179983,0.09217967337821935,0.04381121864146778,0.9653122069928544,0.8998783212453261,0.8426594641685845,0.6499555087677484,0.3439311330030838,0.3103810758957123,0.036443203304743294,0.028571073305989382,0.06845977645756625,2.0
2021-04-08 01:59:24.380,0.5122218352786219,0.5019388493018728,0.36432959438570367,0.9069026196980384,0.09087889191658499,0.026170257126251352,0.9785642979199909,0.8981184225215114,0.8291631343605212,0.5962622411591113,0.36180471293585603,0.32982916515987787,0.02332361428996425,0.0,0.061124782525203904,2.0
2021-04-08 01:59:24.400,0.4989110860464063,0.5555651095445004,0.3276975931172781,0.9083550912933473,0.10247479781611868,0.01622701190526688,0.9892236696884346,0.885237414467359,0.8148953470178317,0.536339365769939,0.38563615875722235,0.3558475670603387,0.005830978208056602,0.007141671183236534,0.07090473270723303,2.0
2021-04-08 01:59:24.420,0.49861318177182806,0.6117584330340964,0.29741819330013525,0.9100861614061624,0.12428325229149945,0.00819527524290471,0.9968401413603484,0.8610905341425276,0.8004223081839472,0.4707801929166636,0.4172669903940017,0.3952693761925555,0.0,0.01428553665299677,0.0831297643222913,2.0
2021-04-08 01:59:24.440,0.48636699759739505,0.6567364390460362,0.26503673356012375,0.9120429918887959,0.1597769435879882,0.003096792399836916,1.0,0.8220095703096266,0.7863014376981134,0.3954316183709709,0.46384663627270073,0.4583442763970844,0.005830978208056602,0.07857154873473576,0.078239601456233,2.0
2021-04-08 01:59:24.460,0.45138035764472245,0.7219749780329648,0.20469699103924066,0.9146978056403885,0.21559130012116262,0.001353732898139319,0.9976903033158763,0.7611254092196552,0.7713175026963203,0.315633333000684,0.5182256644202106,0.5250985392012865,0.03498542143494637,0.2750004205715835,0.05990224180868915,2.0
2021-04-08 01:59:24.480,0.42938856818609594,0.8900263666963979,0.13568756606306662,0.9186400223040505,0.26779236626558245,0.0,0.9949768807516183,0.7048455642017287,0.7570484622392636,0.29486798182588947,0.5840871111435665,0.5776609542457714,0.08017486814507753,0.41428568293876583,0.06845977645756625,2.0
2021-04-08 01:59:24.500,0.422585745851848,0.8592798365512909,0.09714459125796149,0.9229960800446544,0.3535048027906795,0.007040336831263774,0.9801596718656147,0.613909990498056,0.7434143042544112,0.3918718584524442,0.6643557598666314,0.626018393295873,0.13155973853071504,0.4571430243265932,0.06479227949138508,2.0
2021-04-08 01:59:24.520,0.35339745062814815,0.7191991358136302,0.10410162875471188,0.9234758677496389,0.46106675084838433,0.03478201212318692,0.9412045181960835,0.5025698193851778,0.7435859377118905,0.4781963873367078,0.7475491760538501,0.6804204907157679,0.18294460891635256,0.5000003657144206,0.061124782525203904,2.0
2021-04-08 01:59:24.540,0.2596906372492572,0.6865984281241901,0.09001953198330735,0.9193795831318456,0.5550465472361638,0.08263783430227453,0.8820235657391838,0.4080118188001761,0.758729796033455,0.36814001882600594,0.8187185117705826,0.7498028957836637,0.30320698576953525,0.6785714024489709,0.09290958932095807,2.0
2021-04-08 01:59:24.560,0.2322998132397232,0.876049715435557,0.049446184353743275,0.9123305988773829,0.6504694972615289,0.14481146014677085,0.8077884226209393,0.3147857021703028,0.7692992971915272,0.13260157293569455,0.8707144112956651,0.8304861792143318,0.39795922479918916,0.8000002925715382,0.11491457111804546,2.0
2021-04-08 01:59:24.580,0.27132400671549295,1.0,0.0,0.9030379856042323,0.7704279445952135,0.21773699184291942,0.7228846980307888,0.20183496559655867,0.7544921233335901,0.0,0.8942208819691806,0.9261498348274089,0.4897959000892493,0.9428571219591758,0.156479202912466,2.0
2021-04-08 01:59:24.600,0.25553785473636187,0.9298650536744382,0.04814858535789647,0.8880775137358973,0.8983416488945145,0.30739937621739677,0.6259639967830147,0.08695512018920805,0.7113187612840607,0.07890836360138129,0.9194605416092276,0.9971090306030552,0.5918367499256256,1.0,0.23471880436869902,2.0
2021-04-08 01:59:24.620,0.2123665669894422,0.7392650862830531,0.1408257202882678,0.8681419693464828,0.9793460299557212,0.412153253470397,0.5225456746174241,0.01734477994518633,0.6523358779188905,0.19222781259142538,0.9656068884729927,1.0,0.6836735744868172,0.935713987918261,0.33007347512268626,2.0
2021-04-08 01:59:24.640,0.17752468070991317,0.5169879983231982,0.2333731830588862,0.8473599607184463,1.0,0.5236294282990548,0.41902755225861726,0.0,0.579383534852128,0.37970927862481535,1.0,0.9295663509335084,0.7784256642453397,0.8857142439183517,0.4425428396243398,2.0
2021-04-08 01:59:24.660,0.12939922723369096,0.37242107261078417,0.2867952686441933,0.8286552997470583,0.96453239744278,0.6318052512953658,0.3212740944566889,0.02988693508649092,0.494057306763679,0.42428062957345697,0.9785516956574934,0.8559789698712295,0.8469388745165669,0.7285718778777173,0.5501222916266602,2.0
2021-04-08 01:59:24.680,0.02261277415110692,0.14045745398493034,0.37928227867069914,0.8142116311603939,0.8921359920554786,0.7291958279015296,0.23470413280361124,0.09239001802600129,0.39824346205943467,0.4688519805220986,0.9571033913149868,0.7823915888089504,0.9110787391784031,0.6928562076731264,0.6772616439930388,2.0
2021-04-08 01:59:24.700,0.03550253492796397,0.008295279897783621,0.5371951264764192,0.8043192038544245,0.8018979673255086,0.8116543124526545,0.16311350365342994,0.17302462543907565,0.2987539016327978,0.358943937162408,0.803444715287608,0.7335085385152856,0.9446063787435521,0.6500003291429773,0.7579462016989384,2.0
2021-04-08 01:59:24.720,0.14303925025899084,0.21152938796691478,0.6459551188094201,0.795579196760831,0.7160669771047069,0.8797586764690666,0.10796823856290476,0.25241575353964724,0.19985048185056123,0.4357757340810512,0.6932784770933262,0.672798934080877,0.9781341675798331,0.5571425123264035,0.843520797087534,2.0
2021-04-08 01:59:24.740,0.0,0.09391766165406625,0.8042249708511828,0.7871257572168536,0.6281985256091374,0.9311553089037978,0.06653356377919004,0.3362843374557462,0.11742571764887563,0.4847226405630718,0.6237339816498276,0.5681997152354701,0.9839649965167577,0.47142856097959,0.889975591748013,2.0
2021-04-08 01:59:24.760,0.17874666438063289,0.0,0.9606353782283186,0.7814436640824289,0.5453290690429634,0.9628765732138227,0.02873482206860732,0.45055534287479687,0.04948444930441557,0.36576683097840723,0.5658885560629433,0.463074893751088,0.9912536073234807,0.535714573061329,0.9633251805582227,2.0
2021-04-08 01:59:24.780,0.40121004348759653,0.23276854422131274,0.9976120508026788,0.7757917291148126,0.4589611048450252,0.9863146807150983,0.00835534319553406,0.5261195830048472,0.014846740583994187,0.11954907133916014,0.4961274111119777,0.3939553158164434,0.9970845855315372,0.5714287804082415,0.9731051057035792,2.0
2021-04-08 01:59:24.800,0.4368403259296634,0.45679314152286277,1.0,0.7656291776062807,0.4160575959326808,0.9992888728849295,0.0021178408921310077,0.5487691823741534,0.0006118222871228669,0.04301395385970141,0.4278828171465336,0.35505912868352446,0.9985422181302026,0.5428569756734067,1.0,2.0
2021-04-08 01:59:24.820,0.49069246253795007,0.4686136966636091,0.9644522437030859,0.7566240847018029,0.40499677854092675,1.0,0.0,0.5602101331570253,0.0,0.2850785995582466,0.3746953612900921,0.3385019700956587,1.0,0.6214285244081467,0.9828850809222809,2.0
2021-04-08 01:59:24.840,0.552032126193753,0.2622452921033052,0.935816265773017,0.7515495725191739,0.3925557975797038,0.9886025308125821,0.0016755718557404547,0.5731182656702029,0.025940792535494347,0.569563932505804,0.33277368248188444,0.33587384934343445,0.992711389193278,0.6785714024489709,0.9559902366992051,2.0
2021-04-08 01:59:24.860,0.6184623123237112,0.22540119816780022,0.9032421586089756,0.7507108723121985,0.36912530075160205,0.965609483352349,0.006335931986418116,0.5975438275007724,0.0780854163947084,0.7178878791810098,0.29161027606316064,0.33771353171884444,0.9868805602563525,0.6928562076731264,0.9144254046114044,2.0
2021-04-08 01:59:24.880,0.5632287528980201,0.3191155548319785,0.8131334427424665,0.751572454613186,0.3338951518964898,0.9356720082697305,0.01367187515269704,0.6345481881834932,0.1462560622828376,0.7695046043878769,0.25477985979377626,0.3324572923655429,0.9693877749033133,0.6678570671020151,0.8178484309892916,2.0
2021-04-08 01:59:24.900,0.45151237317032805,0.26872370420403485,0.7747538285367003,0.7529156263133744,0.29496451931459416,0.9020018575684308,0.024812145112715994,0.6758152265625204,0.22230822139673187,0.7623850602698553,0.217407824188977,0.29960578296273976,0.9526239551207384,0.6875001371429083,0.7524450125821798,2.0
2021-04-08 01:59:24.920,0.38057236303691205,0.2553755855586513,0.7071352261276643,0.7541610330036886,0.26112442312333467,0.8656339869111674,0.04124887018907342,0.7119983083856822,0.30219822330564267,0.7419163496846959,0.17483618621856223,0.2478317890858935,0.9358601353381638,0.7071432071838014,0.6870415941750679,2.0
2021-04-08 01:59:24.940,0.33359119785220204,0.23865505590706662,0.6477807397688866,0.755467218000496,0.23717719225446113,0.8257162831152716,0.06466095274147775,0.7377742788517707,0.3857293146502911,0.7125482174503482,0.12955645157107334,0.1908015709137743,0.8833819285501787,0.8071419637547746,0.5892420923547768,2.0
2021-04-08 01:59:24.960,0.3419276565461597,0.256797495691733,0.6180114666455019,0.7569945580750145,0.2238795540626401,0.7811294580154176,0.09655399165200584,0.752146185635795,0.4730223849580874,0.6727973974881193,0.0851432936738399,0.1306176207458676,0.8440233107769722,0.9142860486531864,0.47677265274310554,2.0
2021-04-08 01:59:24.980,0.36171057069316837,0.27820335824059883,0.5755782941453733,0.7588635415279545,0.22274884963281827,0.7319738055097197,0.13774381184935458,0.75337019375139,0.5609078614821206,0.7078018466113445,0.04993771767768956,0.06622865156063881,0.7886296895205244,0.9571433900410139,0.3838631385321651,2.0
2021-04-08 01:59:25.000,0.3251509964635535,0.2408745726410802,0.5125727523148053,0.7621206668532267,0.22606639068525808,0.6786115272184327,0.187640859404495,0.7497796509549974,0.6471016480139151,0.8605754992549507,0.027189545993173546,0.014191869271186494,0.7332360682640765,0.9142860486531864,0.27139377403051146,2.0
2021-04-08 01:59:25.020,0.26650139530300576,0.1735607524867493,0.4622902538192692,0.7677548591750759,0.2136976347441056,0.6211554326515583,0.24484760481647172,0.7631795123200754,0.7328147139479103,1.0,0.016140373233230188,0.0,0.6516035675203335,0.8999997805713484,0.22493897937003227,2.0
2021-04-08 01:59:25.040,0.22652994485919487,0.20942591042893877,0.4378697083239181,0.7746056743897367,0.17521389687883251,0.5621533830393723,0.30680946554245736,0.805099376662083,0.814893834638423,0.9860575523535919,0.0,0.005519068637699489,0.5670555030369959,0.8500000365714433,0.13202939004907457,2.0
2021-04-08 01:59:25.060,0.18065692530255123,0.27786462206968265,0.4122931729965898,0.7809275537600724,0.12985719993794123,0.503600778157465,0.37301524831369787,0.8549350938468423,0.8853231111465054,0.8549391945065573,0.005524550913950939,0.024178730280785588,0.48396507115232373,0.814285829224535,0.1295844337994078,2.0
2021-04-08 01:59:25.080,0.17207680927266872,0.2902613012088194,0.3574642157665773,0.786517598798963,0.0968601779021145,0.4473035372386586,0.44131349447499885,0.8914710640706226,0.9375779802628149,0.7795906272451549,0.0551373023102947,0.04967151018194853,0.4023324211374489,0.7785723533064636,0.08557459538859535,2.0
2021-04-08 01:59:25.100,0.21429332161618994,0.2778775996968045,0.29976301837012514,0.7917833388789327,0.07331743792880961,0.3953867417025014,0.5373276239426334,0.9278235182635501,0.9822575569746091,0.7051320181741105,0.0935926209184495,0.06202365405478615,0.32944601452796185,0.7285718778777173,0.061124782525203904,2.0
2021-04-08 01:59:25.120,0.33589210994016955,0.42813866368978903,0.25205240283389424,0.796755697309366,0.055158597986534344,0.3491510011672663,0.5918453372592627,0.9380964947085942,0.9911287784873045,0.6454316299044308,0.12614421030201184,0.07588699478727623,0.253644342721144,0.7000000731428866,0.061124782525203904,2.0
2021-04-08 01:59:25.140,0.413516287295594,0.5265992401379676,0.23629342056914857,0.8013308601230441,0.04471890807159433,0.30780781893933745,0.6463630505758918,0.9483694711536381,1.0,0.5857312416347511,0.1586957996855742,0.08975033551976626,0.19679293959489877,0.6928562076731264,0.05134483234317478,2.0
2021-04-08 01:59:25.160,0.4680463495800109,0.5904036024165518,0.18634071051057746,0.8081681019971434,0.056286608888702974,0.2556888521426267,0.7117251361656222,0.9263550654967796,0.9891326897309133,0.5259566974668322,0.22629044867521955,0.13272013025452864,0.1501457110149703,0.6214285244081467,0.05134483234317478,2.0
2021-04-08 01:59:25.180,0.4937358695326718,0.6171786585029078,0.1420584649251066,0.815935020974146,0.09939332522299339,0.21310723885152388,0.7464199075949329,0.888657881767431,0.9725977736363546,0.6552951729265067,0.2791529249505575,0.15348226913907165,0.11953348591828358,0.6714282684080518,0.06845977645756625,2.0
2021-04-08 01:59:25.200,0.5017047960662844,0.5998603389911071,0.1426295781136207,0.8213599107098825,0.11330397182970259,0.1912245130079646,0.7744013086847894,0.87323463852372,0.9600045503895505,0.7967962185014229,0.33494017755655414,0.16819974965382128,0.08017486814507753,0.5642856463673226,0.058679701092174755,2.0
2021-04-08 01:59:25.220,0.5320777009429963,0.6339676054899039,0.15057596995378708,0.8263706995089345,0.09718036138213987,0.17414524238965823,0.7967962193620022,0.8911154713371001,0.9552437240467591,0.8377336153907735,0.37718682796601066,0.1900131325369601,0.07142862473968967,0.4785709635916678,0.0440099635941748,2.0
2021-04-08 01:59:25.240,0.5270063735394416,0.6677254588715468,0.163210491110182,0.8302443420738216,0.06488184802470538,0.16252709752031455,0.8126917062711279,0.9270957011491469,0.9561462544634817,0.8042124032090797,0.408925985243174,0.22391589669409367,0.05102042491818818,0.3928570122448501,0.058679701092174755,2.0
2021-04-08 01:59:25.260,0.51806930386829,0.6490373407655202,0.17152252407608404,0.8335479678563893,0.04010501063866479,0.15570771334813385,0.8222358830217554,0.9548396687559983,0.9575298655683392,0.7564520930789552,0.4321074825421395,0.2614980256020474,0.045189595981263084,0.3285710001631069,0.048899876093508,2.0
2021-04-08 01:59:25.280,0.5373871731393173,0.6445986200113997,0.19499659953314372,0.8361485286683621,0.01943018499455753,0.1517479634057404,0.8279920102304327,0.9780822201577947,0.9595113706661452,0.7060219593677907,0.45279751050523487,0.29697765790822167,0.03935861777320606,0.3071430608980324,0.0440099635941748,2.0
2021-04-08 01:59:25.300,0.5659156528187143,0.6184172438310592,0.23773246348551527,0.8381393026080564,0.0057058535435126805,0.15075322107064193,0.8297130911556592,0.9935562237301102,0.9617975121877254,0.6541085790027074,0.4647132325292675,0.3227332412800193,0.04446070504636441,0.26785692081624596,0.03300747269563128,2.0
2021-04-08 01:59:25.320,0.5927079595925463,0.5936527520245879,0.2847135424273451,0.8397403677789164,0.0,0.15160379444809707,0.8287969836579364,1.0,0.9635622429036024,0.6057549755528285,0.4656881579728204,0.34533508190029477,0.049562643048390836,0.22142837812237762,0.036674969661812454,2.0
2021-04-08 01:59:25.340,0.5994073811122702,0.563082369155699,0.3303676149063686,0.8409995903455523,0.0031337270295961972,0.1533008945197938,0.8265080283518143,0.9964601634455539,0.9640045778716451,0.5879561006163505,0.46438826004136813,0.36110380641364026,0.05102042491818818,0.24285704881629339,0.034229888228783305,2.0
2021-04-08 01:59:25.360,0.6433909192528096,0.5312845678233502,0.3594263818392879,0.8422244536795389,0.010349841528224612,0.15457598468336972,0.8246366134810202,0.9883160378623916,0.9632900146100172,0.6122812275651441,0.4660131313473703,0.36189224177884877,0.053935988657782444,0.22142837812237762,0.009780075365391496,2.0
2021-04-08 01:59:25.380,0.7000167572527096,0.5307611256944166,0.3769733538152222,0.843461253237708,0.012108214859160983,0.15542477414015068,0.8234864638077029,0.9863333291506319,0.9634555121281807,0.642242661617585,0.46807130255495705,0.35637319121078354,0.05685125385511328,0.20714357289822208,0.02445006323011655,2.0
2021-04-08 01:59:25.400,0.7289362248537804,0.5306152781620724,0.40340316851198765,0.8446175309235981,0.0070479229361729515,0.15642055866048513,0.822357204055991,0.9920416080006718,0.9651691100164267,0.6268169697453552,0.46687973026388874,0.34848882680296384,0.0626822320631703,0.2142852440814586,0.034229888228783305,2.0
2021-04-08 01:59:25.420,0.738806371152869,0.5656505693410848,0.41579044905867407,0.8458101427761822,0.0016494393768502077,0.15702955162242985,0.8217348219904266,0.9981365523692987,0.9667007902672135,0.5698605815937781,0.46265506486828284,0.34848882680296384,0.06559764653163265,0.17142790269363123,0.0,2.0
2021-04-08 01:59:25.440,0.7397697484662429,0.5905982370411021,0.4178918823729106,0.8471344168984134,0.004505579142307033,0.15688958896195515,0.8218288266376522,0.9949113649482111,0.9660063920643693,0.5533966233768567,0.45507233077696324,0.3490144509534087,0.07288625733835509,0.22142837812237762,0.02445006323011655,2.0
2021-04-08 01:59:25.460,0.7410266156272034,0.5802285173252364,0.4328821942503576,0.8485015678781945,0.013580035326769616,0.15597372408782456,0.8227322219300867,0.9846739775241812,0.9634883523667721,0.6277069157952289,0.45615557875762336,0.3463863302011845,0.06997084286989275,0.18571417077546923,0.007334993932362348,2.0
2021-04-08 01:59:25.480,0.770423939459538,0.5101408256597187,0.43927651562608017,0.8501198588626667,0.019747674946929854,0.15477334264427256,0.8240868301475031,0.9777248425645559,0.9613949311927141,0.6199940686450655,0.45149761346043304,0.35295663208174505,0.07288625733835509,0.17142790269363123,0.007334993932362348,2.0
2021-04-08 01:59:25.500,0.7690986523405945,0.5245954907875748,0.4480671905782629,0.8514262892825641,0.015211389589377174,0.15407664650855082,0.8251278628163852,0.9828349770629301,0.9619271447084805,0.5811331995889037,0.44743543523975987,0.35978974576863476,0.08017486814507753,0.18571417077546923,0.0220049817970874,2.0
2021-04-08 01:59:25.520,0.7570566884901394,0.5666463639644695,0.44557011277164027,0.8525270551527473,0.010196195015096157,0.15295366844414643,0.827882490594649,0.9854572334631125,0.9610774755529989,0.5422723305327423,0.4433732570190868,0.3666228594555245,0.07288625733835509,0.22142837812237762,0.0171150692977542,2.0
2021-04-08 01:59:25.540,0.7630450014593965,0.5394077620029164,0.4455895325210794,0.8543682480498681,0.022902045942039012,0.14985282936109592,0.8315927541055304,0.9659320039842397,0.9551398739940209,0.5221002751057989,0.44380655621135084,0.3784494033783203,0.07580182107794935,0.24285704881629339,0.0268948942964206,2.0
2021-04-08 01:59:25.560,0.7569339044611116,0.4635461581287307,0.4487755705401377,0.8564062702654508,0.04888079308536062,0.1468763671052614,0.8332534325104254,0.9449991692289321,0.94982738925735,0.5636309750272912,0.45084766582468266,0.3784494033783203,0.08017486814507753,0.24285704881629339,0.0220049817970874,2.0
2021-04-08 01:59:25.580,0.73775142559271,0.4037026264677208,0.461002613294332,0.8576142427161603,0.06288794493998527,0.1465720865725812,0.8332036899482187,0.9371615256937589,0.9481508086555863,0.5855829176977884,0.45788877393070854,0.37687253092698575,0.08600584635313456,0.2285715121632966,0.007334993932362348,2.0
2021-04-08 01:59:25.600,0.7299853870021261,0.4115259689615365,0.4577242702303467,0.8581171723748998,0.07007712416208207,0.1472086270253579,0.8331539473860118,0.9293238821585857,0.9464742280538228,0.5618510877837374,0.46135516605018,0.38659657771021544,0.08746362822293148,0.24999945142837116,0.02445006323011655,2.0
2021-04-08 01:59:25.620,0.7222193484115421,0.4193493114553521,0.45444592716636134,0.8586201020336394,0.07726630338417902,0.14784516747813461,0.8310274596924977,0.9132742342843644,0.9440356963022885,0.5066745832335688,0.46189679159214847,0.39369250374122094,0.09475223902965392,0.264285719510205,0.004890162866058295,2.0
2021-04-08 01:59:25.640,0.7079710934828489,0.41948855849059724,0.4491736205662458,0.9938961256298279,0.009607659222885104,0.16002983391379297,0.817611689349666,0.9891521635095925,0.9668766583870375,0.4681103547670425,0.46265506486828284,0.3892246984624397,0.0991254353679136,0.31428546351011016,0.0220049817970874,2.0
2021-04-08 01:59:25.660,0.671923567893631,0.4495847926214647,0.4614385961743898,0.9987311626228834,0.12899380888821035,0.15139704273648621,0.8246689803505739,0.8558877491988685,0.9340685398537106,0.484425995117243,0.4641716096472506,0.3760840947013185,0.10349848243504178,0.3357141342040259,0.02445006323011655,2.0
2021-04-08 01:59:25.680,0.6669991596483013,0.46349939995413225,0.45801910330111245,0.9993196294469365,0.15372770374766662,0.15348470407262893,0.8211325011295177,0.8286514119213917,0.9292681035740218,0.5582913132966297,0.46742135225925513,0.3645203621008436,0.1144314732806912,0.38928544522439473,0.008557534648876744,2.0
2021-04-08 01:59:25.700,0.666032080951367,0.4681504504725724,0.4410492100910897,0.9998195418453298,0.16558503574542077,0.1560406117240506,0.817486842359351,0.8156420832709536,0.9278633191574409,0.6363097065671691,0.47283759171923034,0.3637319271658645,0.11807585331961817,0.3285710001631069,0.014669987864725051,2.0
2021-04-08 01:59:25.720,0.659284418456346,0.4466275338965866,0.43669164826841605,1.0,0.1651314072096655,0.15970330601249427,0.8129032636358924,0.8161379227088678,0.9302066430242873,0.6401661265001055,0.47251261479807827,0.37503284597019937,0.12244904965787785,0.32142932897987037,0.031784931979116526,2.0
2021-04-08 01:59:25.740,0.6460369587833811,0.4339387479527848,0.437384409443482,0.9999106082485026,0.16501566247851335,0.16378232983006988,0.8077755618720467,0.8162655672219276,0.932648631643042,0.5790566637429952,0.46427993617428515,0.38659657771021544,0.1282798785948034,0.34285726824494495,0.0268948942964206,2.0
2021-04-08 01:59:25.760,0.6255288260252362,0.4871767083594219,0.4275772199173659,0.9997534219774588,0.17371587223505547,0.16710491025292254,0.8032905379209541,0.8067368502353419,0.932329015461314,0.5357460748782814,0.4584303985860265,0.38659657771021544,0.13265307493306305,0.34999893942818144,0.0171150692977542,2.0
2021-04-08 01:59:25.780,0.6046237960162835,0.5231252306171991,0.4301108011498451,0.999573830021931,0.18776485072623667,0.16995274243909164,0.7992293792354962,0.7913897610062022,0.9302766445854951,0.5556214800032022,0.457780449176975,0.38239158429154196,0.13411085680285997,0.32142932897987037,0.02445006323011655,2.0
2021-04-08 01:59:25.800,0.6098096144755724,0.4933372303938915,0.4301675608513206,0.9994016585057234,0.19956423340048174,0.1727035856749217,0.7953755092407023,0.7785351742845201,0.928674098556696,0.6018985507636984,0.45973029563082835,0.3816031480658747,0.1399416857397855,0.34285726824494495,0.0220049817970874,2.0
2021-04-08 01:59:25.820,0.6275935918918617,0.4813547802854967,0.4310024652333659,0.9991819037832923,0.20358974895706614,0.1756497306683511,0.7915415284527066,0.7741554260168074,0.929177072737225,0.6075348627963824,0.4576721244232416,0.3842312689256563,0.13848405314112008,0.34999893942818144,0.02445006323011655,2.0
2021-04-08 01:59:25.840,0.6418636256194016,0.517667495115297,0.4295953269326882,0.9989887991211427,0.204634068107155,0.17821990029611015,0.7882788698208417,0.7730212828836065,0.9302390511544761,0.5720854391913621,0.4503060418786851,0.3932982856283873,0.14723044581763944,0.32142932897987037,0.0171150692977542,2.0
2021-04-08 01:59:25.860,0.6497184621219837,0.5523510188881731,0.42037072638015394,0.9987990148890393,0.20913718459560765,0.18011487472679955,0.7857522369298633,0.7681284415340535,0.9300036961112389,0.5793533123453499,0.445431427251358,0.3955321882677779,0.1413994676095824,0.3285710001631069,0.04156488216114565,2.0
2021-04-08 01:59:25.880,0.6599195857217665,0.5484560826748855,0.42009213998436845,0.9986833195569172,0.2163576087384809,0.18136878317963354,0.7833756096249064,0.7576267596553342,0.9282212489508587,0.6146544117705977,0.4471646233110937,0.3923784433651088,0.1501457110149703,0.31428546351011016,0.0268948942964206,2.0
2021-04-08 01:59:25.900,0.6701207093215494,0.5445611464615981,0.41981355358858286,0.9985951982308287,0.22128049227219226,0.18215537013922226,0.7822770065367787,0.7569285347037308,0.9284723039327206,0.6294868006106858,0.4501977169476215,0.3892246984624397,0.14868807841630485,0.29285679281619853,0.031784931979116526,2.0
2021-04-08 01:59:25.920,0.6880274758914087,0.5194388580131888,0.41317863131492355,0.9985699918357843,0.220107807289948,0.18348004390848457,0.781178403448651,0.7562303097521273,0.9287233589145826,0.6018985507636984,0.44499812850241915,0.3858081414630367,0.15306127475456455,0.3285710001631069,0.0220049817970874,2.0
2021-04-08 01:59:25.940,0.6897533272370805,0.5583297655406637,0.40838327405350017,0.9987659549551037,0.21904282493486282,0.18415462881690248,0.7803645604043578,0.7573835860406231,0.9293437225444621,0.6155443541783261,0.44261498365428736,0.3842312689256563,0.14868807841630485,0.271428853551124,0.04156488216114565,2.0
2021-04-08 01:59:25.960,0.6895661013589042,0.5392770129680818,0.4092103951630201,0.9988428878756027,0.21566803680005223,0.18426457935929794,0.7804574157931717,0.7592826767789969,0.929803773957008,0.6787303501104385,0.4459730510200254,0.3821287724314342,0.15160349288476763,0.23571318334653316,0.036674969661812454,2.0
2021-04-08 01:59:25.980,0.6893788754807278,0.5202242603955,0.4100375162725399,0.9989198207961018,0.2122932486652416,0.1843745299016934,0.780247570588898,0.7677220141027716,0.9320648531912422,0.6763571671190333,0.44629802528122586,0.3826543961516497,0.14868807841630485,0.16428550008155346,0.036674969661812454,2.0
2021-04-08 01:59:26.000,0.6980367147087609,0.5158549479820519,0.4155550427243627,0.9989977498456144,0.19620159499933504,0.18504752805961688,0.7800377253846245,0.7761613514265464,0.9343259324254765,0.5790566637429952,0.43784869449001407,0.3860709535597706,0.15597668922302732,0.1571430974694757,0.048899876093508,2.0
2021-04-08 01:59:26.020,0.6879111978346322,0.569896047792096,0.39955865767854953,0.009602019606821893,0.15136813504454955,0.18229986771383183,0.7847646174138294,0.8312435150096967,0.9461838512073315,0.49955503425935366,0.4269078943629322,0.39369250374122094,0.1501457110149703,0.20714357289822208,0.009780075365391496,2.0
2021-04-08 01:59:26.040,0.6951230508712564,0.6109146639041023,0.4030482115386872,0.008426558497257701,0.21430025383804607,0.18153862651140096,0.7837997719777495,0.7625259561872108,0.9293323436898625,0.5455354522897305,0.4243081002733286,0.4028909263740058,0.15160349288476763,0.2285715121632966,0.034229888228783305,2.0
2021-04-08 01:59:26.060,0.6979682244713432,0.5648227039469096,0.40913495581586584,0.008538298186629465,0.22468203290844352,0.17921873625970308,0.7863754320762089,0.751277932513697,0.9253478721102587,0.6677543812032867,0.4312408845122716,0.4076215437280094,0.1501457110149703,0.23571318334653316,0.009780075365391496,2.0
2021-04-08 01:59:26.080,0.7081966319020171,0.47124764643696077,0.41889277779445244,0.008093302813865349,0.2186726572773885,0.17838475334451792,0.7876160760768416,0.7577857203434201,0.9265515820835353,0.7214476390995365,0.4330824053257408,0.414191847759717,0.1413994676095824,0.19642814040800236,0.02322752251360215,2.0
2021-04-08 01:59:26.100,0.7003639376600916,0.4855545295395735,0.4235130794681226,0.007354954664869405,0.20273678570724962,0.17824526013685224,0.7883082658183107,0.7750842561959514,0.9307581573820326,0.649362215447994,0.4258246468255974,0.42759526574720763,0.14285710020824785,0.1428568293876377,0.04156488216114565,2.0
2021-04-08 01:59:26.120,0.6828488749836472,0.563842104613434,0.4239431702528922,0.006645191087573092,0.19576204976530917,0.1773898607845206,0.789609421792457,0.7826744262270967,0.9321665427019676,0.5354494245762589,0.41477552194478207,0.438896182830625,0.1399416857397855,0.16249971657132578,0.03728614613254796,2.0
2021-04-08 01:59:26.140,0.674451390313898,0.6097500503059883,0.41730364565947214,0.006142189245571777,0.20682563764264916,0.17502882299411404,0.7922146889766651,0.7706399555018246,0.9279857498714872,0.5336695373327051,0.4130423241117453,0.44257555188373887,0.13702627127132275,0.18214260375500974,0.03300741010394991,2.0
2021-04-08 01:59:26.160,0.6977697553477709,0.5791041663871476,0.42417212624723544,0.00565971632324577,0.21997909514709438,0.17229316186212698,0.795195677662568,0.7563698938949575,0.9229900005938607,0.6460990839786184,0.4238748003717442,0.4378449345297353,0.13119544233439764,0.12857129273464507,0.014669987864725051,2.0
2021-04-08 01:59:26.180,0.7282276617365888,0.489535898759796,0.43304557020416734,0.004911262517588291,0.21784612907753906,0.17097661901551653,0.796914764976264,0.7586815035744793,0.9228512937966529,0.726490657812466,0.43329905447854755,0.44441524071258975,0.1253644641263406,0.1071426220407293,0.004890162866058295,2.0
2021-04-08 01:59:26.200,0.7379594966440473,0.4727089585222677,0.43820216039594356,0.0038239804807221186,0.2026911111740456,0.17117422109188,0.7971886246558773,0.7751341781813555,0.9270135059658252,0.636309707417003,0.4341114904862089,0.497371868492041,0.1282798785948034,0.07857154873473576,0.004890162866058295,2.0
2021-04-08 01:59:26.220,0.7008866519367806,0.5137466591172565,0.44327423921614406,0.002164949263251504,0.19273875736949164,0.17269908362248337,0.7956097859588299,0.785967573534057,0.9304744061977133,0.47404331710174885,0.4299409874674698,0.5340341454565549,0.11953348591828358,0.1142857560816483,0.034229888228783305,2.0
2021-04-08 01:59:26.240,0.6603059973907297,0.5361203749296783,0.45203838091202414,0.0,0.2025742120738993,0.17488420336177407,0.7925372084137913,0.7752611195678606,0.9290425429879083,0.4666271178255111,0.4336240290944082,0.5261497831998821,0.12244904965787785,0.13571369534672284,0.0171150692977542,2.0
