2021-04-12 00:24:50.040,0.8967751405361486,0.9809255380951762,0.25246953914593545,0.3019379310797434,0.6784979433750961,0.7421588826879264,0.6399051785745478,0.3207757017621525,0.26939103507238177,0.3128491411402939,0.20286396549702954,0.802469135802469,0.6500028159927795,0.2727281190072968,0.4687500799999998,5.0
2021-04-12 00:24:50.060,0.17393055121174658,0.26263089731992856,0.8573145536655112,0.6976158132026128,0.6124333109835877,0.18312565066729147,0.6675846682121365,0.38688272971457355,0.8497545885573096,0.21229047964884484,0.3102625251240509,0.17283950617283952,0.6500028159927795,0.3181797024818109,0.4375001599999996,5.0
2021-04-12 00:24:50.080,0.6579840847656159,0.5978422593532902,0.04979805940978997,0.0,0.7038095110016498,0.8432396819462766,0.6499799550295348,0.2956704743351309,0.16431946609769568,0.6033519415125566,0.3508353143164812,0.7654320987654321,0.4000040959895214,0.4090921785109187,0.4375001599999996,5.0
2021-04-12 00:24:50.100,0.45772472856237656,0.5692053635186279,1.0,0.6488689386332912,0.6576780983375998,0.12324330305128496,0.7229959387146736,0.34089140765666076,0.9110594048705631,0.3966480310513059,0.3198090637575639,0.4197530813672132,0.7999979520052247,0.3181797024818109,0.25,5.0
2021-04-12 00:24:50.120,0.33100575153436584,0.2388843669935875,0.007509853703379447,0.04474369827864172,0.6862662411889832,0.6997282494807211,0.6538669362569856,0.3127063962926886,0.31326222268827936,0.4860335130133602,0.5214796962975018,0.4320987553270191,0.6500028159927795,0.6363640595036484,0.4062499200000002,5.0
2021-04-12 00:24:50.140,0.7433412669203029,0.9270162544812515,0.9248972556751734,0.7502214872127959,0.706432884481272,0.08025106328048008,0.777431106308063,0.292897074884147,0.9547955011647271,1.0,0.811455803383484,0.27160491806144554,0.6999994880012916,0.6818202975181891,0.5312499200000002,5.0
2021-04-12 00:24:50.160,0.045820221052751395,0.02896829775309478,0.20920513472804406,0.38009174492548226,0.6854074730122015,0.4178218718095297,0.7697704415122811,0.25194810944833246,0.6817695197597137,0.42458099587920645,0.23627685071432508,0.6049382756469701,0.6999994880012916,0.6818202975181891,0.4375001599999996,5.0
2021-04-12 00:24:50.180,0.4861579956409538,0.5274220257344703,0.6090444992845327,0.7637272852558488,0.8099932182289399,0.26859043458289616,0.7999468372522683,0.21588196227751869,0.6307831926065184,0.4399441205900553,0.5202863823869164,0.5216049402926208,0.3500023039941003,0.6818202975181891,0.3437500799999998,5.0
2021-04-12 00:24:50.200,0.8157782729569477,0.7923617044803127,0.16760045570589457,0.9109982346648902,0.7632969781734575,0.0,0.8301232329922554,0.17981581510670494,0.5797968654533234,0.4553072453009041,0.8042959140595077,0.43827160493827155,0.6000010239973876,0.5454515834745141,0.2187500799999998,5.0
2021-04-12 00:24:50.220,0.33817643133851766,0.5052798064119468,0.9717806539271859,0.597871097723439,0.8520584500291052,0.6434921534342573,0.8360321416743784,0.1726320139319348,0.6160737807272563,0.21787707627257666,0.29832935183215964,0.16049379684525475,0.6500028159927795,0.7727327735473234,0.4375001599999996,5.0
2021-04-12 00:24:50.240,0.36130354019379923,0.4101626620797413,0.0,0.20361073376254207,0.8680311538808829,1.0,0.7890397587631485,0.13157885415744316,0.0,0.4972066925427549,0.7350835138502579,0.0,0.6999994880012916,0.4090921785109187,0.4375001599999996,5.0
2021-04-12 00:24:50.260,0.7172589393782532,0.9187585451827955,0.9152139422228532,0.879773459597453,0.9208319484815954,0.4298050470827366,0.9240731379965582,0.0784651258891916,0.5895609986806523,0.45251395659168636,0.4868734898440416,0.33333332322825365,0.6500028159927795,0.4090921785109187,0.09375007999999979,5.0
2021-04-12 00:24:50.280,0.043399991002217496,0.0023980851564980804,0.31856826797324583,0.6410200880698829,0.9157465807770397,0.6926000372169084,0.8775513761307925,0.08400484075681071,0.3176671093025218,0.47486032433858616,0.31264915978242913,0.5555555555555556,0.8499997440006458,0.5454562380145671,0.125,5.0
2021-04-12 00:24:50.300,0.6090109865092885,0.5966363637494312,0.5366293183387267,0.7326075115337375,0.9462683929123776,0.5406712120475454,0.930766415087747,0.05334159804008334,0.4744796175283794,0.44692736271156835,0.4105011807759375,0.4691358024691358,0.4999974400065455,0.5454515834745141,0.4062499200000002,5.0
2021-04-12 00:24:50.320,0.5685860038950641,0.6922351565603343,0.5686693863274779,0.8704742779516836,0.9529752378903136,0.37654127472954363,0.9636401666347075,0.047200920924464415,0.644191608180595,0.36312847417236316,0.46539377830933487,0.3950617283950617,0.6500028159927795,0.3181797024818109,0.4375001599999996,5.0
2021-04-12 00:24:50.340,0.47200322944508066,0.5683262170487238,0.5074579157407165,0.868006746336435,0.9610912695744395,0.3747592216635994,0.9722333583169251,0.03878272676288984,0.6459176205094838,0.37430166513348195,0.4677804137491083,0.4444444444444444,0.4999974400065455,0.4090921785109187,0.4375001599999996,5.0
2021-04-12 00:24:50.360,0.4792664385421641,0.5786248972653223,0.49637003665943985,0.8478399254490391,0.9648625490621788,0.3941556035761782,0.9726342577260129,0.035043537294488204,0.6257915816438443,0.4301675856439039,0.46539377830933487,0.4938271594833192,0.7500012799967127,0.6363640595036484,0.4062499200000002,5.0
2021-04-12 00:24:50.380,0.4655250226706177,0.5431408083845829,0.49992024584085837,0.8428261112095569,0.9640873522851514,0.4024958801548404,0.9708040647713917,0.03546916969213944,0.6171682076885951,0.38547485152191113,0.45107397055441417,0.4691358024691358,0.6875003199991709,0.5568179702481824,0.32031248000000007,5.0
2021-04-12 00:24:50.400,0.45928604872136625,0.5376309704638801,0.5032408555936323,0.8365719685783464,0.9662256274098809,0.40102899733949726,0.9726168273169032,0.03386817792732791,0.6186577968290722,0.3128491411402939,0.460620509383276,0.3703703602652907,0.6249993600016291,0.47727188099271645,0.2343750399999999,5.0
2021-04-12 00:24:50.420,0.4675486804426692,0.5739925101778179,0.49954497423945377,0.811351957946957,0.9759708210938057,0.41563915018029635,0.9791968067490344,0.02469553410667504,0.6034036592895208,0.38547485152191113,0.46539377830933487,0.3456789921355196,1.0,0.4545484165254859,0.2187500799999998,5.0
2021-04-12 00:24:50.440,0.47424833771388025,0.5878081973699804,0.49677196694312675,0.7924845287080187,0.9857870984970626,0.43264660865075066,0.9867528890902825,0.014162165353168851,0.5856694590889971,0.4972066925427549,0.47255368267516723,0.3950617283950617,0.45000076799803346,0.4545484165254859,0.3124998400000004,5.0
2021-04-12 00:24:50.460,0.47624191069538224,0.5325228628151727,0.5013082595581277,0.8030109135773458,1.0,0.43689218662772805,1.0,0.0,0.5810624437565334,0.4804469163896284,0.45346060462674603,0.4938271594833192,0.5499992320019665,0.4090921785109187,0.3437500799999998,5.0
2021-04-12 00:24:50.480,0.4734179497089,0.581563525107298,0.5020270642436994,0.8104988220161619,0.995598572946309,0.4320632083996162,0.9951020550452131,0.005752235898344348,0.5861466925899329,0.324022338960447,0.42243435406782875,0.5679012365889171,0.4000040959895214,0.4090921785109187,0.5312499200000002,5.0
2021-04-12 00:24:50.500,0.46728049979971803,0.5927485536597945,0.5003006921422516,0.7858694439522532,0.978878529450753,0.42663658020160444,0.9805999546809034,0.021440420319373293,0.5919968155899126,0.2681564093046459,0.42482098872620705,0.5432098775537177,0.45000076799803346,0.5454515834745141,0.3124998400000004,5.0
2021-04-12 00:24:50.520,0.46789295240552464,0.6068654275074442,0.49827977751094676,0.7479114576155546,0.9632276235175703,0.4299022804579296,0.9655662268393388,0.03616635674016531,0.5888305425160475,0.41620110551629835,0.4570405572003598,0.48765432098765427,0.4999974400065455,0.4545484165254859,0.0312499200000002,5.0
2021-04-12 00:24:50.540,0.47903278846159053,0.5391722284202096,0.500368808452035,0.7322465694091825,0.9669527946468219,0.43335909458963096,0.9684683899531178,0.03263555594911258,0.5851972012288222,0.4972066925427549,0.46539377830933487,0.4814814814814814,0.4000040959895214,0.22726722645267658,0.0,5.0
2021-04-12 00:24:50.560,0.46912085593845515,0.503226678791387,0.5010538340038245,0.7398526043614947,0.9766518799722588,0.4374328377225185,0.9767304038625624,0.023530210454853935,0.5808473141705175,0.45251395613441747,0.4606205087972296,0.5123456795175996,0.4000040959895214,0.5454515834745141,0.3124998400000004,5.0
2021-04-12 00:24:50.580,0.4604763198418992,0.5535797760942232,0.49932522113133093,0.7490861601664308,0.9762369047458956,0.4380866483487903,0.9764166564989298,0.023755718881901103,0.5801840024054278,0.4078212197260799,0.45584723928512433,0.5432098775537177,0.3500023039941003,0.5909078214890813,0.4375001599999996,5.0
2021-04-12 00:24:50.600,0.472402709091392,0.5631586626158539,0.49880677206636387,0.7326075115337375,0.9632064905199302,0.44999773680936084,0.9556308936570739,0.04240443932819604,0.5649413409405349,0.39944132684819256,0.45942719166338924,0.5864197530864197,0.4999974400065455,0.4090921785109187,0.4375001599999996,5.0
2021-04-12 00:24:50.620,0.48621597713479164,0.5636681318555056,0.5032183290606997,0.7147474389515682,0.9473461757919621,0.4586230077635704,0.940021962315449,0.05695150388146124,0.556874623483098,0.569832393778993,0.4868734898440416,0.6419753187470549,0.2499987200032873,0.3181797024818109,0.09375007999999979,5.0
2021-04-12 00:24:50.640,0.48370206824330214,0.5397421335160806,0.5019869084645953,0.7391700956168586,0.9306222899332018,0.46622565184080755,0.9270014467239398,0.06934620266241555,0.5517361241149509,0.648044677920894,0.4749403179195918,0.7530864197530864,0.45000076799803346,0.5454515834745141,0.4062499200000002,5.0
2021-04-12 00:24:50.660,0.46152516099797325,0.4878176302745598,0.49991997410881334,0.7710642542607614,0.9077583076695505,0.4651644669012506,0.9062287566889006,0.0906747542725572,0.5527781864698948,0.5977653494615144,0.4630071438463054,0.8518518518518517,0.2499987200032873,0.5454515834745141,0.5624998400000004,5.0
2021-04-12 00:24:50.680,0.4576120394666591,0.517895386440817,0.4986239210542839,0.7901744991107773,0.8681147252806372,0.46445701027487923,0.8854560666538613,0.11200330588269884,0.5538202488248388,0.5307262448490081,0.45346060462674603,0.8271604938271605,0.3999989760026269,0.38636405950363517,0.4062500799999998,5.0
2021-04-12 00:24:50.700,0.47129742018397747,0.5245135461709792,0.5021291405203852,0.8060625151759899,0.8354219779333103,0.45653584307203104,0.8353872165379728,0.16461701939254322,0.5631507790355386,0.5139664686958815,0.46539377830933487,0.728395061728395,0.3000005119986793,0.4545484165254859,0.4062499200000002,5.0
2021-04-12 00:24:50.720,0.47968711208581066,0.49750827992492286,0.5031173405697309,0.822462412799661,0.8198008503149788,0.4530739996278208,0.8215474717191474,0.1794427226305369,0.5669556461752299,0.5307262448490081,0.4749403179195918,0.6172839506172839,0.45000076799803346,0.1363640595036484,0.5937500799999998,5.0
2021-04-12 00:24:50.740,0.4851410836040347,0.48763378013923164,0.49896168988175715,0.8361847761174507,0.8203964166120721,0.4605794103298649,0.8207805337191293,0.17895333392366966,0.559178559161438,0.5530726176258665,0.4630071438463054,0.6296296296296295,0.0,0.4090921785109187,0.5312499200000002,5.0
2021-04-12 00:24:50.760,0.4753379122651158,0.5206407034067254,0.5014833748894884,0.856443473182002,0.8111238336026179,0.45646040338438476,0.8115772777186943,0.18908822574455947,0.5635817337272468,0.6201117268110623,0.45584723928512433,0.6666666666666666,0.4999974400065455,0.5909078214890813,0.6875001599999996,5.0
2021-04-12 00:24:50.780,0.47592214088684526,0.5094484750611403,0.5009810057424698,0.8867626116459625,0.7983643059827527,0.445320476175303,0.8010841714455098,0.20173322707281643,0.5753110310490679,0.642458085869852,0.46539377830933487,0.679012355784092,0.3000005119986793,0.5,0.4375001599999996,5.0
2021-04-12 00:24:50.800,0.48375003878261086,0.49575719122014356,0.5031591639367735,0.9258887379494521,0.7888112304591809,0.43281425240106913,0.7941120078088147,0.2110262994775527,0.5883934886517935,0.5754189766846559,0.4630071438463054,0.6543209876543209,0.4000040959895214,0.3636359404963516,0.4687500799999998,5.0
2021-04-12 00:24:50.820,0.48223586223419274,0.5035017474297304,0.4999201817935618,0.9472958872285576,0.7804646569826329,0.429863722395357,0.7872357114221297,0.21861507128309493,0.5915618482846875,0.4581005481854596,0.43675416397158606,0.5679012365889171,0.9000015359960669,0.3181797024818109,0.25,5.0
2021-04-12 00:24:50.840,0.4633330540045823,0.5241122401931284,0.49607240967609406,0.9409564310042771,0.7744580826991846,0.4300363954581844,0.7808474664900495,0.22513828625402035,0.5914701466904495,0.38547485152191113,0.43675416397158606,0.4567901204252662,0.5499992320019665,0.7272718809927032,0.4062499200000002,5.0
2021-04-12 00:24:50.860,0.46847108161476586,0.5165129850058452,0.49712969548083075,0.9252849802138197,0.7837421927982617,0.43289807427623433,0.7891617716267609,0.21610023908615855,0.5883788292370787,0.42458099587920645,0.45584723928512433,0.3580246913580246,0.3500023039941003,0.1363640595036484,0.6875001599999996,5.0
2021-04-12 00:24:50.880,0.4784249880909469,0.4824793584511439,0.49961621627169545,0.9221940031106644,0.8109989567983894,0.43722328303461744,0.8158825887643424,0.18793825083384752,0.5834859018161621,0.4972066925427549,0.4749403179195918,0.29629628619121656,0.3500023039941003,0.6818202975181891,0.3437500799999998,5.0
2021-04-12 00:24:50.900,0.4803240669543427,0.5039925771030529,0.49933074273184447,0.9321166302443218,0.8436965070997268,0.4463598674273132,0.8442941555838229,0.1572023967649586,0.5735637786192969,0.4804469163896284,0.4701670472353938,0.3086419550984826,0.3500023039941003,0.4090921785109187,0.18750015999999958,5.0
2021-04-12 00:24:50.920,0.4729474446026584,0.5456819423811631,0.49866432766296803,0.9331010178567835,0.8621494564016665,0.4560580583836086,0.8621428944937425,0.13731574131467836,0.5632496498325934,0.38826814297474266,0.4630071438463054,0.37654319977146344,0.8499997440006458,0.6818202975181891,0.0,5.0
2021-04-12 00:24:50.940,0.4703033737890258,0.5651065920586515,0.4994195439066059,0.9216558712158466,0.8728389108437259,0.4668878446545863,0.8730369001760456,0.1234437262020751,0.5461464197322139,0.4301675856439039,0.47971358586890683,0.4197530813672132,0.4999974400065455,0.4545484165254859,0.2187500799999998,5.0
2021-04-12 00:24:50.960,0.4785577343800392,0.5726489407778594,0.4986143021686602,0.9069753706219361,0.8799444010043953,0.4778852746758944,0.8764794059716347,0.11778225449393599,0.5326975971400227,0.49162010049171273,0.49403339479592023,0.4691358024691358,0.4000040959895214,0.3181797024818109,0.4375001599999996,5.0
2021-04-12 00:24:50.980,0.4733259370838186,0.5135747812211107,0.4996886454567568,0.8976499386398445,0.8876627480965905,0.4982204615903043,0.8799219117672545,0.11212078278579427,0.5192487745478316,0.4636871402365018,0.48329353873554376,0.4783950617283951,0.2499987200032873,0.7272718809927032,0.4687500799999998,5.0
2021-04-12 00:24:51.000,0.4723570244224751,0.5398047509901858,0.5003031294351767,0.9040222077845325,0.8966394691391002,0.5172564094396775,0.8847327046765553,0.10408276513474156,0.4994176360249229,0.4357541799812908,0.47255368267516723,0.48765432098765427,0.6500028159927795,0.6363640595036484,0.5624998400000004,5.0
2021-04-12 00:24:51.020,0.47138811176113155,0.5660347207592609,0.5009176134135966,0.9016514742845078,0.8884862145614043,0.5246180656258118,0.8790329609035619,0.10912836860591897,0.4944235907433818,0.4343575319685303,0.47494031728470826,0.45370370370370366,0.6000010239973731,0.6136359404963648,0.625,5.0
2021-04-12 00:24:51.040,0.4704191990997881,0.592264690528336,0.5015320973920164,0.8992807407844831,0.8803329599837083,0.531979721811958,0.8733332171305995,0.11417397207709899,0.48942954546184075,0.4329608839557697,0.47732695189424934,0.4197530864197531,0.5499992320019665,0.5909078214890813,0.6875001599999996,5.0
2021-04-12 00:24:51.060,0.4757583790765782,0.5466538596641786,0.5020318482283808,0.888265443401005,0.882198427320739,0.5547478386529368,0.8613498108800599,0.12361374302665372,0.47170197944899805,0.4804469163896284,0.45346060462674603,0.4938271594833192,0.7999979520052247,0.8181797024817844,0.4062499200000002,5.0
2021-04-12 00:24:51.080,0.4682565571340219,0.5603442959829519,0.5033767559711978,0.8995530880239346,0.8812325532695645,0.5514641166934614,0.8672500043575971,0.11592018654623891,0.46091380050141567,0.36312847417236316,0.43436752638297615,0.5925925925925926,0.5499992320019665,0.5454539107445538,0.5156251199999997,5.0
2021-04-12 00:24:51.100,0.46968699207924114,0.6119332965066863,0.5022906677488069,0.884472269800958,0.8589199501261275,0.5459989304328771,0.843997838629269,0.1410879896100803,0.47018842163044783,0.26256981268091417,0.43436752638297615,0.5925925925925926,0.6000010239973731,0.5,0.4921875999999997,5.0
2021-04-12 00:24:51.120,0.476032245884463,0.6071981110737394,0.5014183556818649,0.8514296589425011,0.839904094614354,0.5487357146569167,0.8250858447647464,0.16002420378405452,0.4676215260129706,0.34078211511357365,0.4463007006516113,0.6296296296296295,0.6500028159927795,0.45454608925544615,0.4687500799999998,5.0
2021-04-12 00:24:51.140,0.4735564855311862,0.5769168764298975,0.5018263379795136,0.8332906765367951,0.8211274262122207,0.5512210332554848,0.8059298251729988,0.1792431889961336,0.4653141662377626,0.4972066925427549,0.4582338743342001,0.6419753187470549,0.3500023039941003,0.22726722645267658,0.25,5.0
2021-04-12 00:24:51.160,0.4718167229750788,0.5272954353495418,0.5054494932264356,0.8479252390421279,0.8053180227967405,0.5420509201127134,0.7936239563542717,0.19340948670267616,0.47502158786072024,0.5251396527979659,0.4630071438463054,0.6666666666666666,0.6999994880012916,0.5,0.5312499200000002,5.0
2021-04-12 00:24:51.180,0.4688211430544436,0.5366744448003918,0.5009542687027418,0.8605122753135337,0.7869371178049357,0.5418162188622676,0.7746073800352153,0.2129673248915241,0.47552926372287047,0.47486032433858616,0.45584723928512433,0.703703693598624,0.5499992320019665,0.5909078214890813,0.4375001599999996,5.0
2021-04-12 00:24:51.200,0.46872788960262857,0.5580944679896896,0.498179855956826,0.8573425472013935,0.7593086051645209,0.5468036204344294,0.7478691324885552,0.2396812184539092,0.47074162728063523,0.4022346276750377,0.45346060462674603,0.7160493827160492,0.7500012799967127,0.3636359404963516,0.5624998400000004,5.0
2021-04-12 00:24:51.220,0.47197821018928404,0.5345994302589597,0.5015360598204966,0.8504387087459543,0.7378422825174401,0.5490877665326034,0.7259242474420862,0.26191209894034384,0.4686780739027102,0.3966480310513059,0.4630071438463054,0.691358024691358,0.4999974400065455,0.045460892554620214,0.5312499200000002,5.0
2021-04-12 00:24:51.240,0.48039974480987846,0.5440719172652476,0.5019804889960179,0.8428457989618123,0.7184249000505283,0.5550768395129524,0.7069599623503277,0.28053897694737123,0.462732557704057,0.45251395659168636,0.4701670472353938,0.691358024691358,0.6000010239973876,0.4090921785109187,0.5937500799999998,5.0
2021-04-12 00:24:51.260,0.48618868349974714,0.5186717342691495,0.5036691138182899,0.8500646414532289,0.7058507664554036,0.5572603993609352,0.6940614596224619,0.29349744679595136,0.46065033229790037,0.48603350844067056,0.45584723928512433,0.728395061728395,0.45000076799803346,0.2727281190072968,0.6562499200000002,5.0
2021-04-12 00:24:51.280,0.46735824562753836,0.49549087735014913,0.5018418157188842,0.8581234947072701,0.6865630637467272,0.5545102036368557,0.6760384166216319,0.3125954130877515,0.46376909602772615,0.4162011052876639,0.4439140659932331,0.6975308641975309,0.4999974400065455,0.3181797024818109,0.5312499200000002,5.0
2021-04-12 00:24:51.300,0.4664452525585411,0.5103537425094818,0.5017982129625137,0.857723177078204,0.6657384157552274,0.5505923691917697,0.6559411549388937,0.3340157619764438,0.4681216581617089,0.40083797840478746,0.4474940182738236,0.6512345699222504,0.6999994880012916,0.3636359404963516,0.5624998400000004,5.0
2021-04-12 00:24:51.320,0.47772290062491224,0.560826089565035,0.4989857127096072,0.8448998877798058,0.6460357378201912,0.5517994041941102,0.6366979833016909,0.35375955606718024,0.4671361602819741,0.38547485152191113,0.45107397055441417,0.6049382756469701,0.6500028159927795,0.5,0.3437500799999998,5.0
2021-04-12 00:24:51.340,0.4800859713187551,0.5164241663351498,0.502069401918573,0.8374447922613971,0.6409916755201129,0.5523232909138748,0.6304143208241136,0.3601980577939141,0.46664902900102995,0.4329608845502194,0.4582338743342001,0.5925925925925926,1.0,0.5454515834745141,0.3124998400000004,5.0
2021-04-12 00:24:51.360,0.4746596035880555,0.5075357050570544,0.5028394269691053,0.8378779228108891,0.6369485488354774,0.5524062745702786,0.6209757543009464,0.3691319106230962,0.4613018202284943,0.4301675856439039,0.44868733530998955,0.6172839506172839,0.6999994880012916,0.6363640595036484,0.4687500799999998,5.0
2021-04-12 00:24:51.380,0.4651059001061847,0.5082482278286616,0.4996856073638634,0.8346753817783416,0.6299323936193719,0.5576375977991667,0.6098900141186233,0.3806151303167155,0.4611624487856759,0.4301675856439039,0.45346060462674603,0.6049382756469701,0.6000010239973876,0.22726722645267658,0.18750015999999958,5.0
2021-04-12 00:24:51.400,0.4736224450769391,0.5202950324951628,0.5017844563267514,0.830580329310469,0.6189413136655583,0.5579267832684734,0.6079726691185469,0.3825862628767071,0.4610699446687344,0.42458099587920645,0.4630071438463054,0.5925925925925926,0.6000010239973876,0.22726722645267658,0.3437500799999998,5.0
2021-04-12 00:24:51.420,0.4815416319267341,0.48274284843157744,0.49985765582124403,0.8313383077720755,0.6147608224962687,0.5581547787689233,0.6060553241184704,0.3845573954367013,0.4609774405517926,0.4022346276750377,0.46539377830933487,0.5802469135802469,0.5499992320019665,0.4545484165254859,0.4062499200000002,5.0
2021-04-12 00:24:51.440,0.47355079925784554,0.5358514989446245,0.5013500397267426,0.8230661705353122,0.6091183121266923,0.5699636045417917,0.5982465008453806,0.3907364444050879,0.4488283168530834,0.4078212197260799,0.45584723928512433,0.5679012365889171,0.6000010239973876,0.5454515834745141,0.3124998400000004,5.0
2021-04-12 00:24:51.460,0.4738436890041135,0.5268769022831751,0.49986939443120276,0.8143051207843606,0.6037889543584897,0.5756802564278837,0.5928779348451604,0.3954077747277063,0.44295561621438206,0.4189944024563574,0.4701670472353938,0.6172839506172839,0.6000010239973876,0.2727281190072968,0.2187500799999998,5.0
2021-04-12 00:24:51.480,0.4739466604946937,0.5565282179000365,0.4999890760502156,0.8064365824687153,0.5882120139170405,0.5874153189506168,0.5763190462080212,0.41072995070692364,0.43100851423086717,0.4692737336593509,0.4749403179195918,0.6419753187470549,0.5750001279996625,0.27272346446724377,0.25,5.0
2021-04-12 00:24:51.500,0.47634932763256954,0.5143684973324371,0.5028634933169593,0.81448887313869,0.5783986182861919,0.5925485705855624,0.5654947621620636,0.42117299802237185,0.4258134102613759,0.5251396527979659,0.4773269512105286,0.6666666666666666,0.6000010239973731,0.24999883636498013,0.34375,5.0
2021-04-12 00:24:51.520,0.47645188555037427,0.5339133127499738,0.5040196672579473,0.8324112902696592,0.5609033780136152,0.5929224161487838,0.549005595161301,0.4383175418400768,0.4256568113311923,0.49162010049171273,0.47971358586890683,0.6666666666666666,0.6250019199950836,0.22727420826274294,0.4375,5.0
2021-04-12 00:24:51.540,0.4804358261346556,0.5254217797101994,0.5014120256651184,0.8409229618254481,0.546683752375062,0.6014186014152476,0.534276899478814,0.4523037870067016,0.41702787321853313,0.4189944024563574,0.4630071438463054,0.728395061728395,0.3500023039941003,0.3181797024818109,0.25,5.0
2021-04-12 00:24:51.560,0.4652808272973209,0.5230108374105903,0.4980712547881049,0.8302784504426621,0.5230080708839194,0.6135677440012859,0.5094037057049634,0.47633460255615295,0.4047445677238205,0.42458099587920645,0.4677804137491083,0.740740730635661,0.9499982080045789,0.2727281190072968,0.2187500799999998,5.0
2021-04-12 00:24:51.580,0.4731739612846015,0.49008355467522213,0.5023620809132812,0.8298978205658329,0.5056549980500037,0.6193011602623917,0.4919384357950839,0.49366805395672914,0.39902809150470836,0.4692737336593509,0.4749403179195918,0.6666666666666666,0.6000010239973876,0.3181797024818109,0.3437500799999998,5.0
2021-04-12 00:24:51.600,0.473768218205983,0.5072244879079426,0.506197087520202,0.8434036186088671,0.4927273670398237,0.6181611827601785,0.4798417318854556,0.5065108179108003,0.4003940921488663,0.4636871402365018,0.47971358586890683,0.6049382756469701,0.6000010239973876,0.045460892554620214,0.18750015999999958,5.0
2021-04-12 00:24:51.620,0.4808283788977066,0.5360799698516623,0.5068354258085361,0.8570734812539752,0.4835277889313071,0.6179683924473153,0.47116138815778275,0.5156344638271508,0.400704507930529,0.4357541795240219,0.4868734898440416,0.5185185185185185,0.4999974400065455,0.1363640595036484,0.09375007999999979,5.0
2021-04-12 00:24:51.640,0.47719212206196654,0.5179073888598386,0.5029880129990822,0.8597772658962348,0.48599074374703316,0.6303991765338909,0.4717191612487023,0.5130741757430851,0.38777062403095336,0.4301675856439039,0.47255368267516723,0.5555555555555556,0.45000076799803346,0.3181797024818109,0.25,5.0
2021-04-12 00:24:51.660,0.46453469810542475,0.5341063405263746,0.5011651633194004,0.8567519146339128,0.4783521256913847,0.6402692023342642,0.46248104443010996,0.5211753593671583,0.37763882840245544,0.4413407732212323,0.45346060462674603,0.6049382756469701,0.15000025599935418,0.09090782148908125,0.3124998400000004,5.0
2021-04-12 00:24:51.680,0.47649675456488405,0.5080567535468745,0.5041795812609188,0.8628748055834566,0.47310249695973206,0.6341208677911038,0.45835003747537223,0.5264771687475985,0.38408105265297937,0.46648043694792635,0.4558472394804731,0.6172839506172839,0.15000025599935418,0.09090782148908125,0.4062499200000002,5.0
2021-04-12 00:24:51.700,0.47835003397367554,0.5171883707868862,0.5056096308697037,0.8748187086147002,0.46484333724613913,0.6237059998021806,0.45242369838420154,0.5343705540305184,0.39500440317456553,0.44692736271156835,0.46539377830933487,0.5802469135802469,0.3500023039941003,0.3636359404963516,0.4062499200000002,5.0
2021-04-12 00:24:51.720,0.47762964731402635,0.5217694291804565,0.5035515431070597,0.8879766897013311,0.45661491643820706,0.6150262446291102,0.4459831622248235,0.5425225065674882,0.404110146776052,0.4469273638090138,0.460023850376821,0.5617283950617283,0.15000025599935418,0.3636359404963516,0.2187500799999998,5.0
2021-04-12 00:24:51.740,0.47289397728547733,0.5139090379252671,0.5023604349066914,0.8894467085359478,0.4509541548433954,0.619259249324821,0.44018755120182007,0.5479400218424375,0.3997935911606937,0.44692736490645935,0.45465392244430713,0.5432098765432098,0.6500028159927795,0.3636359404963516,0.3124998400000004,5.0
2021-04-12 00:24:51.760,0.46815830725692836,0.5060486466700777,0.5011693267063229,0.8856765039802084,0.45490314362945666,0.6208078584684437,0.44688082829303993,0.5403896218896656,0.39648762563492873,0.4636871402365018,0.46539377830933487,0.5061728395061728,0.4000040959895214,0.2727281190072968,0.4062499200000002,5.0
2021-04-12 00:24:51.780,0.46342263722837945,0.49818825541488815,0.49997821850595453,0.8819062994244689,0.45885213241552136,0.6223564676120663,0.4601802304300244,0.5255957968062811,0.39085894539956506,0.48603350844067056,0.47255368267516723,0.5061728395061728,0.20000204799477525,0.1363640595036484,0.4375001599999996,5.0
2021-04-12 00:24:51.800,0.47975762055266985,0.4900973928001358,0.5014797171189018,0.8809875376528218,0.47401697940301213,0.6275877908409544,0.470856355998705,0.5138705392721171,0.38711840045454854,0.47486032433858616,0.4701670472353938,0.5061728395061728,0.2499987200032873,0.22726722645267658,0.5937500799999998,5.0
2021-04-12 00:24:51.820,0.47658039307300837,0.5238102016327032,0.5031731321965948,0.8862441675033815,0.49197618503284124,0.6333329421645773,0.4815324815673547,0.5021452817379505,0.3833778555095318,0.4189944024563574,0.46539377830933487,0.4814814814814814,0.3000005119986793,0.4090921785109187,0.4375001599999996,5.0
2021-04-12 00:24:51.840,0.4827157753351267,0.5155152268827653,0.5025795659163655,0.8882129427283235,0.5108157721324953,0.6378635145171139,0.5014728695682611,0.48039552525162776,0.37731792632413524,0.3966480310513059,0.44868733530998955,0.5432098775537177,0.3000005119986793,0.5909078214890813,0.7812499200000002,5.0
2021-04-12 00:24:51.860,0.47386777780247047,0.5329308046965878,0.5024368770613213,0.8749105847918556,0.522982134932269,0.6386304846748432,0.5055603005002557,0.47637120340033406,0.37875519098435273,0.3966480310513059,0.45346060462674603,0.5308641975308641,0.3000005119986793,0.6363640595036484,0.5624998400000004,5.0
2021-04-12 00:24:51.880,0.47231079966979217,0.5485974117228017,0.500560080477706,0.8597116400554015,0.523761174072504,0.643190394683684,0.5055603005002557,0.47564922223205797,0.3740087507075576,0.4357541795240219,0.4582338743342001,0.5432098775537177,0.3500023039941003,0.5,0.6875001599999996,5.0
2021-04-12 00:24:51.900,0.4780207527891771,0.5500597358064161,0.5006020858569822,0.8516068487127639,0.5244114940452963,0.6472264179727485,0.5053598507957119,0.4752046990761246,0.36981562308397664,0.45251395659168636,0.47255368267516723,0.5555555555555556,0.05000179199542106,0.4090921785109187,0.7812499200000002,5.0
2021-04-12 00:24:51.920,0.4782704275301792,0.517788070049755,0.49994532290328914,0.8467833494116777,0.5278283155271811,0.6580520131499668,0.5069460180230462,0.4718716609108887,0.35853809254263763,0.44692736271156835,0.4749403179195918,0.5432098775537177,0.02500089599771053,0.340907821489068,0.7187500799999998,5.0
2021-04-12 00:24:51.940,0.47615878918032906,0.49867548445134297,0.5020862980777798,0.8448998877798058,0.5346513919921309,0.6664635383225158,0.5126980530233064,0.46454913072995113,0.34971959856744333,0.42458099587920645,0.4630071438463054,0.5308641975308641,0.2499987200032873,0.3181797024818109,0.7812499200000002,5.0
2021-04-12 00:24:51.960,0.4701949223236611,0.5313535397793231,0.49923343296752326,0.8319715971360819,0.5350327465404319,0.6758725438094925,0.5120008366596338,0.4638324625874424,0.33995717738854814,0.4134078085762394,0.4677804137491083,0.5061728395061728,0.2499987200032873,0.4090921785109187,0.5937500799999998,5.0
2021-04-12 00:24:51.980,0.46423829271954725,0.5412572687171966,0.49999159988887387,0.8178423536051598,0.5349117120994111,0.6871046750812584,0.5101357828868243,0.4640296348770611,0.328305885273494,0.45251395659168636,0.47971358586890683,0.4691358024691358,0.3000005119986793,0.7727327735473234,0.5937500799999998,5.0
2021-04-12 00:24:52.000,0.4756142604012469,0.5265627201092503,0.500383802486927,0.8129532284632401,0.5445118565722666,0.700050125481342,0.5167941991598558,0.4550624280527744,0.31476759477525573,0.5027932891664867,0.49403339479592023,0.4691358024691358,0.3500023039941003,0.2727281190072968,0.75,5.0
2021-04-12 00:24:52.020,0.48413886971590314,0.544356022587089,0.5043243689539118,0.8231383589602306,0.552390622328358,0.7087860413107725,0.5229819943874231,0.44727353227663336,0.30559615131512036,0.5139664686958815,0.4868734898440416,0.5185185185185185,0.4999974400065455,0.5454515834745141,0.5624998400000004,5.0
2021-04-12 00:24:52.040,0.4804723210322082,0.5123542011546319,0.5052474364399586,0.8369394732870052,0.5577219012781628,0.7111280245028054,0.5284202820240199,0.44125092240030533,0.30309650710018554,0.47486032433858616,0.4701670472353938,0.5555555555555556,0.4000040959895214,0.5454515834745141,0.6562499200000002,5.0
2021-04-12 00:24:52.060,0.47401427427734527,0.5402634645133086,0.5021987359207494,0.8376810452883894,0.553547173653683,0.7141003481960644,0.5237315019783317,0.4456743115204109,0.30007672117044154,0.42458099587920645,0.4677804137491083,0.5679012365889171,0.4000040959895214,0.4545484165254859,0.6562499200000002,5.0
2021-04-12 00:24:52.080,0.4727391238219545,0.5201481786889559,0.5009893770725096,0.8273515379415807,0.5510784552931438,0.7211992228035609,0.5201408377054658,0.4483473538179976,0.29273577849517335,0.43296088395576976,0.47255368267516723,0.4814814799657195,0.2499987200032873,0.5,0.5937500799999998,5.0
2021-04-12 00:24:52.100,0.47715407640201435,0.5443618125083026,0.5003399520631443,0.81274322577257,0.5524492183672646,0.7327624504822281,0.519548203796358,0.44721567932937495,0.2807257587317143,0.4581005481854596,0.47971358586890683,0.4567901204252662,0.4999974400065455,0.4090921785109187,0.6875001599999996,5.0
2021-04-12 00:24:52.120,0.476323171295556,0.5170362923704106,0.4995438401467375,0.8055046955289166,0.5624969981537463,0.7424438770634856,0.5279845217967128,0.4369733463207289,0.2705521249196136,0.4441340669146817,0.4737469998090076,0.46296296144720095,0.10000358399084212,0.7727327735473234,0.6875001599999996,5.0
2021-04-12 00:24:52.140,0.467710581446464,0.5107958577188456,0.5062258754669189,0.8096653738376037,0.571210517316571,0.7434027993153406,0.5359502187516344,0.42852150299595587,0.2694570024385986,0.4301675856439039,0.4677804137491083,0.4691358024691358,0.45000076799803346,0.5454515834745141,0.75,5.0
2021-04-12 00:24:52.160,0.4680764605542092,0.5318267897925157,0.502884896154812,0.8043299929780403,0.575963520603715,0.7455578597257687,0.5396890415018083,0.42378759703651253,0.26359757017525975,0.39385473685486067,0.46539377830933487,0.49382716049382713,0.20000204799477525,0.4545484165254859,0.8124998400000004,5.0
2021-04-12 00:24:52.180,0.4726493856845279,0.5490592947513498,0.5045221578322086,0.7865257023605486,0.5750576834776495,0.7524270623953283,0.5345732164333988,0.42865373830396497,0.26023954767680335,0.45251395659168636,0.46539377830933487,0.5432098775537177,0.0,0.4545484165254859,0.9062499200000002,5.0
2021-04-12 00:24:52.200,0.4739564821705686,0.5161732443808121,0.5072619701382561,0.782617683539076,0.5690203702885439,0.7483365548874029,0.533021910024222,0.4314448478408426,0.2684810278282771,0.4078212197260799,0.460620509383276,0.5432098775537177,0.20000204799477525,0.6363640595036484,0.9062499200000002,5.0
2021-04-12 00:24:52.220,0.47525292983518336,0.5060780408650222,0.5099551017731642,0.789531365870615,0.5654066276922991,0.7319619515744231,0.5331787837060846,0.4331550518020021,0.2813823828076092,0.3910614435729533,0.44868733530998955,0.5185185185185185,0.10000358399084212,0.3636359404963516,1.0,5.0
2021-04-12 00:24:52.240,0.4805062312896261,0.5871493326458394,0.5037369522164022,0.7781649702386818,0.554568281675963,0.726308166094723,0.5229645639783445,0.4446441748575816,0.2873960599345351,0.47486032433858616,0.43914079667647654,0.5432098775537177,0.10000358399084212,0.7272718809927032,0.75,5.0
2021-04-12 00:24:52.260,0.47018996053442486,0.5561002239152529,0.5033321341392645,0.7801796835522015,0.5421161431126583,0.7122009445048794,0.5127852050687616,0.4573871719944485,0.3021938830649515,0.5474860210021346,0.45346060462674603,0.5925925925925926,0.17500115199705016,0.568182029751811,0.7656249600000001,5.0
2021-04-12 00:24:52.280,0.47697759823166463,0.5126717720552555,0.5040861910732378,0.7976558449655082,0.5332172299250932,0.6984457747907342,0.5062139408412162,0.4663461141119851,0.31656562014139344,0.5195530607469238,0.4415274313348548,0.6296296296296295,0.3500023039941003,0.7272718809927032,0.5624998400000004,5.0
2021-04-12 00:24:52.300,0.47444425250379557,0.5127074971010416,0.5068061906562605,0.8144560602182641,0.518685412275969,0.6764257681855732,0.4963134684771086,0.48012101892027303,0.3395912270358125,0.4022346276750377,0.42243435406782875,0.6666666666666666,0.4000040959895214,0.4545484165254859,0.4687500799999998,5.0
2021-04-12 00:24:52.320,0.46475004864764957,0.57488224860261,0.5024146747309807,0.8015015192382181,0.4889291910096379,0.6616060606568611,0.46957522093044846,0.5103958204197284,0.35535892560400506,0.34078211511357365,0.41527445009269404,0.5925925925925926,0.4000040959895214,0.5909078214890813,0.5937500799999998,5.0
2021-04-12 00:24:52.340,0.46872127308866224,0.5422187361874161,0.4997544088993263,0.7742011694524944,0.47386904841953814,0.6527041775146112,0.45688588311168143,0.5250981433926613,0.3647895303958144,0.3910614435729533,0.43436752638297615,0.5308641975308641,0.15000025599935418,0.4545484165254859,0.5624998400000004,5.0
2021-04-12 00:24:52.360,0.4790770372145033,0.49571539315347735,0.5019837266806539,0.762906962245461,0.477285869901423,0.6449841828121452,0.4606944274982318,0.5223152985625285,0.37276510802490553,0.4972066925427549,0.44868733530998955,0.5308641975308641,0.6000010239973876,0.5454515834745141,0.5624998400000004,5.0
2021-04-12 00:24:52.380,0.47983216121858163,0.4931694594922577,0.5019131042189133,0.7697976755327112,0.48034535160505193,0.6381610821739395,0.46445068065748424,0.519430325570412,0.3798148954633924,0.5139664686958815,0.45584723928512433,0.5679012365889171,0.3500023039941003,0.3636359404963516,0.4062499200000002,5.0
2021-04-12 00:24:52.400,0.4811758559140636,0.5376618946605093,0.5024953936728721,0.7782699715840262,0.47112944345290214,0.6325701631005954,0.4570253263844345,0.5281271584167151,0.3857203390283908,0.4189944024563574,0.43436752638297615,0.6172839506172839,0.4999974400065455,0.4090921785109187,0.4375001599999996,5.0
2021-04-12 00:24:52.420,0.4734738810092043,0.5347623813609548,0.5003856697738002,0.7672054548198999,0.4569338325843938,0.6272675912778205,0.44372592424745005,0.5428985507246364,0.3914191062465155,0.324022338960447,0.42959425804296353,0.6296296296296295,0.20000204799477525,0.22726722645267658,0.5312499200000002,5.0
2021-04-12 00:24:52.440,0.470712674677584,0.5304116991707134,0.4976032638716731,0.73439253440435,0.4412435424283357,0.6313044527856464,0.4287532028376761,0.5580017119749676,0.38742944487899533,0.3463686980192366,0.43914079667647654,0.6172839506172839,0.2499987200032873,0.0,0.75,5.0
2021-04-12 00:24:52.460,0.480143660113643,0.5501992470851839,0.4999357761043717,0.7098419073494263,0.42628138010001787,0.6337185227903276,0.4143731153370409,0.5727270580595615,0.3851038945891775,0.5139664670954401,0.466587096126896,0.6234567901234568,0.2499987200032873,0.2727281190072968,0.5624998400000004,5.0
2021-04-12 00:24:52.480,0.4801616491742908,0.4734070446686854,0.4995931881867951,0.7085097027805801,0.4243044842299838,0.6378174124857598,0.4114796674278166,0.5751084742761003,0.3808831601846013,0.5418994289510924,0.47255368267516723,0.6543209876543209,0.15000025599935418,0.1363640595036484,0.6875001599999996,5.0
2021-04-12 00:24:52.500,0.47918724562157605,0.504950373753747,0.5024241019570791,0.7255658588125652,0.414028083832682,0.6387981284251736,0.4012480172909668,0.5857008766492507,0.38003045306151684,0.4413407732212323,0.44868733530998955,0.6419753187470549,0.45000076799803346,0.3181797024818109,0.5937500799999998,5.0
2021-04-12 00:24:52.520,0.4743396268305203,0.5049008105830473,0.5050758191093175,0.7432192099961348,0.39865574923200797,0.6348920290426044,0.387966045563092,0.6003264559166456,0.38425980120977576,0.40502792143707744,0.44928399397458413,0.5987654371513053,0.05000179199542106,0.4545484165254859,0.4062499200000002,5.0
2021-04-12 00:24:52.540,0.46534699406308966,0.5062182581161802,0.5005834089685456,0.7362891212043549,0.38396351291898423,0.6348668824800477,0.3688013107667895,0.6204563298798668,0.3842901365679631,0.3687150696529226,0.4498806526391787,0.5555555555555556,0.4999974400065455,0.3636359404963516,0.4062499200000002,5.0
2021-04-12 00:24:52.560,0.4754041821042778,0.529198673364165,0.5026473596314391,0.7190032747294627,0.37400987103108024,0.635361431543508,0.36164612783462924,0.6277729566988363,0.38262003332074224,0.4636871402365018,0.460620509383276,0.4938271594833192,0.5499992320019665,0.4090921785109187,0.4375001599999996,5.0
2021-04-12 00:24:52.580,0.48220898206351676,0.4665550495889339,0.5050420156965185,0.7055171644386654,0.3712424089311883,0.6368031677963064,0.3743354656533963,0.6151450751202802,0.3876341416698676,0.5083798766448393,0.4677804137491083,0.5185185185185185,0.2499987200032873,0.5454515834745141,0.75,5.0
