2021-04-19 17:14:42.100,1.0,0.6569130250321604,0.5305255864813366,0.8631520497262949,0.5498385862816314,0.011701231804728218,0.9885277850886673,0.4261923729150372,0.8374691589565512,0.6281938171594034,0.5311098814577253,0.49579829539836656,0.015094147144169522,0.7757009614114743,0.024096397730875203,3.0
2021-04-19 17:14:42.120,0.36878795578400986,0.5434419567247465,0.7657048188012809,0.8565360906055274,0.5562974732261413,0.017742203759639145,0.9814481962815741,0.4197311471638973,0.8391722832268246,0.5964757559079217,0.4802410474937027,0.5121848528957851,0.015094147144169522,0.8037394178704252,0.028915687146929676,3.0
2021-04-19 17:14:42.140,0.31446345183827534,0.5549212779393389,0.0,0.8381629630906678,0.6061165396315907,0.01327523519197753,0.9841040599198694,0.37020098531651197,0.8215860935645115,0.5911894132073562,0.48822871563681364,0.49915963982058087,0.02452827892061073,0.8504673076076495,0.024096397730875203,3.0
2021-04-19 17:14:42.160,0.9581986679606743,0.6983909821858052,0.5636838383984378,0.8358791624598942,0.6128872853038047,0.008413714608811369,0.9891534852251949,0.3635121840408241,0.8165951397190496,0.6158590158420543,0.5236827514299204,0.4810924135511789,0.022641413923811395,0.8411201984454297,0.028915687146929676,3.0
2021-04-19 17:14:42.180,0.0972777292315546,0.5189520787915297,0.36945412812195805,0.8238003506212375,0.6315667003354956,0.01636991019250054,0.9794499514003312,0.34511304519298797,0.8155402376207936,0.6537444806368322,0.4864069656150519,0.4892856912681511,0.01886787713776874,0.8037394178704252,0.021686790034895837,3.0
2021-04-19 17:14:42.200,0.757460460455193,0.6438422575953262,0.09862490487911896,0.8182926448198244,0.6511916289418094,0.006765791435162291,0.9890243655046179,0.3258690421771792,0.8036835792687065,0.5938325849182167,0.5250840967181855,0.46890754002065194,0.01132080356568398,0.7943923087082054,0.05060242783242817,3.0
2021-04-19 17:14:42.220,0.8048169859506535,0.6905336802592504,0.8272216767162311,0.8152763396033549,0.6522786459610955,0.004609961880441451,0.991325211598335,0.32480578579083247,0.8020253893181648,0.6035242145247052,0.5121216523429265,0.47489493477272116,0.01886787713776874,0.7757009614114743,0.0457831137416753,3.0
2021-04-19 17:14:42.240,0.13230979905225207,0.553393840546565,0.5270740253113143,0.8062087471414601,0.6650380061383852,0.012215290530080242,0.9838019830469649,0.29500216295730064,0.7954827009276634,0.6132158441311938,0.49915920796766766,0.4808823295247905,0.01886787713776874,0.8504673076076495,0.0457831137416753,3.0
2021-04-19 17:14:42.260,0.5349731262846283,0.6214149496216267,0.02250675581500901,0.7963285122015258,0.7007669787327714,0.007849096674317659,0.9908894810097515,0.27479877939563585,0.7842046327737853,0.6563876530688482,0.519758985081585,0.46134451472675736,0.020754742134568623,0.8224298081579275,0.03373495188828557,3.0
2021-04-19 17:14:42.280,0.6186355907804993,0.6039270815786916,0.7132722898396998,0.7949711964042827,0.7037271105443366,0.0024764388700666187,1.0,0.46319568029375335,0.8426583429056682,0.5903083559704027,0.5200392536804311,0.47478989275952704,0.009433938568884095,0.7943923087082054,0.03132531951760745,3.0
2021-04-19 17:14:42.300,0.23432451009770172,0.595818312095791,0.021142382219037394,1.0,0.5976168757283681,0.0055678257461791005,0.9929657621594655,0.35975600560385124,0.8112281894367978,0.563876638140642,0.48458521788732445,0.4752100604683914,0.003773536786042106,0.7943923087082054,0.03132531951760745,3.0
2021-04-19 17:14:42.320,0.9159602496349658,0.7297810806275843,0.3791165327686257,0.9692938476783823,0.6869902363458258,0.004116660156485797,0.9859315243189309,0.2563163309139491,0.7797980359679276,0.5339206928053783,0.48458521788732445,0.4495798089050948,0.005660208575284877,0.7943923087082054,0.03855421662964146,3.0
2021-04-19 17:14:42.340,0.4077750264691137,0.6186191636849823,0.2434428732480773,0.9385876953567647,0.7763635969632835,0.002665494566792534,0.9872987683871567,0.1936276186118506,0.7549495518174707,0.5215858914880293,0.5044843205218817,0.43403359164017824,0.0018866717892427713,0.7943923087082054,0.03855421662964146,3.0
2021-04-19 17:14:42.360,0.6001016085274087,0.6896985721132343,0.4634810350643232,0.9336459544407892,0.7997861957690348,0.00020030062393476607,0.9878473773883029,0.18316524835681014,0.7504158087307254,0.5066079184598197,0.516676024988595,0.4256302285211682,0.005660208575284877,0.7757009614114743,0.03855421662964146,3.0
2021-04-19 17:14:42.380,0.5765217442984694,0.7241720850755863,0.41595894575407827,0.9328575056183086,0.8116119839430126,0.0,0.987356295928511,0.17204613423571305,0.7461653789631562,0.5127753191184943,0.5253643662346453,0.4306722454984021,0.0,0.7943923087082054,0.0457831137416753,3.0
2021-04-19 17:14:42.400,0.5733908543734548,0.7405104816965259,0.3971286687246962,0.9318567876385362,0.8231659969852962,0.0007725488401616502,0.9858599982329317,0.16121755902580343,0.7425639824564088,0.566519810572658,0.5355941875271908,0.4462184651707052,0.008490506070484153,0.8317750033016786,0.04819278312440112,3.0
2021-04-19 17:14:42.420,0.5686274960000404,0.7348698853574588,0.3867570433180447,0.9294577510747248,0.8324628860347792,0.003252779937335914,0.9827201030786383,0.15252984894134952,0.7407417903497334,0.5709250960362701,0.5470852188909645,0.473949556310061,0.016981012140969406,0.7943923087082054,0.0457831137416753,3.0
2021-04-19 17:14:42.440,0.5260390636956341,0.7456043881798065,0.36393422864031044,0.9251599291861472,0.8428984414871565,0.008138990095779723,0.9770162667406863,0.14280489267306454,0.7398542645370352,0.4387665040028454,0.5636210944395097,0.536554599956839,0.03207535249269604,0.8971961543541027,0.05542169257378442,3.0
2021-04-19 17:14:42.460,0.42682136872196824,0.8593534581752865,0.29596755703616506,0.918631521215602,0.8614137225439372,0.016988283805510665,0.966746807490234,0.12562193700480165,0.7381067250438639,0.24317181182227615,0.5899663824178418,0.6189075383010901,0.06226403319614931,0.9065413494978538,0.05060242783242817,3.0
2021-04-19 17:14:42.480,0.38336359863190356,0.993448772015476,0.21800271535247806,0.9103832661506839,0.889918086248792,0.030463624854471856,0.9511934329914563,0.0993494328696675,0.7346491183602588,0.11189429793931277,0.6234585336603602,0.7029411557346956,0.0999999806792439,1.0,0.06506022205649603,3.0
2021-04-19 17:14:42.500,0.40126626161308776,1.0,0.1922008599038122,0.8979330156120193,0.9294704075963091,0.04933593520593888,0.9296604636032463,0.06326143166615923,0.728570267324001,0.18414095531172814,0.6678811781513463,0.7731092171092963,0.1358488699579826,0.9532721102627757,0.07469880088860514,3.0
2021-04-19 17:14:42.520,0.3743032086914378,0.9510353262704175,0.18508064308251865,0.8776468365610097,0.9694913729871719,0.07759794881529104,0.8987660501003198,0.02719064228799473,0.7241822768953029,0.4378854395543375,0.7244955484435648,0.8403361055535828,0.1830187560099624,0.9439250011005559,0.05060242783242817,3.0
2021-04-19 17:14:42.540,0.3162637371643186,0.9275012261130452,0.16942672764652397,0.8480410717473343,0.9949940181496019,0.11862091319074299,0.8556753395838959,0.004442795543022274,0.725992302669921,0.664317163874497,0.7826513721714801,0.9214285775698637,0.24716965420291104,0.9345798059568048,0.08915664446206964,3.0
2021-04-19 17:14:42.560,0.2927045369538949,0.9535301839662194,0.15205739123998596,0.8111984012648513,1.0,0.17191150083036022,0.8005347681989937,0.0,0.7322504529971524,0.7303964566460099,0.8258127909918044,0.9823529280268802,0.3264150859551434,0.9252336538038247,0.09879522329417875,3.0
2021-04-19 17:14:42.580,0.2735691944107664,0.9304068940407433,0.18990884482882114,0.7718368034491764,0.9888393489973067,0.23274207280750667,0.7374158036228287,0.009915688588423616,0.7361971624512407,0.7030836750888968,0.8657511603827885,1.0,0.39811305772017735,0.813083656004942,0.12530122872103333,3.0
2021-04-19 17:14:42.600,0.2189523368978088,0.8001698595578792,0.21584235167356597,0.73091878064838,0.9725698766682029,0.2987914641940093,0.6685873151665563,0.02443463312354993,0.7298677985270333,0.6898678237461486,0.9221552938977438,0.9968487138107467,0.4679243576959686,0.7476634619617523,0.16867471009203067,3.0
2021-04-19 17:14:42.620,0.18975757217358877,0.8215191557553281,0.2295246779883147,0.6927673684478959,0.9404829580624959,0.3692341449562428,0.5947643222295955,0.05329094568490941,0.714590016265737,0.6497797194647642,0.9508478280650625,0.9764705649706342,0.5415093876653589,0.6915875060530793,0.22168677029513698,3.0
2021-04-19 17:14:42.640,0.16040232898978446,0.7694614656793516,0.2602272438539437,0.6590558655786706,0.8981619875818515,0.44089992780103693,0.48246402268277117,0.11272017543634118,0.6657503039433631,0.6096916151833798,0.9795403622323814,0.9560924161305216,0.6283018929896761,0.5794394222726652,0.29638552183434463,3.0
2021-04-19 17:14:42.660,0.1385878486584861,0.5910559193037488,0.322988820523169,0.629848204206521,0.8527524925211735,0.512648578255104,0.42413545790204493,0.18155542028356153,0.6451415756318166,0.6942731027193618,1.0,0.8945377946791598,0.6867923893997834,0.5420548136607288,0.34939763138684843,3.0
2021-04-19 17:14:42.680,0.05693948879986582,0.5257087256805244,0.40565382533237765,0.5636271806525465,0.8014957611388451,0.5296126880449135,0.3656746361757538,0.21785165432930262,0.5888095278147574,0.7383259717785914,0.9967768817496299,0.8386554746119592,0.7547170175863317,0.4299067298803148,0.41204817172326896,3.0
2021-04-19 17:14:42.700,0.14993318579084958,0.37169162447775655,0.5708489372928537,0.49713413650810434,0.7251665734375112,0.6478409476250816,0.3072138144494626,0.2541478883750437,0.5324774799976983,0.7295153994090563,0.9922926181197996,0.7878150920782366,0.8113206489996385,0.37383173098087613,0.4939759190733051,3.0
2021-04-19 17:14:42.720,0.18828027611303283,0.3435140180514827,0.6419119253368518,0.49341416083106077,0.6178369413510603,0.7360883179676336,0.2210578304950641,0.3587763338006418,0.43134365247011974,0.5938325849182167,0.9837444038322625,0.7508403068730025,0.8584905350516183,0.336449036387403,0.5614458228498764,3.0
2021-04-19 17:14:42.740,0.2410337906357896,0.43775111603676137,0.6740640432114393,0.4993046119874248,0.5128831391568425,0.8175579588066064,0.14673271853005998,0.4633334573812865,0.3186273957150276,0.3259911776727968,0.9478699850989852,0.7084033335425467,0.9000000193207556,0.24298942887602792,0.6409638638051386,3.0
2021-04-19 17:14:42.760,0.29445262942934364,0.48874409045852524,0.7818390624657653,0.5047644189482011,0.45320258955061576,0.8652142238258592,0.10746731632838713,0.523912923725892,0.24192290597675284,0.11101320464458725,0.8920964472141035,0.6907562718867978,0.9377357735962941,0.17757019184207248,0.7325301159631877,3.0
2021-04-19 17:14:42.780,0.29095707066082555,0.4112042314118241,0.8881287069065354,0.5084911613780759,0.40034226380542726,0.9057715771822129,0.0763103541061631,0.578161820220367,0.17173590409984474,0.0,0.8345011363671166,0.6903361038340211,0.9528301139480208,0.15887788753610158,0.8048192844811147,3.0
2021-04-19 17:14:42.800,0.316002915724871,0.34736160503619024,0.9197310833957653,0.5110237371511611,0.34903375777825313,0.9391792648995742,0.051578534408687114,0.6313242821036319,0.11137139852035663,0.005286357844829899,0.7815302775885933,0.697058799556697,0.9698113192965467,0.0700932701196825,0.8843373501110756,3.0
2021-04-19 17:14:42.820,0.3797332260928264,0.30596075079458873,0.9191050186080655,0.5142999373967614,0.29554082102979184,0.9654026872019162,0.03188539766468154,0.6872540535670222,0.06304695469327702,0.0907489026177654,0.733744418169977,0.6554621623317946,0.9849056596482734,0.009345195143751124,0.9325301208981275,3.0
2021-04-19 17:14:42.840,0.47456100797698125,0.25506852933396645,0.9277948392882887,0.5206978950154822,0.24522183702535957,0.9842031972896873,0.017199747872860115,0.7403099726017158,0.02806357528171833,0.23876652563750864,0.6894619047667659,0.5659663636512143,0.9981131350032006,0.0,0.968674705157091,3.0
2021-04-19 17:14:42.860,0.5639338635838397,0.2041882788180689,0.9834242140893243,0.5323357042110107,0.20333690091255732,0.9953997764671156,0.00752264252479216,0.7847840370273104,0.007515305529609273,0.4202643020268218,0.6484024866735818,0.46344535533455367,1.0,0.03738365160270206,0.9903614458425897,3.0
2021-04-19 17:14:42.880,0.5960373113736812,0.18114029929668257,1.0,0.5495608973633728,0.17077762218012413,1.0,0.0020200732697133895,0.8195434557828688,0.0,0.5480176071543236,0.6021580875727652,0.38193274965673246,0.9962264632139579,0.09345673648367747,0.9614457833703586,3.0
2021-04-19 17:14:42.900,0.6014481313416002,0.25646054337760193,0.9757404353917251,0.5710814700519109,0.14439564313023326,0.9983184165144408,0.0,0.8478224298321515,0.005492806931941256,0.5726872112313325,0.5511491202269332,0.33865544022072297,0.9962264632139579,0.14018749724859933,1.0,3.0
2021-04-19 17:14:42.920,0.6396863428293819,0.2907151071341892,0.9159930491100847,0.5934147714191612,0.12307488613649126,0.9907840288625374,0.0011777812349919071,0.8707480862807907,0.023284266948726595,0.7074889684852188,0.49201234676811223,0.31554619731799943,0.9905660614311154,0.17757019184207248,0.9855421811012337,3.0
2021-04-19 17:14:42.940,0.6408765507475283,0.19841301875211512,0.9234885653331545,0.6179403857695621,0.10376720249109532,0.9760063041250194,0.006129309258315694,0.8915642493175793,0.05651266107189517,0.9418502079379599,0.4328755744563084,0.31386552510689225,0.9924527332203581,0.17757019184207248,0.9325301208981275,3.0
2021-04-19 17:14:42.960,0.6159086489112177,0.19359937026061838,0.906772848390066,0.6468017215711078,0.07878113467223956,0.9539055367913509,0.014767296953379092,0.918576037094618,0.10558152220312617,1.0,0.36841369119611445,0.31302518900133863,0.9811319296546741,0.21495288643554022,0.9060240907965743,3.0
2021-04-19 17:14:42.980,0.5698269318690392,0.2501350335099961,0.8630016274347309,0.6763378075074322,0.050517523065917364,0.925115601632477,0.027896980087839095,0.9492283733861353,0.16841410612555188,0.7854625411671584,0.2752242295264862,0.31176468828213194,0.9698113192965467,0.27102788533497885,0.8578313446842211,3.0
2021-04-19 17:14:43.000,0.5102268600536102,0.2682167631984429,0.7874468733883765,0.7019855822190999,0.024663520132215684,0.8910133978810868,0.046175457485393194,0.9773544756320489,0.24086767944297527,0.6852422764973423,0.2192755220467998,0.2822478739767532,0.9622640525169048,0.27102788533497885,0.7927710979530265,3.0
