2021-04-22 01:56:13.560,0.943968857040739,0.9873763788869626,0.7835454826079966,0.6420943613905846,0.39827816984338205,0.7137428986239901,0.939290288818083,0.48760950513717854,0.6475008216889081,0.80901226416113,0.5039761471445993,0.2824536244683865,0.15555474646890224,0.01977361498927694,0.027546387883400667,2.0
2021-04-22 01:56:13.580,0.020934347298677866,0.7803881591610937,0.5118906523109276,0.6377088394709415,0.3728284786277982,0.7443050858390505,0.9159083987628781,0.538799002453817,0.6955677179295418,0.8164062370537476,0.980119317162932,0.26676175644236505,0.0888877763947422,0.005649645606300602,0.014734120551491208,2.0
2021-04-22 01:56:13.600,0.6170048663794429,0.8654753978326786,0.6060320266009278,0.6338871908788486,0.3340785909854084,0.7540771392633495,0.9096809649210835,0.5701960626567579,0.7199453211002931,0.8055245408831224,0.26838967393303054,0.34094149620173925,0.19999863466627657,0.01977361498927694,0.01985904060405037,2.0
2021-04-22 01:56:13.620,0.6047200617731188,0.8491955260837193,0.5338147651378268,0.6298999919378303,0.3002002448435156,0.7806323290463186,0.9034535310792889,0.6015931228596986,0.7443229242710444,0.8116629324821399,1.0,0.2325249534765,0.19999863466627657,0.02542354986113774,0.016015399763863566,2.0
2021-04-22 01:56:13.640,0.5924352571667946,0.83291565433476,0.4615975036747258,0.625426477234955,0.25675414597710355,0.8036299178974302,0.89889740454997,0.6319254776225903,0.7655460717993234,0.8197544516290143,0.7872763454098758,0.36661909842613805,0.19999863466627657,0.01977361498927694,0.012171693324700068,2.0
2021-04-22 01:56:13.660,0.04286394200601773,0.68481265702056,0.2937931919564451,0.6207951027723955,0.21344467296661174,0.8417770547331299,0.8514397665584996,0.6936824005023836,0.8144924568970566,0.8150111481993032,0.19483102701868843,0.2838801579252976,0.22222171654306228,0.022598871690765895,0.014734120551491208,2.0
2021-04-22 01:56:13.680,0.8947464178255542,0.8335837475234495,0.3511398670253403,0.6177632287142957,0.17519951492455937,0.8477379353175057,0.8439159261024073,0.7589226899685665,0.8524428702123106,0.815848201786025,0.8827037792446978,0.2524964216397278,0.06666469451795003,0.028248517297066497,0.03267137353493671,2.0
2021-04-22 01:56:13.700,0.39854859134212933,0.7299379807360313,0.8031292804972265,0.615048963042834,0.14119332690871556,0.8692226369978345,0.8047034791659563,0.803920909286232,0.8836725845940104,0.8138950760652028,0.13717695241015013,0.40370896830582514,0.1333339401483201,0.014124258648533249,0.016015399763863566,2.0
2021-04-22 01:56:13.720,0.3204526224850013,0.6751988225146842,0.0,0.6136370558712864,0.12615040842272066,0.8762643343226445,0.7945630401147498,0.8241121985108613,0.89551729585799,0.7910156097628175,0.667992053116348,0.24679028804561043,0.2666656047404366,0.014124258648533249,0.027546387883400667,2.0
2021-04-22 01:56:13.740,1.0,0.7992658939584344,0.7424699973588142,0.6112939737308388,0.09155334789245059,0.8887116904468851,0.7823489419906573,0.8712005389123968,0.9197316770524512,0.807198648056566,0.8608349923242178,0.34094149620173925,0.1111108582715279,0.0,0.010890414112327712,2.0
2021-04-22 01:56:13.760,0.07055401858272653,0.6213960330822784,0.39459615190325764,0.6093544645503246,0.06409155085244302,0.9122954342430646,0.7170124979812641,0.9092081073306215,0.9485494888267693,0.7982700764648666,0.35586482161495075,0.4379457712716902,0.0,0.01836156516964875,0.019218400997864097,2.0
2021-04-22 01:56:13.780,0.7920769491022379,0.7053459151886315,0.15745729258572286,0.6069359600242495,0.031552088189581995,0.9148798438303566,0.7350927506410075,0.9549453237228908,0.9641226050348242,0.7781807880997494,0.5884691915873297,0.35235376385702766,0.15555474646890224,0.04237277594560139,0.03779622798851899,2.0
2021-04-22 01:56:13.800,0.7838929476442827,0.7084780906800303,0.3618481864807064,0.6049392640500197,0.0,0.9240262836230139,0.7244396557128598,1.0,0.9836134925301087,0.7385602562291692,0.6063618354313588,0.37517829916760426,0.12777703190101702,0.06002824388904682,0.04003838461144975,2.0
2021-04-22 01:56:13.820,0.6256668537586804,0.9023690630757699,0.4060319866283849,0.8245092548303206,0.49795832309991117,1.0,0.0,0.3808924265100039,0.7686391211606525,0.6275111493411997,0.5129224731347621,0.43509271369893987,0.09999931733313182,0.0776837118324939,0.04228054123438032,2.0
2021-04-22 01:56:13.840,0.7064702196156282,0.8206912148883597,0.4270743526271804,0.7927015069501308,0.23753701437743188,0.9865750960121787,0.2809892812974498,0.6788363312998547,0.9117901391363628,0.4773995097664405,0.38170975161188175,0.5863052741431182,0.24444479841985445,0.15254245622905901,0.06470204186471046,2.0
2021-04-22 01:56:13.860,0.6205236576191695,0.7749089109782872,0.3902761892855797,0.7781593908963241,0.11968954013907937,0.969233412663232,0.4453785720174036,0.8328374155364193,0.9606848149793794,0.37025663239570106,0.29224653239173604,0.6975748837821797,0.2666656047404366,0.20903949082319365,0.07110824112964197,2.0
2021-04-22 01:56:13.880,0.5762730008755418,0.6928437238646565,0.3903913152055853,0.7697393385687892,0.06988446218897519,0.9584603724279974,0.528458482892677,0.901145532692018,0.9769275500078675,0.3535156291750594,0.3121272477739906,0.7004279506960015,0.28888868661722233,0.27118646028919074,0.08904542851411058,2.0
2021-04-22 01:56:13.900,0.5848026650916699,0.5774891772364515,0.38048970162395446,0.760414358363893,0.021592250451688843,0.9563533548196602,0.5746851136138652,0.969093543948216,0.9966384052698166,0.37165175596380157,0.4035785385323618,0.6519258131610262,0.35555565669138883,0.31073426879886173,0.09673284139243776,2.0
2021-04-22 01:56:13.920,0.6223004640091566,0.4998512359984615,0.3773333946911866,0.7559163770591186,0.019837724916728076,0.9603983295968527,0.5592469527967113,0.9715927188372122,1.0,0.3766740683489599,0.4393638262204201,0.6519258131610262,0.44444343308613105,0.37570620570078755,0.10954510872434722,2.0
2021-04-22 01:56:13.940,0.6084115460054196,0.4854810191728964,0.37627058973191313,0.7538592288872494,0.038784249980947164,0.9638855699339436,0.5304762401059022,0.9447152367093922,0.9940641005872983,0.3694195765251861,0.3996023889468736,0.7489300882309771,0.35555565669138883,0.39830507739155346,0.1287636409201651,2.0
2021-04-22 01:56:13.960,0.616738330681553,0.46506852359724415,0.3766672122918767,0.7517706258675841,0.059549957674682304,0.9670251388023212,0.5016984043018273,0.9155465577258884,0.986887906492505,0.33537946812941977,0.37475150122809264,0.8844507899902058,0.5111104031602911,0.4491524663793875,0.1390134810252834,2.0
2021-04-22 01:56:13.980,0.6078422015122485,0.4565509036010938,0.38509948016707324,0.7496200871434968,0.08258470266545427,0.9702273865411188,0.4708290808138863,0.8835527552993567,0.9784757576435317,0.24135041658123005,0.3081511046975397,0.9714693542144588,0.6444443433086111,0.5141244032813134,0.1582318820231477,2.0
2021-04-22 01:56:14.000,0.6215646517328459,0.45382900192052555,0.3767658745207917,0.74771058589904,0.1104497144232635,0.9723393544551375,0.44040976313065744,0.8453702790237948,0.9668713082409386,0.16671313843186691,0.21769384564013292,0.9857346771072294,0.7111113133827777,0.5734464053113784,0.19666881521682983,2.0
2021-04-22 01:56:14.020,0.6322185407224723,0.44038680871338803,0.3590967564380027,0.7464273553471102,0.14705913032289972,0.9717780447942661,0.4130636730929231,0.7960947055002224,0.9491313597297447,0.0920758602825038,0.12723658658272613,1.0,0.8222221716543056,0.6497176334259087,0.23382446919813943,2.0
2021-04-22 01:56:14.040,0.6161881692338975,0.36451733994035934,0.38225650800465155,0.7463514966359582,0.22527488747893762,0.9633959146977326,0.37732713880744173,0.6947010908657697,0.9052905792568362,0.01450891513375268,0.005964247159862981,0.991440799258534,0.7777760079007277,0.714689281062276,0.2607302830743309,2.0
2021-04-22 01:56:14.060,0.625269370574252,0.32404239767788884,0.39135271981675784,0.7479686091090807,0.3179168627050142,0.9477110586578723,0.3465083852581215,0.5803676827115846,0.8479487145786981,0.02566962962337716,0.0019880878108187792,0.9258202368879462,0.7777760079007277,0.7627117026141796,0.3017296434948042,2.0
2021-04-22 01:56:14.080,0.6567933813274136,0.2907939977822384,0.39090835005434765,0.749788846596278,0.37919838777996373,0.9334192636395299,0.3359424026727589,0.5280174424446203,0.8163438800075031,0.026506685493892235,0.01391648449498496,0.7888730250244863,0.8666660598516799,0.8135593808675723,0.3516976172872047,2.0
2021-04-22 01:56:14.100,0.6706803449969745,0.25049239112268185,0.385501988683973,0.7524814254816807,0.43959135817879297,0.9155087826673296,0.3253764200873962,0.47566720217765585,0.7847390454363081,0.007812468169632769,0.0,0.6604850139024925,1.0,0.8672317372913351,0.39397820444086906,2.0
2021-04-22 01:56:14.120,0.663727621017613,0.21503557033803852,0.3878451791464443,0.7563185847424113,0.5006549806101085,0.8928062557862949,0.31244948994135185,0.37813839888872075,0.715831507131944,0.0,0.0,0.5805991169627945,0.8666660598516799,0.9124293360400884,0.4529147850452994,2.0
2021-04-22 01:56:14.140,0.6568778762558399,0.20137689788255136,0.38953910059180347,0.7612364519517206,0.5607038285334777,0.865304932579587,0.307673671602901,0.3186707134314013,0.666498239653729,0.015345971004267756,0.061630201412395995,0.5435092470831073,0.9222214889874438,0.943502748456696,0.49647660549205225,2.0
2021-04-22 01:56:14.160,0.6761966955899391,0.1750498708640897,0.3805167430491995,0.7671915634573827,0.6175552820653897,0.8334253390146841,0.3047597767541322,0.2657196224518583,0.6167521858503111,0.01953120468097933,0.1312127377954737,0.45221110584080065,0.9777769181232078,0.9745761608733046,0.5400384259388051,2.0
2021-04-22 01:56:14.180,0.6786381644823544,0.1543690110761315,0.36849250749660056,0.7746284082934953,0.6716495634385913,0.7956280050293106,0.3044186587744239,0.21844090099138203,0.5658549415097313,0.018694148810464453,0.16898608074916419,0.3580598976846718,0.93333302992584,0.9830510631810949,0.6028187129823991,2.0
2021-04-22 01:56:14.200,0.7361052120061714,0.2182374470287565,0.473304527120321,0.9935105445522703,1.0,0.4251226763252632,0.06622041820006262,0.0,0.23137899064077283,0.018136149626673776,0.21868788547739396,0.23823108730414416,0.9555561118026321,1.0,0.6630365006403273,2.0
2021-04-22 01:56:14.220,0.7214752807952407,0.15783827411907525,0.4275808846903062,0.9478740756654892,0.9257603796596714,0.5438961230856005,0.16590955470669722,0.0387599907706901,0.31085632473845953,0.00920756889980163,0.2902584608535106,0.1697574813724141,0.9111099480490542,0.9689265152670031,0.7040358610608006,2.0
2021-04-22 01:56:14.240,0.7075688720465316,0.10005981626405241,0.3911920551772987,0.9393487534714622,0.8960717683268675,0.5394763876669384,0.23990545504259575,0.056034227531002165,0.3200802497056432,0.0,0.3300198834817231,0.18402280893572068,0.8888868661722621,0.9604519022247705,0.7488789148006421,2.0
2021-04-22 01:56:14.260,0.6730684321794072,0.07769617186752009,0.3449928993774176,0.933980570171053,0.8717470257112641,0.5262882107970166,0.3097155057720754,0.07093451614666506,0.3222290195247192,0.010044624770316608,0.3518886785384998,0.14978600596985567,0.8888868661722621,0.9265537393214017,0.7975656618598518,2.0
2021-04-22 01:56:14.280,0.667662973127927,0.07406594763440426,0.33309868951017546,0.9419232429649687,0.876064502576327,0.47318884441114234,0.34629219252217236,0.06824023227601647,0.2916693431610343,0.04352679107712145,0.31809146238866703,0.10413692834289845,0.9111099480490542,0.8841806741102418,0.8321588689346773,2.0
2021-04-22 01:56:14.300,0.6635918985140249,0.07011420029643547,0.3195573735401153,0.9610068546458366,0.8940482083895911,0.3843109812030894,0.3618245783814681,0.05724755914037189,0.2371376434521868,0.08844863720854855,0.2942346039299615,0.07560626387521345,0.8666660598516799,0.858757124249104,0.8731582293551505,2.0
2021-04-22 01:56:14.320,0.6813830541277636,0.05020314886791741,0.3149766475408042,0.9796078902968408,0.901356132025445,0.29709059534426263,0.38069258071934886,0.05288586081592231,0.18646565000074344,0.13155690035041245,0.13518887273562802,0.0,0.8444452535310978,0.8361582525583381,0.9141575897756238,2.0
2021-04-22 01:56:14.340,0.6622289087382278,0.05987542562975857,0.3275317864159109,0.9968422418056377,0.9000924364375342,0.21468700692267753,0.40092563815492716,0.05363562845242671,0.13925346310835648,0.18498879927345427,0.06958250383789114,0.04422253716424233,0.6888882315059855,0.7994351222190373,0.9436258794218493,2.0
2021-04-22 01:56:14.360,0.6546373140085276,0.08149093513280715,0.3050311316156932,0.0,0.8906276958652047,0.13442136301916643,0.42490445343289723,0.05931039985736342,0.09236856349545094,0.29882812360831357,0.15506959625417924,0.18402280893572068,0.8222221716543056,0.7429377983593441,0.9833440104851725,2.0
