2021-04-27 15:38:11.960,0.6668484115581746,0.47924064909496844,0.4094599365119494,0.005054194314064872,0.06002693646815994,0.4305101630739384,0.8402183630094427,0.8632073477301637,0.9519315874787836,0.614990560120829,0.31329316213148484,0.5156918539497297,0.6571429793155384,0.7596490446438866,0.17759837858750985,6.0
2021-04-27 15:38:11.980,0.26316926120116174,0.40562213382194034,0.39387120280553717,0.007787321219201183,0.06217854099156403,0.42992228712950525,0.8429586758718706,0.8604614022664399,0.9508176056344376,0.6078184278959069,0.3083756496220487,0.5090346956511831,0.6417582237043841,0.7543858640566276,0.16750758745480193,6.0
2021-04-27 15:38:12.000,0.3980888047950252,0.48298415797822397,0.004050546602173821,0.012269983370436074,0.07677202330035103,0.4264624454504807,0.858716479089998,0.8418619212980499,0.9438816019697345,0.601670887094728,0.32796638597852495,0.5133142942174413,0.6307692411563818,0.7508771368814996,0.1765893614722186,6.0
2021-04-27 15:38:12.020,0.6100623975141001,0.5398545879839456,0.3799713781912642,0.01677646867134329,0.08021210654925048,0.4230878136125658,0.8746606545504717,0.8374864075096307,0.9378862527378216,0.6014147396403712,0.31483979949585716,0.5109961772732707,0.6373626756961708,0.7561403174687577,0.17154396590586457,6.0
2021-04-27 15:38:12.040,0.24759306051048638,0.45771374132823484,0.43957490207620387,0.019418548134590135,0.08706596657393109,0.4222824915083196,0.8778862071836785,0.8287750335770222,0.9358097542980737,0.6011585921860143,0.30171321301318943,0.5086780603291001,0.6263734680932297,0.7596490446438866,0.1695257250153503,6.0
2021-04-27 15:38:12.060,0.3228138478317297,0.46814621408734763,0.020516328736990764,0.023123201516280646,0.1059617793939306,0.4189476508728443,0.8917342107417872,0.8048283537077349,0.9278966980255939,0.607759316683137,0.30833599245681453,0.503387999557739,0.6241758066165928,0.7614033184068854,0.178607499032767,6.0
2021-04-27 15:38:12.080,0.5984544587640017,0.517255783803874,0.31938879839813156,0.027587263177853427,0.11224495261462394,0.4152633048460068,0.9081490733447309,0.796890129746393,0.9204949605244058,0.6143600411802597,0.31495877190043975,0.4980979387863781,0.6131868240685904,0.7491226834693695,0.17457117224668722,6.0
2021-04-27 15:38:12.100,0.31182438038165505,0.4749814693756075,0.5139582887729226,0.029944023418295766,0.11572633412148366,0.4138467369147983,0.9142448899767207,0.7924963479490136,0.9174522824141376,0.6054539891262227,0.2948128323742052,0.5104612311013448,0.5956044069807991,0.7508771368814996,0.1765893614722186,6.0
2021-04-27 15:38:12.120,0.24381332857024843,0.5340105003424281,0.06574767148531842,0.03203512621479559,0.13217176946591158,0.41133337547820203,0.9235568100761085,0.771797914390637,0.9106408988907249,0.5937894245291141,0.2822017905976614,0.5128387830494064,0.582417537901221,0.7543858640566276,0.1816347570385725,6.0
2021-04-27 15:38:12.140,0.6329647787003032,0.6283263269151038,0.23989175348624875,0.03708177978980825,0.1402040503778383,0.40615807367179785,0.9455006945661824,0.761722162552124,0.8995087729050125,0.5821248599320056,0.3045685429327691,0.511412245653188,0.5692306688216423,0.7438595028821103,0.1816347570385725,6.0
2021-04-27 15:38:12.160,0.3203463500488768,0.5591061344111746,0.3277963321370938,0.039853308606784404,0.15367225847960667,0.40379402575216383,0.9499638459852254,0.7495085411787619,0.8953474003751861,0.5955233462935492,0.29921479933355716,0.525677586532408,0.5560437997420643,0.7368420485318535,0.1816347570385725,6.0
2021-04-27 15:38:12.180,0.43959955336453865,0.5843933366440822,0.23602195040556836,0.04262483742376064,0.16714046658137502,0.40142997783252987,0.9544269974042686,0.7372949198053999,0.8911860278453598,0.6028531064795701,0.3043900849101754,0.528530653540618,0.5467031758290097,0.7355262533850391,0.18289610593016106,6.0
2021-04-27 15:38:12.200,0.5588527566802006,0.6096805388769898,0.14424756867404295,0.10377398908084226,0.11885896337655275,0.400063753717905,0.9780981711449983,0.7063131880460465,0.8736565475767029,0.610182866665591,0.30956537048679356,0.5313837205488281,0.5373625519159545,0.734210458238224,0.18415745482174964,6.0
2021-04-27 15:38:12.220,0.46623879033571924,0.5880263072929051,0.5352459610657487,0.16492314073792383,0.07057746017173047,0.3986975296032801,0.9796317661910099,0.8531565940230232,0.8881046795813711,0.6087642040488872,0.31131029452129677,0.5406561902715672,0.5406592691858493,0.7368420485318535,0.18466201504437815,6.0
2021-04-27 15:38:12.240,0.33495551847551797,0.4529548467364906,0.22197064556285612,0.19385458719960288,0.08632859077146912,0.3971650028485265,0.9811653612370212,1.0,0.9025528115860393,0.5967843801105154,0.3067893551119182,0.5511174359683372,0.529670286637847,0.7280701407694655,0.183652894599121,6.0
2021-04-27 15:38:12.260,0.38136802730912106,0.580934685467156,0.27685487679342063,0.2227860336612819,0.10207972137120778,0.39563247609377294,1.0,0.7900721799569668,0.8765279129667307,0.5792087181376218,0.30805839061225543,0.5675225712655446,0.5344321865771454,0.7391812299234609,0.19138919191118903,6.0
2021-04-27 15:38:12.280,0.3891137789300577,0.635825394616326,0.3040642049708758,0.25171748012296097,0.11783085197094643,0.3940999493390194,0.997638856598533,0.7259203936735218,0.8654289639756623,0.5554067011894678,0.30583757842012227,0.5941511947294479,0.5391940865164444,0.7502923190774557,0.1991254892232572,6.0
2021-04-27 15:38:12.300,0.39685953055099443,0.6907161037654961,0.3312735331483309,0.23631114977306983,0.2210873935469917,0.3905701315304999,0.9952777131970661,0.6617686073900767,0.8543300149845938,0.5256147726914473,0.3025063598884726,0.6302900454461645,0.5454212816526174,0.7883040391472221,0.22267073741955298,6.0
2021-04-27 15:38:12.320,0.391180088663176,0.7401113716039623,0.38020525254176346,0.23213191858269633,0.298060679433357,0.3870129073767003,0.9877193391607663,0.5699605075861632,0.8313566701647097,0.45271124073398517,0.3043305987728041,0.6795054552299004,0.5516484767887905,0.8263157592169881,0.2462159856158488,6.0
2021-04-27 15:38:12.340,0.3855006467753575,0.7895066394424287,0.429136971935196,0.23956316331098657,0.38891992890549887,0.3810527370323504,0.9804088756297463,0.49261655230211515,0.8017318859263753,0.23096627564532335,0.2605885284270428,0.7882786358909348,0.5769231591546893,0.9280701048396395,0.3435923577054021,6.0
2021-04-27 15:38:12.360,0.32808377803586863,1.0,0.45314635150900906,0.252851341954111,0.4852200555959997,0.3699592303207613,0.9730984120987265,0.41527259701806707,0.772107101688041,0.0,0.15882774787562262,0.7803138150690935,0.5934065204492234,1.0,0.48637741388810024,6.0
2021-04-27 15:38:12.380,0.3371797366148006,0.8991158793682775,0.39121081278678344,0.27549760568967196,0.5976299178438854,0.3483337771287331,0.9588469702438966,0.2563711664464417,0.6701509294515282,0.02409760743651177,0.12472241503464263,0.7168925126432141,0.604395502997225,1.0,0.5812310985274731,6.0
2021-04-27 15:38:12.400,0.37761480018872984,0.7300830819303052,0.45196967068216387,0.30754527187422465,0.702509709802122,0.3137167240236967,0.9399680482164182,0.16871472525277006,0.5741388059520552,0.04819521487302354,0.09061708219366263,0.6534712102173347,0.6373626756961708,0.9701753698885777,0.6730575251610404,6.0
2021-04-27 15:38:12.420,0.41804986376265907,0.561050284492333,0.5127285285775443,0.34830742945170806,0.7714456065171698,0.2671983881808323,0.9135806181851516,0.1186266420063992,0.4750433000190219,0.09040039433568671,0.03751584372767564,0.49928671670646557,0.6417582237043841,0.9140350164899934,0.7426841699706639,6.0
2021-04-27 15:38:12.440,0.4730024925982594,0.3412455593496049,0.5274493316389732,0.3925768601697577,0.7944752977328795,0.21325116189552176,0.8805624665704376,0.10330308162082233,0.3782811915425178,0.0654162102563366,0.004838195971687607,0.3825487307920434,0.6659340753319645,0.8192981252175998,0.8213925391993204,6.0
2021-04-27 15:38:12.460,0.5130817488955728,0.38727370176017234,0.5493294607612292,0.43257645632128844,0.7712074383511734,0.16044857918900435,0.8407438644432351,0.11878871586730758,0.28463156543346724,0.07314007324554823,0.0,0.24774129713961088,0.6901099269595449,0.7210525067700773,0.8920282589890159,6.0
2021-04-27 15:38:12.480,0.5561504448029043,0.4681995597381395,0.5048152846579913,0.4625501371869898,0.7039482835001493,0.11439571552528421,0.7925552551496847,0.1676065051907992,0.19028515266403395,0.1322510166833828,0.017951568852557904,0.1896100604151028,0.7137363069542311,0.642543770612492,0.9265893061906868,6.0
2021-04-27 15:38:12.500,0.6102015281969794,0.42854981950782034,0.42662015832244654,0.46934720808837915,0.6182694348888741,0.08734374131693196,0.7651885354850665,0.20702871371307052,0.14721663417528735,0.19136196012121734,0.03590313770511586,0.13147882369059474,0.737362686948918,0.5640350344549067,0.9611503533923577,6.0
2021-04-27 15:38:12.520,0.6753139725319832,0.256082875911993,0.3998708595220037,0.47614427898976847,0.5325905862775989,0.06029176710857969,0.7378218158204479,0.24645092223534182,0.1041481156865407,0.2504729035590519,0.05385470655767377,0.07334758696608666,0.7509157954321127,0.5391812957948087,0.9741002355949051,6.0
2021-04-27 15:38:12.540,0.7108398197415569,0.15334851695567758,0.43727851644552684,0.46377460681632354,0.500708371280403,0.043342467470003254,0.6354398760375349,0.36754850730523964,0.014849040555833198,0.4100922285236177,0.07483345421438613,0.03667379348304333,0.7644689039153069,0.5143275571347118,0.9870501177974526,6.0
2021-04-27 15:38:12.560,0.6394652828447325,0.260952723547768,0.5115196461490161,0.45140493464287856,0.4688261562832072,0.026393167831426898,0.5732405969376752,0.35924284652662264,0.01050477398017356,0.5697115534881835,0.09581220187109848,0.0,0.7780220123985016,0.4894738184746138,1.0,6.0
2021-04-27 15:38:12.580,0.5473731981060173,0.5503037241560267,0.4415271706824591,0.4389329816537449,0.501611684177676,0.26782013977348523,0.5110413178378153,0.35093718574800575,0.006160507404513977,0.7118931433327119,0.11611676824050943,0.1261293441324819,0.8542124114272844,0.5181286333288179,0.9875546599373372,6.0
2021-04-27 15:38:12.600,0.5438283222177547,0.6970690945961129,0.2802595652744122,0.42646102866461133,0.5343972120721447,0.5092471117155436,0.4602186966289033,0.31946886939464436,0.020275857756281098,0.6804855088802265,0.14530458259941265,0.2527341780263752,0.9208790105774692,0.5684209883361007,0.9687184699911309,6.0
2021-04-27 15:38:12.620,0.5612284118933413,0.7134513160931191,0.1660033996644203,0.41489749245011426,0.574750059457022,0.9968243494724475,0.40939607541999135,0.288000553041283,0.03439120810804822,0.6335119971500217,0.1687024282419688,0.32691392802406183,0.9758241483724196,0.5789472596860521,0.9550958657964871,6.0
2021-04-27 15:38:12.640,0.5562253612105429,0.7817571864171835,0.11850459038383285,0.41060751293886083,0.5834276105940284,0.9844925622411452,0.33743629350728604,0.2692374073684224,0.048981093851793084,0.598754745951902,0.20320432819088974,0.3794579062537592,1.0,0.589473710685135,0.9525731607802125,6.0
2021-04-27 15:38:12.660,0.6177892902115867,0.8274003286973985,0.08954911531770572,0.40762319563729704,0.5813541248889929,0.9737168089130945,0.29546827548255034,0.2711347605748995,0.05336268987629832,0.6092370911577173,0.24912755301172998,0.4236804293125606,0.993406565460211,0.601754345622651,0.9566094896328916,6.0
2021-04-27 15:38:12.680,0.6449898671325893,0.8166078125717039,0.1042832407362586,0.40597743771775446,0.5806994033212953,0.9645755419084763,0.2604570437338937,0.27173490363956787,0.05901109356485218,0.6500630685378108,0.29092641109477724,0.4512600809507039,0.9956044519917874,0.6087717999729088,0.9394550982088035,6.0
2021-04-27 15:38:12.700,0.6757442692366461,0.828189404517297,0.09742682957713782,0.4060276394897779,0.588019872021736,0.9566683474954804,0.23264031553603953,0.2650519726936891,0.06859829145454875,0.6795397372429933,0.32923542019993807,0.48121728842902217,0.9648351658244173,0.6333332494970719,0.9313824446366439,6.0
2021-04-27 15:38:12.720,0.7406537955931214,0.8961481780801017,0.06362530661372857,0.4078544393824984,0.5992468909475466,0.9500280008521548,0.21158228805816665,0.2549203384712501,0.07965978986333506,0.6915589628172539,0.3893559786002883,0.5556347897294016,0.9384616527202,0.659648972784234,0.9182643820652349,6.0
2021-04-27 15:38:12.740,0.8164174837628669,0.9706717169792068,0.07070327451086354,0.41132396693480877,0.609845686072819,0.9447661512128095,0.1962357107101278,0.245487661119982,0.08959297391957387,0.6886822351093188,0.4497938010741924,0.6222063555895696,0.8967031589498888,0.6789472417211391,0.9253279544575242,6.0
2021-04-27 15:38:12.760,0.8621918432138838,0.9837845473037388,0.09104409772758817,0.4162025514006797,0.6186889120192511,0.9406539345125521,0.1850007895074747,0.237716497086284,0.09782820055592116,0.674810859703625,0.4942100442676543,0.6431288489291662,0.8681319843690346,0.6912280563077864,0.913218974099285,6.0
2021-04-27 15:38:12.780,0.8700119719647669,0.9591515054894992,0.09895977125634295,0.4218607142269643,0.6251212095723425,0.9379035461365303,0.17796720479392067,0.23212126538810304,0.1036735730265569,0.6608606716075951,0.5358502690155245,0.6728482969313537,0.8065934120342952,0.6982455106580432,0.9041372393472553,6.0
2021-04-27 15:38:12.800,0.8388023207648887,0.8861066946200604,0.07374550629858467,0.4275137437649608,0.6280667977252843,0.9369390676552477,0.17675258984859143,0.23005541088565368,0.10544251851648144,0.6368222107824728,0.5891497439684769,0.748216811226731,0.7560438222475581,0.7105263252446906,0.9061554017069956,6.0
2021-04-27 15:38:12.820,0.8101383268259257,0.8491436761572149,0.050879576740480485,0.43324897294435893,0.6269542599227479,0.9376237765420967,0.18394948536213984,0.2375535156971689,0.09824998911979478,0.5635246095673703,0.668861053786745,0.8081312261833675,0.687912040427969,0.7140350524198195,0.8809283598106468,6.0
2021-04-27 15:38:12.840,0.838362531785607,0.7607932860804968,0.0497820260919444,0.4394995474020492,0.6188754591340382,0.9403264076046509,0.19323488845467468,0.24793100998759673,0.08910796242347777,0.5227774448776129,0.7511104177654376,0.8953875430323002,0.5868133109643732,0.6947367834829153,0.8849646865967266,6.0
2021-04-27 15:38:12.860,0.8455676272860098,0.7138238526156268,0.08240452213712268,0.4468966688896951,0.5790328354662667,0.9532866012514216,0.20252029154720955,0.2583085042780245,0.07996593572716074,0.534520822810164,0.8380393846310452,0.9583927630666541,0.490109904454051,0.6859648757205273,0.8708375428454473,6.0
2021-04-27 15:38:12.880,0.8316526042706992,0.7394371576982672,0.054350745909428094,0.4560104312439742,0.5334336214778941,0.9728084642487599,0.23410437019947292,0.28852158099993475,0.05509587096137619,0.5215952287183044,0.9411485206158675,0.9574417446226974,0.3824175153957272,0.6877191494835261,0.8324924383776896,6.0
2021-04-27 15:38:12.900,0.7321883057003084,0.7129410876441767,0.027175372954714047,0.4590939651214007,0.5194323926049748,0.9821573308052409,0.28344196153690127,0.31629797651734887,0.031619548134100776,0.5414565137385446,1.0,0.9372325297114934,0.26813191685255255,0.6929823300707851,0.8002018240890514,6.0
2021-04-27 15:38:12.920,0.6327240071299174,0.6864450175900862,0.0,0.4621774989988272,0.5054311637320555,0.9915061973617219,0.35769150342468126,0.343813260154501,0.010042640229420242,0.6063209496858869,0.927506343983071,0.864657624554269,0.18901092743002243,0.7035086912453024,0.7447023281972055,6.0
2021-04-27 15:38:12.940,0.0024560458446752685,0.18782464959555836,0.45142920158435484,0.46782639230181033,0.4901955002427026,0.0,0.4452633139008728,0.35911755958849145,0.0,0.671185385633229,0.8550126879661419,0.7920827193970447,0.12967024162685903,0.7280701407694655,0.6912210008648977,6.0
2021-04-27 15:38:12.960,0.0,0.0,0.7080410497997166,0.4714032301565661,0.5411676749799184,0.020310392741922735,0.5043559399056244,0.3320268817072333,0.013802408902156348,0.7208385933455291,0.7351681545033839,0.5699001271057197,0.0813187634266371,0.7385965019439827,0.6236125246148124,6.0
2021-04-27 15:38:12.980,0.11710278107110121,0.4002833240472807,0.802620505621584,0.4682089339939281,0.6189825129473475,0.03808290169276486,0.5694205767417494,0.26185998779319036,0.056328341656993235,0.6628310404745322,0.6172271600379444,0.5266286108145347,0.061538459807269706,0.7438595028821103,0.5862765044268237,6.0
2021-04-27 15:38:13.000,0.0725947739820553,0.8449401491118904,0.8914886251011934,0.4654039969100844,0.658121202884136,0.04378805950791753,0.5988443706733919,0.20418829456303253,0.09575707462634676,0.5445302828489206,0.5138800922279586,0.4952448737242248,0.041758268715371714,0.7201753698885774,0.5681130338894647,6.0
2021-04-27 15:38:13.020,0.14940440419329493,0.9476787243520669,0.9672542670897402,0.46443616260279946,0.6694550914141794,0.04391202051579975,0.5966418933732667,0.19489824861544539,0.1017395856521302,0.49842372361454573,0.4418623160913585,0.48430810518307965,0.015384643083684696,0.7087718718325614,0.5660948704964248,6.0
2021-04-27 15:38:13.040,0.3193462305686338,0.5181771100153925,1.0,0.4639254562754575,0.6720495062176515,0.041020384052565306,0.5863047159595137,0.19279404303866243,0.10140450149486904,0.5491015317820834,0.37666562664815667,0.49500710451781044,0.0,0.6999999640701734,0.5701311972825046,6.0
2021-04-27 15:38:13.060,0.39647760100850105,0.28562209245462705,0.9081137997230277,0.4627110258368342,0.6861616502095222,0.035577202789218214,0.5651506630459108,0.18149374737568863,0.10608003894721019,0.6302805981432267,0.3241592794190854,0.5178316522598305,0.0021977740041066486,0.7017544174823036,0.5721493658420428,6.0
2021-04-27 15:38:13.080,0.4912015918983855,0.3302401265712504,0.7886838623045304,0.4610874656187683,0.7186410403312454,0.02802988882609005,0.5348411536113135,0.15643843104913563,0.1207769359068549,0.6744167898008779,0.2877538209968441,0.5706133909386871,0.0021977740041066486,0.7035086912453024,0.5509586424653765,6.0
2021-04-27 15:38:13.100,0.6157288431797501,0.5379594536232528,0.6770047831750101,0.4611808115896355,0.7607627553732937,0.017790878229447766,0.49770479990736355,0.12597858139262869,0.14202067840790786,0.645176557231383,0.24813611933647595,0.6257726883768037,0.008791208543895672,0.7087718718325614,0.5580222169242652,6.0
2021-04-27 15:38:13.120,0.7032298241838723,0.6761379570863675,0.6180499784448107,0.46401699526181844,0.7988955503929152,0.004293211015394438,0.456279121090818,0.10044490160993984,0.1630207391975116,0.6008039262125106,0.2265228610610578,0.630527801030182,0.019780191091897992,0.7087718718325614,0.5691221181692337,6.0
