2021-04-27 00:58:03.920,1.0,0.5109902853241614,0.5210361691364066,0.7789286764403667,0.6660456731568538,0.14907436927044973,0.8349554240875435,0.31904218588481625,0.7555504472219826,0.5985343235391593,0.3789680676894886,0.3547822740462878,0.14792892954728004,0.4528301805782957,0.09191171764705894,3.0
2021-04-27 00:58:03.940,0.42579253547948176,0.3920448159387626,0.6061650810719859,0.7797514472432033,0.6655588343067063,0.15211802969977775,0.8318806879118409,0.3195215542917491,0.7588413208120077,0.5969353883958479,0.3339316148272437,0.35769829426288396,0.1464497341689743,0.4318658640964618,0.08823529411764706,3.0
2021-04-27 00:58:03.960,0.5459749458943476,0.47989379497977414,0.033239242322219045,0.7839370706090278,0.7013420093422517,0.14744403353926394,0.8353393809675742,0.284399638440552,0.741668407429993,0.5900066754762712,0.37756593639596225,0.3370917594609994,0.13757395598193278,0.44025150481913594,0.1066177882352943,3.0
2021-04-27 00:58:03.980,0.9892181873563793,0.5814643408976435,0.5858348708281128,0.7845020566503631,0.6914270475744592,0.13747895762509518,0.8443429525447428,0.29490684671262835,0.7363828695792672,0.6107928168524932,0.36904097878502906,0.3654743407482238,0.13313606688841223,0.42348022337378766,0.095588329411765,3.0
2021-04-27 00:58:04.000,0.4994489351841541,0.49110987965946135,0.2893505248923843,0.7853499625345015,0.6898036418023203,0.1403226351727585,0.8495430895351852,0.28098341114260345,0.7250224976401105,0.6025316575802624,0.3348289769307036,0.3732503904159566,0.13017752465249888,0.40670808322783775,0.06617656470588265,3.0
2021-04-27 00:58:04.020,0.9638766562877549,0.6054312925264165,0.5802051885204457,0.7896797885491526,0.7242169928829173,0.1319564136757628,0.8547432265256278,0.2670599755725784,0.7136621257009541,0.6363757660580169,0.3685922969987964,0.37908242639379897,0.1213017464654578,0.41509415330081395,0.07720602352941194,3.0
2021-04-27 00:58:04.040,0.4138323204230306,0.48645866980824515,0.5275610312813377,0.7900790158430053,0.7099171147817458,0.12431021599017454,0.8568747007323744,0.2799627625028873,0.7165689234879831,0.617721531080816,0.3401009919127952,0.4078538115010151,0.11094662142080908,0.39832287185546567,0.07720602352941194,3.0
2021-04-27 00:58:04.060,0.5474318604973566,0.5582682832847577,0.0,0.7941987600026558,0.7427086810852652,0.11323095312567619,0.867757215864196,0.24405311230435894,0.6888926468321672,0.6113257948700566,0.3250701431681575,0.4226283058060594,0.10946742604250335,0.39412983681897756,0.06249995294117659,3.0
2021-04-27 00:58:04.080,0.6229597543415267,0.5655191570899167,0.27468539105639805,0.7941500548545486,0.7384642925545285,0.10805934928990174,0.878290725252556,0.2523096218437671,0.6794215880414595,0.6043970784604908,0.3514302107335886,0.42884914554024556,0.11094662142080908,0.3438155631326356,0.09191171764705894,3.0
2021-04-27 00:58:04.100,0.6984876481856969,0.5727700308950758,0.5493707821127961,0.7941013497064413,0.7342199040237918,0.10288774545412731,0.8768186219339625,0.2520647820435486,0.6811669812772907,0.6001332565012276,0.360852533018741,0.46811819636229585,0.10207099471306945,0.3563942388917954,0.08823529411764706,3.0
2021-04-27 00:58:04.120,0.6537689174078543,0.5758034293462981,0.39705598651681956,0.7936973072265731,0.734471449206161,0.10437860460600455,0.882016497449983,0.20617114007502682,0.6544736509613356,0.5860093390358007,0.358496952676985,0.4996112006990062,0.09319521652602836,0.3605872739282835,0.08088225882352912,3.0
2021-04-27 00:58:04.140,0.6090501866300116,0.5788368277975203,0.24474119092084304,0.7969788106522159,0.7839335988883466,0.09629545980951036,0.8874222390044911,0.24779164734827985,0.6642143813160132,0.5814790258865128,0.3470555615274703,0.5229393560669902,0.09615375876194128,0.3731655203371437,0.07720602352941194,3.0
2021-04-27 00:58:04.160,0.6201248843420525,0.5317917326128477,0.3443168750767311,0.8951964883604022,0.6958112884932293,0.08988133787349334,0.892827980558999,0.2894121546215328,0.6739551116706909,0.5940040092992499,0.34963548377228376,0.5419906713881496,0.08875732743250782,0.3731655203371437,0.095588329411765,3.0
2021-04-27 00:58:04.180,0.6298377367710266,0.5866599157757194,0.33146160171168454,0.9934141660685888,0.6076889780981121,0.08346721593747629,0.8858457483966828,0.1791866445828126,0.6370812302589133,0.6041305894517092,0.3595064871091661,0.563763616822587,0.0798815492454663,0.3438155631326356,0.08088225882352912,3.0
2021-04-27 00:58:04.200,0.6478990107870368,0.5970193907127205,0.32319498820248244,0.9952808963897172,0.8098456413687248,0.0913281937902829,0.8851949000082072,0.17069683152898762,0.6339299050374126,0.5944703634286854,0.37002247077771977,0.5946734110694317,0.08136089610307391,0.3522012038553073,0.11397063529411752,3.0
2021-04-27 00:58:04.220,0.6441476811270188,0.6097087299059514,0.3078756603402476,0.9933183998280066,0.8275605196428025,0.09173401557640355,0.8845440516197317,0.16220701847516242,0.6307785798159126,0.5848101374056618,0.3805384544462734,0.6255832053162764,0.08394967736423588,0.34800849083154634,0.08547802352941182,3.0
2021-04-27 00:58:04.240,0.6403963514670009,0.6223980690991824,0.29255633247801277,0.9908611689867877,0.8577302095622413,0.09688119855117601,0.8780537464341732,0.13340999892870783,0.6253436653734173,0.5257828230511498,0.41738646397527024,0.7395023679548824,0.08653845862539827,0.3438157778077854,0.05698541176470612,3.0
2021-04-27 00:58:04.260,0.5824837243409102,0.6749968079034606,0.21056151816021065,0.9887047370933729,0.8889406510481437,0.1067297740240902,0.8660838511974795,0.09662507132908461,0.6220909885374519,0.49780147494783444,0.46214248404173613,0.8238724718434609,0.10650888380659,0.3689724853006556,0.05147049411764676,3.0
2021-04-27 00:58:04.280,0.5172463166294684,0.7715162415737037,0.12255434879917584,0.9865483051999584,0.9201510925340458,0.11657834949700438,0.8459920749956903,0.05225031410473204,0.6229196596758504,0.49966690237179207,0.5067863547326891,0.8580871094758422,0.13757395598193278,0.4109015476146279,0.04044103529411747,3.0
2021-04-27 00:58:04.300,0.5267224099871275,0.7751162364602655,0.22288701178434325,0.9788990834389851,0.9770747656124268,0.1562451908080306,0.8153083426360253,0.02122242700717603,0.6388717651131783,0.552431723929314,0.5546831540969329,0.9090202570762416,0.17159757039318893,0.44444453985562404,0.06249995294117659,3.0
2021-04-27 00:58:04.320,0.5647925742427718,0.690185039778794,0.29962219030593357,0.9719192136355446,1.0,0.195757491262274,0.7761843453140376,0.0,0.6619443407813203,0.7011325973731988,0.6223219711524813,1.0,0.21005922537726707,0.41509415330081395,0.0367648000000003,3.0
2021-04-27 00:58:04.340,0.5556749147334202,0.6149932696412516,0.2224959834592928,0.963330730245249,0.9997146633051938,0.24896486342419885,0.7240655801985252,0.0002633948439753531,0.6962792541870464,0.8447701796502324,0.7219293556072246,0.9968895928624784,0.2721893697279522,0.3773585553736317,0.04044103529411747,3.0
2021-04-27 00:58:04.360,0.6023396631409809,0.5836201457389087,0.12896438569241916,0.9552998978788523,0.972185470431055,0.3159591738738366,0.657771834153365,0.02576241487988515,0.7341937491160803,0.9151232736060996,0.8005608405266547,0.9751166474280412,0.3446746391232865,0.32285167600110126,0.0367648000000003,3.0
2021-04-27 00:58:04.380,0.5124474426086102,0.4732402254946145,0.1622396974144845,0.9481832394851578,0.9028039861737157,0.39911626821365975,0.6009312469451799,0.06949605464782363,0.7409156337379729,0.9239173912647061,0.8636006885081073,0.8821928443514564,0.4785503037008516,0.2117398970117428,0.09742644705882306,3.0
2021-04-27 00:58:04.400,0.4225552220762394,0.3628603052503202,0.1955150091365498,0.9410665810914632,0.8334225019163762,0.4822733625534828,0.5440906597369947,0.11322969441576211,0.747637518359865,0.9566955633385215,0.9335950280633268,0.6582426075559682,0.5817307706873011,0.1519914018308763,0.20220583529411723,3.0
2021-04-27 00:58:04.420,0.32593135595974093,0.0,0.23206755878720875,0.9402146599176076,0.7602300767422472,0.5561808476010419,0.4872500725288094,0.1569633341837006,0.7543594029817575,0.9783477816692607,0.9667975140316635,0.5100116615604113,0.6849112376737505,0.09224290665001227,0.30698522352941143,3.0
2021-04-27 00:58:04.440,0.19699425686854685,0.2398262333990068,0.29973155789877526,0.9393627387437519,0.6870376515681181,0.6300883326486012,0.304564587229546,0.3218379230761178,0.6547601266167834,1.0,1.0,0.36178071556485436,0.7522189445467605,0.058700129084165914,0.4163602823529409,3.0
2021-04-27 00:58:04.460,0.14688419500424865,0.4889456802306696,0.34691487210488225,0.9385108175698962,0.6138452263939891,0.7039958176961604,0.1756179149018591,0.4570350636780261,0.46194216803089455,0.863557636228772,0.9563656710862549,0.3123056003495031,0.81952665141977,0.025157351518322008,0.5257353411764705,3.0
2021-04-27 00:58:04.480,0.09677413313995038,0.7380651270623323,0.3940981863109892,0.9397263595865832,0.4902332553703981,0.8324718730241485,0.12792756702440378,0.49593887135523745,0.35063517729569066,0.7271152724575441,0.91273134217251,0.26283048513415186,0.9112426725674921,0.0691822873250841,0.748161731764706,3.0
2021-04-27 00:58:04.500,0.0,0.5818387681583586,0.5847942064729824,0.9395895235716477,0.4501366124761089,0.8996841817836205,0.0802372191469484,0.5348426790324489,0.23932818656048696,0.6824783667584838,0.7727425620679541,0.23483669360074264,0.9689349278246572,0.04192863296367028,0.904411745882353,3.0
2021-04-27 00:58:04.520,0.04027741334775119,0.29680483843949107,0.8525463924211886,0.9414209383131357,0.41307073157917823,0.9492453580161707,0.04102376619219152,0.572482721055769,0.11986245596893992,0.6189207327109548,0.6135726626408332,0.3598367047391176,0.9926035686705661,0.0922433360003143,0.9779411952941176,3.0
2021-04-27 00:58:04.540,0.12849407800525825,0.5473621915830584,0.9959104473560505,0.9438794338125334,0.35839781014373817,0.9829175483975957,0.014255414365771263,0.6282745472879425,0.037474190527691104,0.10153230580207602,0.39068988401431715,0.5544323572213077,1.0,0.10482158240917448,1.0,3.0
2021-04-27 00:58:04.560,0.17559588793424324,1.0,1.0,0.9419215216367205,0.30619441233858213,1.0,0.0,0.6905067985807939,0.0,0.0,0.2920920183835734,0.5478227086389492,0.9896450264346528,0.1551362854458185,0.930147049411765,3.0
2021-04-27 00:58:04.580,0.4657678877172717,0.8448329616765187,0.9618674547976978,0.9339643872256879,0.2893156973504129,0.9984001132140673,0.010383730653585,0.6901692154652365,0.04186416331424013,0.17188542157037373,0.24834552356800538,0.4933903609648201,0.9852071373411322,0.16352192616849265,0.8897059011764705,3.0
2021-04-27 00:58:04.600,0.7815792199766725,0.47845289008630437,0.9303201309272242,0.9229545102453122,0.2984081392073982,0.9688946758761395,0.020767461307170068,0.689831632349679,0.08372832662848026,0.29167222883647825,0.2157039107198791,0.4696734086826371,0.9689349656944825,0.17610060192765242,0.8363970729411765,3.0
2021-04-27 00:58:04.620,0.8186057170042081,0.5040161557507131,0.8687311692533406,0.9176283232845701,0.28270478072176336,0.9225362575918112,0.03725290473748953,0.6979157229095838,0.14633913131949808,0.4114590361025828,0.18306229787175282,0.445956456400454,0.9526627940478327,0.18867927768681464,0.7830882447058823,3.0
2021-04-27 00:58:04.640,0.7973473757336966,0.541863902451547,0.7803891573803573,0.9161373861412435,0.2534053781124767,0.8819437671584581,0.053738348167808925,0.7059998134694886,0.2089499360105159,0.5132578374571696,0.10992713770298025,0.43040435674674926,0.918639103896926,0.21383619985483707,0.6397058635294118,3.0
2021-04-27 00:58:04.660,0.7513325855493075,0.49657243476009866,0.6998118666081864,0.9152212361401368,0.2224554284547644,0.8349948517431243,0.0842791948457407,0.7362221513358863,0.3145216221159407,0.5223184637557454,0.06797537535748707,0.3989113543194746,0.8860946848639761,0.20125795344597688,0.5735294117647058,3.0
2021-04-27 00:58:04.680,0.677111349331162,0.3985078238444277,0.60314424811167,0.9146999440388757,0.2001599090846216,0.7835871949867983,0.14480958616451986,0.7797701626800573,0.4856209311465808,0.5268487769050333,0.03735282999653058,0.3265940955919531,0.8476331434893737,0.19601676698794288,0.5,3.0
2021-04-27 00:58:04.700,0.6183040043057392,0.3309351825055932,0.5508289938424611,0.9152135533417012,0.19328860453772218,0.7425823889305007,0.1950895256890992,0.7926715203360192,0.5908515624035006,0.582012003904076,0.021424616394048076,0.2616640808663848,0.8091716021147718,0.1907755805299089,0.4264705882352941,3.0
2021-04-27 00:58:04.720,0.5594966592803163,0.26336254116675867,0.49851373957325223,0.9157271626445267,0.18641729999082268,0.7015775828742031,0.24536946521367856,0.8055728779919811,0.6960821936604205,0.6823451211634715,0.012170553061041723,0.18993001154317538,0.7337278662231755,0.2054501297818609,0.3235294117647059,3.0
2021-04-27 00:58:04.740,0.4578193074989253,0.24441802554802702,0.44537882319612443,0.9189820766319623,0.16002068389698518,0.6178170733453978,0.359280117507554,0.8467498635693829,0.860823305734608,0.6147901519842179,0.0010095739116992982,0.13685845505773883,0.676035610966011,0.18448624265032657,0.20588235294117646,3.0
2021-04-27 00:58:04.760,0.4211346555925876,0.2949908246686053,0.4160947133035884,0.9218698287336662,0.13355891211446916,0.5622797398236118,0.4496917555060394,0.8676348159327154,0.9453312677983856,0.5705529765264655,0.0,0.08748057467395745,0.5917160211477221,0.21383619985483707,0.14705882352941177,3.0
2021-04-27 00:58:04.780,0.4140633248777709,0.3027206572404102,0.3636097145708527,0.9248277377478336,0.12671916917269735,0.5063572734229727,0.5117768877764391,0.8611886610132707,0.9780864725897864,0.6158561102005875,0.016937796695465163,0.041601862539977164,0.5384615035047767,0.209643594168651,0.10294117647058823,3.0
2021-04-27 00:58:04.800,0.4160452879644292,0.3033117284170748,0.36155539784564616,0.9306135331071704,0.12970243393655406,0.42341632288688086,0.572816116765427,0.8678681704926444,0.9961837970262192,0.6454363945378357,0.02804266902255951,0.008942492124214127,0.46745558096705003,0.19706491840948878,0.06617656470588265,3.0
2021-04-27 00:58:04.820,0.44360415879710136,0.3687648965005473,0.33651074738802733,0.9352747390852095,0.11850646107849538,0.3711268837807783,0.6320742385209741,0.8818757737319252,1.0,0.6195869519610444,0.04240050674807795,0.0,0.36316571744687104,0.17400408440941081,0.036764799999999764,3.0
2021-04-27 00:58:04.840,0.43714899802601376,0.4351394119896819,0.29605497694940436,0.9399359450632486,0.10731048822043669,0.31883744467467584,0.6883434645346516,0.8938418372255903,0.9900862061054192,0.591605609528961,0.06461026976483317,0.008164842603940724,0.32063608582332476,0.16457018492761344,0.018382399999999882,3.0
2021-04-27 00:58:04.860,0.45733990614493636,0.49334676547385165,0.2636641364261747,0.9469842961070659,0.09207592774119408,0.2470137813990953,0.740923831143712,0.9037459682914363,0.9687662165683533,0.5868088071527672,0.09287721917585202,0.0159409240956021,0.2781064541997789,0.1551362854458185,0.0,3.0
2021-04-27 00:58:04.880,0.47571119003598106,0.5297415705377531,0.26756074126722645,0.9516811733498582,0.07975169348263553,0.20350170464848236,0.7892414863496988,0.9166077529139115,0.9391867990430577,0.613990684957873,0.12406062158977299,0.02993781986230671,0.22337274117852723,0.14255760968665873,0.0036764235294118835,3.0
2021-04-27 00:58:04.900,0.45616427655713154,0.5187190576660454,0.28036598719808753,0.9561603396871868,0.0624783451685369,0.16479842531250483,0.8317156338555116,0.9346466244493395,0.9053412505448618,0.6550299966727318,0.15984300225907314,0.05443234767412909,0.13313606688841223,0.07966423089085248,0.06249995294117659,3.0
2021-04-27 00:58:04.920,0.4598076882690124,0.48765777423935547,0.2861910090408805,0.9603822745509673,0.04020246477702422,0.13111115285414415,0.8682247031165017,0.9579294780417188,0.8702860554911532,0.6694204053281835,0.1956254012909399,0.09136858359585952,0.09763310561954891,0.04192863296367028,0.07720602352941194,3.0
2021-04-27 00:58:04.940,0.45916587170309003,0.5153677385266973,0.261559734794474,0.9640960697585453,0.014870746841470377,0.10241908563621079,0.898923430335391,0.9844311978390474,0.8363043380450439,0.6382411869382454,0.22557492186085226,0.15007774904006302,0.07840235386716056,0.029349957204508056,0.08088225882352912,3.0
2021-04-27 00:58:04.960,0.46796206836447524,0.5095268370368498,0.25302636577525794,0.9675588935505595,0.0,0.07754349586144126,0.9250724581342522,1.0,0.8028429893652796,0.5710859545440288,0.25036459794113763,0.19984447009594533,0.062130144350685576,0.02096431648183392,0.08088225882352912,3.0
