2021-04-07 23:17:39.120,0.3322495047697393,0.5791555824730535,0.2465646266667916,0.0,0.572038064043669,0.43073252897685227,0.5209805658020709,0.3476100856708473,0.8662857042096643,0.5940685750822341,0.40357996700689047,0.39190707369198435,0.4952380445763676,0.8812095763249415,0.8690908681986105,2.0
2021-04-07 23:17:39.140,0.931678766613322,0.700931492669895,0.6052521029558474,0.00997627950375139,0.5648604221988924,0.4285837948968508,0.525524731201562,0.3546038418745295,0.8714903772810514,0.5901297419342084,0.3998409053348845,0.37941800187260943,0.49350637606339726,0.8855291758192657,0.8690908681986105,2.0
2021-04-07 23:17:39.160,0.35954535581323,0.5925320723137086,0.5728675371998371,0.0011570544456606462,0.5731322887316039,0.4316737954833624,0.5198588227940325,0.3465469604924406,0.8668041648554855,0.6044948965593362,0.38186158938646547,0.38266516054564687,0.49177488486647425,0.8855291758192657,0.8472727043892887,2.0
2021-04-07 23:17:39.180,0.8460293714218097,0.7232707589940778,0.21527505866263252,0.019520453152276622,0.5725747697042206,0.4153945977260572,0.5316528834051253,0.349407215900406,0.8377650229118432,0.6183966553680418,0.3922036737815738,0.3819158162364844,0.49177488486647425,0.8725703773362906,0.8399999582952716,2.0
2021-04-07 23:17:39.200,0.5616250136823525,0.674034456453313,0.9140387524647674,0.016832795217938512,0.5678094224573715,0.4175460750347928,0.5328977898490789,0.33190023648701994,0.7836422155583515,0.6545412332014678,0.42784408639469856,0.3851629749095219,0.4952380445763676,0.8660906463453151,0.8436363871968271,2.0
2021-04-07 23:17:39.220,0.5608203125717397,0.6449000895370374,0.0,0.020714472319071305,0.5882950041434463,0.4029863114720129,0.5368722377867008,0.3462440253071783,0.8119997708496497,0.6371640361129298,0.3796340635167498,0.39815160960167173,0.5021643639961537,0.8574514473566641,0.8436363871968271,2.0
2021-04-07 23:17:39.240,0.6581889749834713,0.667196852639125,0.6465653731224446,0.02426622461554138,0.5734444130876125,0.40677437130294736,0.5299320329485675,0.3413698647236708,0.8205803424106234,0.5815569893097114,0.3977724888465604,0.3704258701626595,0.5038960325091241,0.8617710468509896,0.8145454772934881,2.0
2021-04-07 23:17:39.260,0.8650817559131142,0.7227065096732246,0.20795200670697725,0.02032095939293375,0.5779555199821839,0.40446568232951685,0.5369469719644081,0.3438822241402928,0.8047860627757063,0.5806302053575234,0.4216388370599589,0.35344073248830965,0.5030302869106621,0.8574514473566641,0.7981817892728588,2.0
2021-04-07 23:17:39.280,0.7088323104835922,0.7138704993217035,1.0,0.026565081892259316,0.5770528544155629,0.3987617777501208,0.5439619109802487,0.34639458355691477,0.7889917831407897,0.6237256636383546,0.3541766250057139,0.3461970728775619,0.49870138160230776,0.8552915370263385,0.7999999851054539,2.0
2021-04-07 23:17:39.300,0.43836098841203797,0.6318710356459721,0.13849861715431203,0.03280920439158488,0.5761501888489418,0.3930578731707247,0.5447588027133933,0.3368548119160625,0.7585194541625898,0.6559314130649011,0.4084327913532892,0.31397526349459526,0.48831172515658144,0.8596113576869897,0.7563636574868104,2.0
2021-04-07 23:17:39.320,0.719180494206019,0.6596583606246015,0.35932324866867443,0.03773761751517559,0.5692856422275901,0.38725320116954565,0.5517554926126303,0.35151603890731037,0.7769723605741398,0.7043558852105973,0.431026270115554,0.3177219891293871,0.4891774707550429,0.8515120256977573,0.7609090819046609,2.0
2021-04-07 23:17:39.340,1.0,0.6874456856032307,0.5801478801830369,0.042666030638766506,0.5624210956062385,0.38144852916836663,0.5587521825118675,0.3661772658985585,0.7954252669856897,0.6784059281013746,0.40696103429634645,0.31303858515263183,0.4900432163535044,0.8434126937085256,0.7654545063225114,2.0
2021-04-07 23:17:39.360,0.5209226863874508,0.5685539149426716,0.9045080652337841,0.0342006547742944,0.5437604908411225,0.3935727217230691,0.5627316767378998,0.3679875971002543,0.7869993838791771,0.6524559709921518,0.3828957984771389,0.30835518117587657,0.4828282264095406,0.8394530055471462,0.7612120928222142,2.0
2021-04-07 23:17:39.380,0.56500259409031,0.6103877056210149,0.7087444869615176,0.0363189712516007,0.5406490532534569,0.3877882215286858,0.5667111709639322,0.3697979283019503,0.7785735007726644,0.5961538393776544,0.38472555121895696,0.3124765748762703,0.47561323646557724,0.8354933173857669,0.7569696793219168,2.0
2021-04-07 23:17:39.400,0.6090825017931694,0.652221496299358,0.5129809086892512,0.038437287728907206,0.5375376156657914,0.3820037213343023,0.5776702612987656,0.3894736285187126,0.7957692318739842,0.5911723745560332,0.3688942066449066,0.3067316018393578,0.46839824652161344,0.8315336292243876,0.7527272658216196,2.0
2021-04-07 23:17:39.420,0.6195389145702109,0.6703993062523591,0.285652486155931,0.04055560420621351,0.5344261780781258,0.376219221139919,0.5869796654913315,0.39148240830702935,0.767747622804481,0.5861909097344119,0.35306286207085613,0.3009866288024454,0.45194810491258564,0.8272138085637369,0.7418181652987762,2.0
2021-04-07 23:17:39.440,0.6299953273472526,0.6885771162053602,0.05832406362261079,0.05971606693606918,0.5308885910349443,0.3483542177211908,0.5972889364495712,0.4067813447258017,0.7714382129520939,0.6099397499908378,0.3590294492218802,0.2999875061236299,0.4502164363996153,0.79481648060681,0.7272727475834716,2.0
2021-04-07 23:17:39.460,0.8418882568545722,0.7354075105261461,0.7555366811235124,0.06787549372472525,0.5171945695844601,0.34007884443160175,0.6075982074078108,0.42208028114457385,0.7751288030997069,0.6096501304502615,0.3638424961903729,0.30198575812585227,0.43463204038904896,0.7904967705293217,0.7472726969420158,2.0
2021-04-07 23:17:39.480,0.7299346853311378,0.742485978970701,0.6157037159440586,0.07603492051338132,0.5035005481339758,0.33180347114201286,0.6179074783660504,0.4373792175633462,0.7788193932473199,0.6093605109096851,0.36865554315886556,0.3039840101280747,0.4277055879822275,0.7883369154905778,0.7572727088576524,2.0
2021-04-07 23:17:39.500,0.6179811138077035,0.7495644474152559,0.4758707507646049,0.7218361462459316,0.4411974478192712,0.37009257936176526,0.6307224464604329,0.4440317325123234,0.7486726247885358,0.5905931340525368,0.35712014198471514,0.3003621762337215,0.42077913557540614,0.7861770604518333,0.7672727207732891,2.0
2021-04-07 23:17:39.520,0.6336638818362353,0.7548992922614884,0.4802601998042237,0.7285319681029658,0.4696021094702635,0.31509572865770324,0.6435374145548154,0.4506842474613006,0.7185258563297521,0.6047265906746305,0.3567223675544922,0.2982390309576932,0.41038947912967927,0.775377951132858,0.7527272285852551,2.0
2021-04-07 23:17:39.540,0.6341453591709103,0.7344627202932886,0.47296483842601483,0.7358560582024201,0.45711513003969506,0.30590622062669537,0.6549861113424911,0.46371651582459167,0.7081299145250044,0.6283595838734092,0.3592681088009452,0.3032346596854432,0.4034631597098931,0.7645788418138816,0.7672727207732891,2.0
2021-04-07 23:17:39.560,0.6346268365055852,0.7140261483250887,0.465669477047806,0.7395330162679487,0.4439643438090519,0.2986163317112719,0.6654435697586506,0.47761908389434954,0.7024695006096847,0.6297497612082312,0.3600636550567403,0.3064818204029704,0.3835497697329488,0.7591792871543939,0.7490909113927935,2.0
2021-04-07 23:17:39.580,0.629492457293133,0.7042812438478151,0.46690713564767766,0.7432099743334772,0.430813557578409,0.2913264427958485,0.6759010281748101,0.4915216519641076,0.6968090866943649,0.6311399385430532,0.36085920131253557,0.30972898112049746,0.37792206871085465,0.7553996099510687,0.7436363425131896,2.0
2021-04-07 23:17:39.600,0.6243580780806809,0.6945363393705415,0.4681447942475493,0.7450715196456001,0.4193403287143862,0.2857511437590399,0.6844694936786533,0.5037935271098953,0.6932590049491796,0.6325301158778751,0.3616547475683307,0.31297614183802464,0.37229436768876045,0.7516199327477435,0.7381817736335856,2.0
2021-04-07 23:17:39.620,0.6272808060530084,0.6828044262670456,0.4681534194694369,0.7469330649577229,0.40786709985036346,0.2801758447222315,0.6930379591824966,0.516065402255683,0.6897089232039942,0.5926783980002731,0.3661097980054367,0.326297815037875,0.368831119320844,0.7483802331269992,0.7363635778009903,2.0
2021-04-07 23:17:39.640,0.630203534025336,0.67107251316355,0.46816204469132455,0.7508742572156871,0.4021082992999885,0.27351392658450346,0.7035964441037523,0.526198685470445,0.6702492752082939,0.5757645892055391,0.372155940954133,0.3314599660862098,0.3653678709529275,0.7451405335062554,0.7345453819683948,2.0
2021-04-07 23:17:39.660,0.620369525109728,0.6353119395006633,0.5020217356177024,0.7548154494736512,0.3963494987496137,0.2668520084467753,0.7090987967318889,0.5308624158413486,0.6578952827581276,0.5776181569202692,0.376770100381933,0.32796302597678484,0.3653678709529275,0.742980623175931,0.7490908741564292,2.0
2021-04-07 23:17:39.680,0.6217045826579604,0.6145545236475873,0.5246555590162475,0.7618998165112314,0.38775455969151135,0.255785952162064,0.7146011493600254,0.535526146212252,0.6455412903079613,0.5655699637401896,0.3872712950375024,0.32771324454039735,0.347186149488953,0.7526997773297435,0.7490909113927935,2.0
2021-04-07 23:17:39.700,0.6415375674616146,0.6120774660678302,0.5453439140738798,0.7687851559067789,0.38131756912008075,0.24916174828229615,0.7220098877535464,0.5431401156039356,0.631855640705017,0.554680250239582,0.3977724888465604,0.3372049391231222,0.339393907154658,0.7494601330005808,0.7745454296309415,2.0
2021-04-07 23:17:39.720,0.6509549683353033,0.5749504478280432,0.5809825054213171,0.7763324131758107,0.37815056153511883,0.24408417059820786,0.7271649971857261,0.5475149849375618,0.6194539351944935,0.5639480926061496,0.40175021322321214,0.3434494770772994,0.33766223864168815,0.7343414241872801,0.778181784059768,2.0
2021-04-07 23:17:39.740,0.6611484352901646,0.5510920171629208,0.6196766529748162,0.7798850602532287,0.3765615625061512,0.24255824190921238,0.7300563724876331,0.5501101668917014,0.6127736080711987,0.5600092596477699,0.3982498158186423,0.3456975079602972,0.3307359192219015,0.7451405335062554,0.8036363395342804,2.0
2021-04-07 23:17:39.760,0.6522562024787897,0.5594648852501438,0.6247609585544404,0.7836081557669877,0.37539832373966153,0.24078896725555354,0.7313697926065496,0.5510812107685708,0.6091218834116212,0.5549119462513348,0.39315832776480736,0.3379542854767744,0.3307359192219015,0.7494601330005808,0.8036363395342804,2.0
2021-04-07 23:17:39.780,0.6305184869015523,0.5600034503255837,0.6186978066498369,0.7878183934985508,0.3741853613321683,0.2382063252822585,0.7326832127254662,0.5520522546454402,0.6054701587520435,0.5625579165356333,0.38854416673514725,0.3282128074131724,0.32554109099903833,0.7462202675050931,0.7654545063225114,2.0
2021-04-07 23:17:39.800,0.6163949375967592,0.5712533525368804,0.5867167601834115,0.7916823803402837,0.3715244231470682,0.23517089645387707,0.7367199160589746,0.555642319727111,0.5957736361564783,0.5790083331804314,0.3848846602096509,0.32071936023256803,0.3186145942632048,0.7408207128456055,0.7818181384885939,2.0
2021-04-07 23:17:39.820,0.6038745281214841,0.5664447809811959,0.5702268991002721,0.7941020293778587,0.3672425298002677,0.23245827475506134,0.7402169467070263,0.5603572213027296,0.5916386372384002,0.5984707991158902,0.3853619869212678,0.31697264073124526,0.31168827484341866,0.7321815138569545,0.7927272017750726,2.0
2021-04-07 23:17:39.840,0.5958667526840238,0.5620281179766453,0.5605989091794725,0.7946974107533012,0.36136153532694,0.23091708878265763,0.7436986275719906,0.5668495369005974,0.59231100840835,0.6065801597168816,0.3866348591072847,0.32321718072991207,0.3082249378174785,0.7257020040323048,0.7890908845826109,2.0
2021-04-07 23:17:39.860,0.6001865504839203,0.5635857794341276,0.5227974230594495,0.9665295158164267,0.3575923361223711,0.23552190644065213,0.7425503907627902,0.5710217261031095,0.6092577619095948,0.597775712218507,0.38854416673514725,0.3349569082401245,0.3064934466205555,0.7235420937019792,0.7745454296309415,2.0
2021-04-07 23:17:39.880,0.5908019898519272,0.5748150858139238,0.49022819295673725,0.9681012645601762,0.3531155332098398,0.22852275867397479,0.7487035886747714,0.5759872343137732,0.5924607300768455,0.5808619012744533,0.39347654578526503,0.34319969564091185,0.31168827484341866,0.7321815138569545,0.7927272017750726,2.0
2021-04-07 23:17:39.900,0.5858967655045348,0.5648689849063221,0.4858730779498756,0.9684539842762048,0.35307903367142063,0.22725330646021263,0.7494806730175985,0.5760277414063584,0.5887152149449434,0.5678869248059462,0.40182976771855916,0.3420756771326785,0.3064934466205555,0.7343414241872801,0.7999999851054539,2.0
2021-04-07 23:17:39.920,0.5824250448009232,0.5693389415636478,0.4850332889948434,0.9697766905455831,0.35417140546206444,0.22628792111679943,0.7495861067614813,0.5748150706555296,0.5848883163321644,0.5681186208176989,0.4077565782730724,0.3363931494548629,0.30476195542363255,0.7257020040323048,0.778181784059768,2.0
2021-04-07 23:17:39.940,0.5823333867486143,0.5773139936416595,0.47778957795690113,0.9716407539570953,0.35460709014701947,0.22567468620356765,0.7497639577346807,0.574331672239423,0.5826828638942668,0.5683503168294516,0.41368338882758554,0.3307106217770473,0.30476195542363255,0.7149028947133282,0.7927272017750726,2.0
2021-04-07 23:17:39.960,0.5872201224390379,0.5813629085373925,0.4788875117676539,0.9739796673497806,0.35365561469696305,0.22609080934428225,0.7499269752013361,0.5753875433415557,0.584750403247169,0.5706672769469789,0.4233890366087553,0.3031097720339839,0.299566949884722,0.7343414241872801,0.8181817944859499,2.0
2021-04-07 23:17:39.980,0.6212223200907501,0.5821071271672188,0.48205323897353275,0.9777855227669677,0.3499030661858592,0.22672896448708094,0.7531509774065674,0.5840920732001191,0.5922354893253594,0.5734476285190743,0.39840892441863873,0.28724865184562265,0.299566949884722,0.7127429843830027,0.7999999851054539,2.0
2021-04-07 23:17:40.000,0.6724548622867291,0.5727715366098456,0.5166870424665939,0.9831727934958518,0.341767704880977,0.22592707865849465,0.7608728564119209,0.5993001614414308,0.5943380953839928,0.5991658882890234,0.3560859289870657,0.2845010560453602,0.2857143110451497,0.697624275569702,0.7745454296309415,2.0
2021-04-07 23:17:40.020,0.6395891621842057,0.5858337723337493,0.5845467521275449,0.988910583659745,0.3322352590186064,0.22314542931080447,0.7690411698181759,0.6123645254755304,0.5876312986824814,0.7189527282616441,0.32505967319709017,0.25677530842838925,0.2718613175734827,0.6997841859000276,0.7999999851054539,2.0
2021-04-07 23:17:40.040,0.6305590074961867,0.5448932256204089,0.6262275243666544,0.9920419942701748,0.3206303856093743,0.21771784338077096,0.7812732344119773,0.6391884255198982,0.5948722742119047,0.8354958126909764,0.29912490901629774,0.2243037216980145,0.25108218199807686,0.6652269476127749,0.778181784059768,2.0
2021-04-07 23:17:40.060,0.6959757176507834,0.43206802801239885,0.7236295074212329,0.9856495764972434,0.29700914329935807,0.21377175508108034,0.7975099931935863,0.6801950986913978,0.6139242667667523,0.8375810824861262,0.26682577609146907,0.20881726446403093,0.23376620613256388,0.6177106896762214,0.7636362918717338,2.0
2021-04-07 23:17:40.080,0.6754688832755795,0.48821734561391644,0.678977847538043,0.9632243270110458,0.24236222728254947,0.20704428713315376,0.8171064530626613,0.7248013643780792,0.6183445865942577,0.7847543804277528,0.21845665854840474,0.21755962496004172,0.19740240857252123,0.6025917596965951,0.7563636574868104,2.0
2021-04-07 23:17:40.100,0.6299589211115224,0.6048717889761281,0.5881569278110056,0.9467115406646401,0.18856183150622652,0.18722062979763446,0.8400069442972742,0.766152595839161,0.5907348018743095,0.7613531003088525,0.1831344704282944,0.2228050289907102,0.17835494151008524,0.5766739415643178,0.8181817944859499,2.0
2021-04-07 23:17:40.120,0.6237676675779192,0.5906862977856828,0.5900219253052564,0.9385474712830323,0.15692688455867357,0.16579932683540216,0.8643780933385932,0.8043019069664512,0.5398299532060942,0.7771084101434542,0.17183772297274505,0.2258024144053188,0.14025965275311958,0.5464363027713907,0.8181817944859499,2.0
2021-04-07 23:17:40.140,0.6097685224690169,0.5433989802219882,0.5756523436951135,0.9275605440326837,0.12676785914102207,0.14366701905494608,0.8879247991082971,0.8411096479875786,0.48209543473778876,0.7664504087744958,0.17120128961461978,0.2332958574969438,0.09783537002977544,0.512958909066138,0.8472727043892887,2.0
2021-04-07 23:17:40.160,0.5950273780408787,0.6022382014443205,0.5112459427939806,0.9175411683580227,0.09724158545720314,0.12098054824742387,0.9108013023718008,0.877544000415983,0.4186850567801375,0.7409638474816953,0.1750198897633714,0.2505307622962535,0.07748906292458853,0.49838012254383757,0.8709090640312059,2.0
2021-04-07 23:17:40.180,0.585487854039367,0.6884567425633987,0.4232115508011372,0.9105241788147846,0.06846997399610956,0.0970928823051448,0.9332299546219361,0.9134121008904369,0.34725984213519606,0.7333178771973968,0.1917263533211184,0.2735106728443103,0.057142755819401626,0.4838013360215365,0.8945454236731234,2.0
2021-04-07 23:17:40.200,0.573537348167583,0.6969824889173938,0.3677681737069632,0.9032752063093495,0.04305134516726381,0.07433425533507938,0.9531028239155865,0.9453893297870063,0.2752945842644561,0.7187210341463499,0.22116149706462385,0.2822530231178727,0.031168614705085296,0.46004320705325913,0.9309091169068439,2.0
2021-04-07 23:17:40.220,0.5696854126787319,0.6380334858451617,0.33449697670824186,0.8949035770848651,0.023521401604611667,0.053611628073165205,0.9693179368586986,0.9701354639843588,0.20598597842412225,0.6621872034857664,0.25823391924515143,0.28599974670817485,0.012986893241111318,0.4406047881624701,0.9490908890509747,2.0
2021-04-07 23:17:40.240,0.5592657468374874,0.6171104924591474,0.2634913106707446,0.9763180820121011,0.004313049941661123,0.033729384310498,0.9844119741756459,0.9946199140968568,0.13788874973909404,0.6202502234620636,0.3132856065834107,0.3259647765301745,0.007359192219017153,0.43520517821140137,0.9745454445254873,2.0
2021-04-07 23:17:40.260,0.5433625166627479,0.6569833991176364,0.19847777494157157,0.9710509026212826,0.002329079203833372,0.014361727106419595,0.99040943915708,0.9973099570484284,0.08980586329681604,0.6054216798477638,0.3856802051631208,0.3874110078370094,0.0017314911969229885,0.429805568260332,1.0,2.0
2021-04-07 23:17:40.280,0.5036225015742128,0.7347365745804338,0.15058867541883483,0.9718162337027016,0.001164539601916686,0.007180863553209688,0.9964069041385142,1.0,0.04172297685453821,0.5604726524298587,0.4614160860357778,0.4700886714592299,0.0,0.44492449823995844,0.9454545346221485,2.0
2021-04-07 23:17:40.300,0.4936026229258659,0.776411187925602,0.1333599813122632,0.9725815647841208,0.0,0.0,1.0,0.9974330076755981,0.0,0.47520852389777013,0.5395386095827962,0.5410265871263412,0.01904746706243598,0.462202896217259,0.923636333576462,2.0
2021-04-07 23:17:40.320,0.4644214285649855,0.7799149078418853,0.1364955809825347,0.9799994932019382,0.018358417522661888,0.004521742520406145,0.9920450599115633,0.9754433139612985,0.0158440173088303,0.4318813659070925,0.6272076595481999,0.5949794100978755,0.06926390346205094,0.5053995546594876,0.8690908681986105,2.0
2021-04-07 23:17:40.340,0.474252254368539,0.746008533841558,0.1422245725004567,0.9874174216197558,0.036716835045323776,0.00904348504081229,0.9840901198231267,0.953453620246999,0.0316880346176606,0.4286376236390126,0.7186953487321147,0.6551767301337935,0.12164492550287935,0.542116592693903,0.8190908737840652,2.0
2021-04-07 23:17:40.360,0.4677137333685559,0.725595599528764,0.2286251106510733,0.9966354769497825,0.09786959072811213,0.05445792954900687,0.943535086273525,0.87676498289154,0.17780511305282537,0.42539388137093276,0.7922037076420319,0.731859608615369,0.17402594754370723,0.5788336307283183,0.7690908793695199,2.0
2021-04-07 23:17:40.380,0.43081886235756883,0.7246658007292759,0.2619069828438146,0.9962011414764559,0.15603353424281735,0.10841671475960181,0.8960681171745777,0.8053861330333933,0.34253249913669676,0.39365152017497484,0.8574383547568017,0.8082927322389227,0.2549783474942365,0.6376889755664285,0.7245454259073051,2.0
2021-04-07 23:17:40.400,0.3865442461888042,0.6122129076734507,0.3483827379642076,0.9893362940314737,0.2323397281599156,0.17434582513343616,0.8431889738491198,0.7324886392072116,0.4664541181477504,0.24119551409834283,0.9403341480246395,0.8602472832744604,0.33593074744476514,0.6965443204045392,0.6799999724450903,2.0
2021-04-07 23:17:40.420,0.44771667714692526,0.6123191725313811,0.2956562088717572,0.9891655815614102,0.3271516449343177,0.24444345650537705,0.7903098305236619,0.6595911453810299,0.5903757371588041,0.0,0.9984884561232926,1.0,0.42164505848991446,0.7521597997471621,0.6581817807084949,2.0
2021-04-07 23:17:40.440,0.41484069114714106,0.8458167727455843,0.28914438969785816,0.9975575853881388,0.4422372531675883,0.3265551814091229,0.5909342241899158,0.41237044860447697,0.7988683068469998,0.06970188511599552,0.984964204937558,0.9582864987602946,0.5073593695350642,0.8077752790897851,0.6363635889718996,2.0
2021-04-07 23:17:40.460,0.27013521009879654,1.0,0.2889359915741257,1.0,0.5743463933360574,0.4105632479379431,0.5089217056925772,0.3206828305397357,0.7949896259998199,0.13940377023199113,0.9714399537518235,0.9165729975205894,0.6554112646224783,0.9006479952157299,0.7218181787038677,2.0
2021-04-07 23:17:40.480,0.04660306425899843,0.4309419511291857,0.420015491150256,0.9877431732247508,0.7000206496519339,0.4882455522973002,0.4269091871952386,0.22899521247499416,0.7911109451526404,0.20910565534798664,0.9579157025660886,0.8748594962808842,0.7982683314870298,0.9136069042818685,0.7127272553954374,2.0
2021-04-07 23:17:40.500,0.0,0.0,0.5886940128987537,0.9467010966640658,0.7793786669360898,0.59832087246596,0.31991312753114803,0.16149144469537713,0.8353531995197416,0.6190917415068415,1.0,0.7473460658493527,0.8675325895811754,0.9179267249425184,0.7418181652987762,2.0
2021-04-07 23:17:40.520,0.0798814137931391,0.2730514197831274,0.5722571999306821,0.9073961749728007,0.8021307544691916,0.6891278195053263,0.17597622196456245,0.1250382647356744,0.9565981298076095,0.5231695964341273,0.8951471972722016,0.6316972587574514,0.9125541977579272,0.9373650332501445,0.7672727207732891,2.0
2021-04-07 23:17:40.540,0.15935300866918564,0.3175770968403625,0.7067261021003018,0.8680912532815357,0.8248828420022933,0.7799347665446926,0.07761273424049164,0.07930937391163026,0.9193047680506966,0.31000924665702984,0.7199682154483653,0.4939427935230118,0.9541126462247862,0.952483963229771,0.8036363395342804,2.0
2021-04-07 23:17:40.560,0.2388246035452323,0.36210277389759765,0.8411950042699216,0.8472797302338121,0.8725115689851578,0.8593555882613835,0.05721337340316486,0.06563742645195621,0.8870660097335354,0.45505097277174084,0.633890242366648,0.4056450526932967,0.9770563231123933,0.9632830172571658,0.8263636105689911,2.0
2021-04-07 23:17:40.580,0.3833319907587519,0.35582673823643285,0.8617762258655765,0.8264682071860885,0.9201402959680225,0.9387764099780742,0.03681401256583808,0.051965478992282516,0.854827251416374,0.4772358640006066,0.5868735310584401,0.3716747778557194,1.0,0.9740820712845606,0.8490908816037018,2.0
2021-04-07 23:17:40.600,0.5278393779722714,0.3495507025752681,0.8823574474612311,0.8264387527575021,0.9519609218377234,1.0,0.01641465172851129,0.03829353153260846,0.8225884930992129,0.4994207552294722,0.5398568197502321,0.3377045030181421,0.999567127200769,0.9827214361479548,0.8881817848044951,2.0
2021-04-07 23:17:40.620,0.5309884849153035,0.6437517270335322,0.7693476621594406,0.8082612044543662,0.9096507228958216,0.9744591426725632,0.019008226967458446,0.06133042486897428,0.8992156547348907,0.38531045995895974,0.406682592585888,0.2810041179804249,0.9991342544015385,0.9913608010113497,0.9272726880052883,2.0
2021-04-07 23:17:40.640,0.6007443251650265,0.6550609582462985,0.8086810157885617,0.7794306288799205,0.9835635319202234,0.9905686516978529,0.0,0.01064757862240669,0.7333683681239735,0.4124189028163214,0.3427207763734225,0.2512801168278643,0.9714286220902992,1.0,0.9600000268101828,2.0
2021-04-07 23:17:40.660,0.6764528575166816,0.567216927384388,0.8571985841346267,0.8094519965423317,1.0,0.9586380487024415,0.01857102132457597,0.0,0.6844618429560524,0.5187673665214502,0.2937151994257266,0.22205568263705805,0.9558441817507213,1.0,0.9436363667168265,2.0
2021-04-07 23:17:40.680,0.6908152343236744,0.5433824360740791,0.837079818649331,0.8418027283778017,0.9997108718761247,0.9178171407093577,0.04435358984646729,0.0001853819492294327,0.6687675971830468,0.6423771940067933,0.20867144845793612,0.15761209044949057,0.9402597414111433,0.9999999999999993,0.9272727066234705,2.0
2021-04-07 23:17:40.700,0.6407367243736654,0.5368893042764038,0.7673788926930482,0.8741539736121763,0.9860400179873179,0.8694235343846238,0.07732437490274956,0.009028741600875072,0.6758121353301966,0.7884615204087134,0.13794750665260327,0.07168727019872226,0.8813852284207477,0.9892008906810235,0.9309091169068439,2.0
2021-04-07 23:17:40.720,0.5797449747729772,0.49554523171398873,0.6993822625744113,0.907004095896461,0.9607538332415536,0.8134920594863234,0.11851033616490869,0.02580177796376132,0.6970262555875343,0.9288693262883697,0.09944312569536029,0.031222669325988894,0.8207793128914532,0.9697623612070728,0.8945454236731234,2.0
2021-04-07 23:17:40.740,0.5445367767584097,0.4223479193489116,0.6712441103185347,0.9370296587613504,0.9181815381705026,0.7538981584685475,0.16844140506147198,0.05524919426019451,0.7417069834047914,1.0,0.0666666840310042,0.010490808061336884,0.7636363797560043,0.9373650332501445,0.8072726939631069,2.0
2021-04-07 23:17:40.760,0.49460298970733413,0.3929425059567776,0.6789123819136431,0.9568664683186668,0.8538986932467236,0.6991736271562272,0.25455257378149004,0.13210877774642846,0.8628757762547895,0.9849397497537804,0.030389826338826212,0.0034969360204455675,0.6978354586877993,0.8941685959742424,0.7563636574868104,2.0
2021-04-07 23:17:40.780,0.4496370638997772,0.43844380384246,0.6289929581422797,0.967491874728907,0.7791462171635983,0.649089698766623,0.3467445861447267,0.22355213390950399,0.9661103627022378,0.9508804379225873,0.0042959674929182855,0.008242789445277147,0.6389610343554274,0.8596113576869897,0.6981818376801328,2.0
2021-04-07 23:17:40.800,0.41054964843289876,0.5104044853688372,0.5660015502859365,0.9739514010729449,0.7062185910906582,0.5986917169211659,0.40981856997114247,0.2845183049484705,0.9953517665321764,0.9339666271681795,0.0,0.0012489174043858304,0.5645021253544659,0.8272138085637369,0.6909090543497514,2.0
2021-04-07 23:17:40.820,0.40553800885315294,0.5584006679699718,0.49430436773157105,0.977480945199654,0.6385356796377134,0.547411648335146,0.4725398235893125,0.3456787446967744,1.0,0.9462465176875328,0.017342896915872277,0.0,0.49177488486647425,0.779697771793508,0.6509090811599336,2.0
2021-04-07 23:17:40.840,0.4090611882459308,0.5743066229924745,0.38737959114135706,0.9763628210595056,0.5417825864382614,0.47400173008655233,0.53175249959381,0.40967488759488474,0.9964369992921229,0.9469415886546654,0.041845665854840446,0.022480329274874818,0.43116879202113245,0.7343414241872801,0.6872726999209249,2.0
2021-04-07 23:17:40.860,0.40798252696668613,0.6201440567053391,0.35905759329817477,0.9714337515187439,0.49355055313616386,0.44377454344979717,0.5585270166822677,0.4428969035799755,0.9945606911723496,0.9033827460309852,0.068735089189098,0.0502060625804181,0.3757575273986538,0.6846652559204011,0.6727272449692555,2.0
2021-04-07 23:17:40.880,0.40690386568744147,0.6659814904182038,0.33073559545499254,0.9665046819779821,0.4453185198340663,0.4135473568130421,0.5853015337707252,0.4761189195650663,0.9926843830525762,0.8410565321447092,0.09721558940704217,0.07468463516843418,0.3203462627761752,0.6501080176331485,0.7127272553954374,2.0
2021-04-07 23:17:40.900,0.4266663839829539,0.7598791352036475,0.28880235435040214,0.9600371759481121,0.38479936618729227,0.38018006328403686,0.633760849346941,0.5410947760978725,0.9814454440250802,0.8069972013489319,0.1333333420155021,0.10066192090865132,0.28398264253217936,0.6177106896762214,0.6727272449692555,2.0
2021-04-07 23:17:40.920,0.4526308440598856,0.7720290771562732,0.2641126105925277,0.9576210326916286,0.3376532322263969,0.352128638465442,0.6725973871647077,0.5932269909174004,0.958702072310659,0.7585727481678197,0.17613366441915707,0.12114400687038486,0.25281367319499987,0.5853131405529687,0.7163636098242638,2.0
2021-04-07 23:17:40.940,0.477280656144979,0.7385491027180702,0.2966919180221911,0.9574610869300226,0.2967051412328445,0.3273853009177132,0.7061481598084427,0.6395352778336015,0.931504311409581,0.7075996255822187,0.21861577665537593,0.15986011928799868,0.19826833148702955,0.5496759471005533,0.750909051370842,2.0
2021-04-07 23:17:40.960,0.49246147238719085,0.7197826104406907,0.267616685947665,0.9581049331620632,0.26564400865597465,0.3060699359010855,0.7330553096001509,0.6752770829801018,0.8994929968716826,0.635773858145955,0.26221162447762103,0.19607842347520657,0.1679652850643589,0.5075594649898126,0.7890908845826109,2.0
2021-04-07 23:17:40.980,0.47786222142504897,0.7600465630689176,0.250275702663588,0.9629590611312874,0.24283093415073365,0.2894320070469169,0.7532452986126528,0.7018552951078095,0.870600065936577,0.5739110203529338,0.301352433583688,0.2228050289907102,0.15757562861863258,0.5183585743087891,0.7927272017750726,2.0
2021-04-07 23:17:41.000,0.4922628474928962,0.7495621447038795,0.23111921511505373,0.9710101240797139,0.22876927122643284,0.27461961985824945,0.7687056404333081,0.7183720001087905,0.8378450101075089,0.5264133368057486,0.33476532683872384,0.25352814771086213,0.14545448097598276,0.5097191541538124,0.8145454772934881,2.0
2021-04-07 23:17:41.020,0.49990795149459855,0.7407313440809524,0.25376604342986325,0.9527192694532426,0.22344426439048987,0.2654068320553072,0.7784361919695668,0.7267319165660809,0.8103705054775865,0.5143651479875234,0.3716786126797258,0.2984888185275497,0.1437228715683617,0.5118789907620293,0.8230303042940827,2.0
2021-04-07 23:17:41.040,0.5075530554963008,0.7319005434580254,0.2764128717446728,0.9344284148267711,0.21811925755454672,0.25619404425236486,0.7881667435058256,0.7350918330233716,0.7828960008476646,0.5161028676015543,0.389538597536287,0.3315848583377708,0.14199126216074065,0.5140388273702466,0.8315151312946771,2.0
2021-04-07 23:17:41.060,0.5151981594980031,0.7230697428350982,0.2990597000594823,0.9161375602002997,0.21279425071860367,0.2469812564494226,0.7978972950420843,0.743451749480662,0.7554214962177423,0.5178405872155852,0.40739858239284826,0.36468089814799187,0.14025965275311958,0.5161986639784635,0.8399999582952716,2.0
2021-04-07 23:17:41.080,0.5730460262233532,0.6596276702778532,0.3521297726325354,0.9207381620113854,0.23159247752635478,0.25748644574920665,0.7814990739195059,0.720011721016576,0.7833990624623003,0.5171454963356394,0.42768498000865524,0.4031472403739114,0.14545448097598276,0.5269978838806016,0.8236363261291891,2.0
2021-04-07 23:17:41.100,0.6008198437684475,0.607767504654062,0.44125639902767566,0.9232614442849972,0.2427498635487094,0.2620017385998083,0.7720654170734391,0.7019500114370535,0.7876995411248281,0.5154077781439523,0.4319809227573925,0.400649425498914,0.1593072971316024,0.5421167032770652,0.8036363395342804,2.0
2021-04-07 23:17:41.120,0.6245337040980722,0.566900595385244,0.49031021526024665,0.9257968134356787,0.25461977741703257,0.26682550598041055,0.7643306626347733,0.6880867483361299,0.7924340251248357,0.5176088907297178,0.4308273832260239,0.39733982070009605,0.17835494151008524,0.5421167032770652,0.8399999582952716,2.0
2021-04-07 23:17:41.140,0.6259547997698892,0.5604900169808809,0.5030281920200085,0.9284468905701969,0.2655314641821565,0.2718959481875107,0.7532328450150535,0.6696927669295466,0.8012586673407133,0.5198100033154834,0.4296738436946552,0.39403021590127807,0.1835497697329489,0.5615552327510172,0.8436363871968271,2.0
2021-04-07 23:17:41.160,0.63177698752235,0.6087350277842366,0.4936477063027789,0.9318733588653941,0.27541476756856625,0.27668778315273723,0.7436030912272111,0.6553872531785048,0.8116582793808726,0.5620945245121278,0.4359586475247419,0.39090794794643435,0.1887444206397647,0.5680345214093424,0.8181817944859499,2.0
2021-04-07 23:17:41.180,0.66768333513515,0.5956098661352586,0.49704380143225807,0.9352145442682605,0.2828733137191042,0.2814551756417156,0.7372692594855395,0.6503357087298652,0.8277181524098768,0.5792400293818301,0.4416865698873997,0.3959035766741843,0.18701292944284173,0.5593953224206915,0.8399999582952716,2.0
2021-04-07 23:17:41.200,0.6763386418751753,0.5559777938351552,0.5007049058821876,0.9355082084417153,0.2872712796592224,0.28825127824788366,0.7316297032179251,0.6456559925242092,0.841097855976133,0.5530583781573128,0.439618153008378,0.4011489888828114,0.1922077576657049,0.5615552327510172,0.7927272017750726,2.0
2021-04-07 23:17:41.220,0.6664596378373864,0.5772476578670213,0.4872102873883537,0.9335272000939959,0.2954472524115808,0.30002548567373677,0.7259901469503109,0.6409762763185534,0.8544775595423888,0.524791466619938,0.43468577429686484,0.39715248487836663,0.2008657455984614,0.5723543420699924,0.7999999851054539,2.0
2021-04-07 23:17:41.240,0.6551209449220963,0.6078419873331147,0.47741549536553496,0.9363254514866637,0.3076858928408326,0.30868685282215824,0.7152278650115144,0.627025406296472,0.867887083771368,0.5243280745964325,0.43484488589220943,0.3894092593281093,0.2095237335312179,0.5853131405529687,0.8181817944859499,2.0
2021-04-07 23:17:41.260,0.6434727665554746,0.592644924218687,0.48138315012481914,0.9391903347228839,0.316268005450107,0.3138339050856451,0.7082915385435131,0.6172946106470663,0.8742728545559111,0.5382298334051381,0.4327764677108624,0.37766953202234593,0.20606057382132456,0.5745140312339923,0.8727272971001659,2.0
2021-04-07 23:17:41.280,0.6443997238291747,0.5877796501810673,0.48238376953664724,0.9415473344255527,0.32245145367851324,0.318972650605943,0.7022731391778432,0.610309203864509,0.8827329865439596,0.5553753382748402,0.42736676072494195,0.3659298038987866,0.20606057382132456,0.570194431739668,0.8327272494376192,2.0
2021-04-07 23:17:41.300,0.6529667665385108,0.5868250052278691,0.4866344802795198,0.9433474576706269,0.3255839669152751,0.32371399783334553,0.6977062953867682,0.6067784734067216,0.8929192860977228,0.5678869248059462,0.42036596643673246,0.35693767177993874,0.21645005295100403,0.5788336307283176,0.8145454772934881,2.0
2021-04-07 23:17:41.320,0.6571071159907408,0.585264034940805,0.4808321604709872,0.9446940296548006,0.3266445856304238,0.32765879157565614,0.6944950301016297,0.6055844648521197,0.902854932509158,0.5736793250997645,0.41225140660901444,0.3476957594513972,0.21298689324111122,0.5831534513889689,0.8254545405799668,2.0
2021-04-07 23:17:41.340,0.6581451998920066,0.597613871288434,0.4820268583525753,0.94637967961268,0.32569724747157885,0.33057641568244883,0.69278215045122,0.60665104140015,0.9119023819508673,0.5801668130495492,0.40397773974409046,0.3409516627134244,0.21298689324111122,0.5809935410586433,0.8581818049121316,2.0
2021-04-07 23:17:41.360,0.6512598332447741,0.6087838132927603,0.46966074029666194,0.9480042791065274,0.32332586890698367,0.3325596930001558,0.6922774838338388,0.6093233934990415,0.9197742390325384,0.5848007336638955,0.39554496271637973,0.33745472260399945,0.20259741411143173,0.5593953224206915,0.8399999582952716,2.0
2021-04-07 23:17:41.380,0.6403813709590287,0.6197272161165035,0.47153517533218736,0.9495243799204699,0.31990917706650746,0.33395377718454716,0.6925885089710542,0.61317859403519,0.927054669592642,0.5878127818166811,0.38902149370722916,0.33445734536734945,0.20432890530835474,0.570194431739668,0.8327272494376192,2.0
2021-04-07 23:17:41.400,0.6366340725726576,0.6368119603849289,0.45802682790889376,0.9511920462481467,0.31550004297833356,0.3345690618136308,0.6938314762299417,0.618163859786931,0.9331602657761076,0.5945319661575104,0.38408911525618106,0.3337079990136973,0.20606057382132456,0.5464363027713907,0.8236363261291891,2.0
2021-04-07 23:17:41.420,0.6458840339648505,0.6567244818423216,0.44886939192258873,0.9528584364128321,0.3095164538358191,0.334611458567829,0.696077568812958,0.62494666910591,0.939220303167828,0.602873024477067,0.3823389163585474,0.3367053762503473,0.20346315970989323,0.5464363027713907,0.8209090603075695,2.0
2021-04-07 23:17:41.440,0.6573110882537059,0.6594003549100678,0.44535579881878523,0.9538975117902057,0.3027440380903903,0.3346365637341644,0.6986204196716321,0.6326473567427403,0.9459740549462965,0.6068118566768635,0.3801113899679016,0.34419881934197216,0.2008657455984614,0.5464363027713907,0.8181817944859499,2.0
2021-04-07 23:17:41.460,0.653881594889826,0.6550192781499834,0.4372657651433898,0.9540094034143374,0.296713085847257,0.3348188035082079,0.7007537750864911,0.6395262464053055,0.9524001983203727,0.6007877584748341,0.37883851856327994,0.35369051269800333,0.19393942617867524,0.5550755017600416,0.8181817944859499,2.0
2021-04-07 23:17:41.480,0.6447230838851393,0.662784361045552,0.42671962306038624,0.9540011743633229,0.2922520198706228,0.33505536845802336,0.7022485467854148,0.6446276600449694,0.9574191654586807,0.5973123192467723,0.3772474280051775,0.36767827436239703,0.19999991134197673,0.5637149219150169,0.8327272494376192,2.0
2021-04-07 23:17:41.500,0.6479951803075932,0.6688550701350785,0.4215708354214577,0.9535625410077375,0.2893506872986188,0.33532246338605287,0.7031333062678503,0.6479509776552131,0.9609917007998557,0.6041473512141863,0.3792362910400149,0.38066690915677137,0.20043282847021882,0.553995657178041,0.8327272494376192,2.0
2021-04-07 23:17:41.520,0.6614490949873799,0.6573042889206862,0.4325492426548764,0.9523461669857807,0.2872211245215892,0.33583006858162767,0.7035517421103468,0.6503931626673077,0.9644860042753454,0.6052479071751887,0.38488466022267415,0.3946546702589304,0.2008657455984614,0.5442763924410651,0.8327272494376192,2.0
2021-04-07 23:17:41.540,0.6735753177299063,0.6418585921610399,0.42772250233011255,0.9498774956870824,0.28555910103362875,0.3371050226642553,0.7032308951266931,0.6523010053943047,0.9696836560268135,0.6063484631361913,0.3905330294053335,0.40864243136108946,0.1939392488626279,0.5583153672555293,0.8218181675329583,2.0
2021-04-07 23:17:41.560,0.6889332720488542,0.6504102431676819,0.42205348486480665,0.9467511457229982,0.2849211459580879,0.33941787271497886,0.70176320905814,0.6530340597687938,0.9768010403681215,0.6014828476479673,0.39936357836280256,0.42837516340455906,0.1922077576657049,0.5485962131017162,0.8145454772934881,2.0
