2021-04-08 02:36:43.360,1.0,0.8137416949982402,0.22829037899312643,0.9790558283516235,0.270571397024716,0.061158946696662185,0.925823213379068,0.7023712581125616,0.8950293240505371,0.5070726330282214,0.4675281935111497,0.39309531811452203,0.24095450980911462,0.48305040988212267,0.07058813986250768,1.0
2021-04-08 02:36:43.380,0.4750178966027051,0.7477312531451116,0.7003818151558228,0.9789653724735283,0.26833598075514975,0.06363050871223438,0.9227080079345642,0.7047641681775445,0.8971665227695664,0.5204986705812352,0.4409653476479119,0.39054529800977444,0.24865271882617881,0.4406776278080247,0.05686272399600013,1.0
2021-04-08 02:36:43.400,0.5402795930364316,0.7530099028096274,0.0,0.9814647837660815,0.29838610785901004,0.0524566965205956,0.9356022475004391,0.6726981666821082,0.8821348596745288,0.5269719384611278,0.4612326336193498,0.38838758960677344,0.25481138063566494,0.5169491562194768,0.05882338295731363,1.0
2021-04-08 02:36:43.420,0.8392705191711961,0.8119193962447411,0.7076167588596035,0.9805704452384134,0.29040743979265754,0.050024492273307304,0.9392014890644813,0.6811906508890854,0.8826039068922696,0.5135459010062332,0.4343936684785446,0.38328754978261115,0.24711317161860075,0.4406776278080247,0.062745102448597,1.0
2021-04-08 02:36:43.440,0.5079846140140477,0.7570096601571221,0.2565960244747672,0.9833182997010206,0.299838440051404,0.054631008541913724,0.939398752075204,0.6686691922698135,0.8790062500644955,0.5094701399338597,0.4705103008454471,0.3672028101819612,0.23787525773423418,0.4915253134156627,0.07254899960814938,1.0
2021-04-08 02:36:43.460,0.5593448007274316,0.7688114293144793,0.7603263496950016,0.9827653346984103,0.3045160207879167,0.044037468835027446,0.9437378361483441,0.6717188569134864,0.8776201598117758,0.5142651529601815,0.4477579263689556,0.3750490243080238,0.23479600565935327,0.4576274348751048,0.062745102448597,1.0
2021-04-08 02:36:43.480,0.2765923316164942,0.7451876723902583,0.08075483933550265,0.9832101716966525,0.2993070240677692,0.04610666706017779,0.9422658525585943,0.6370487990280794,0.8686523319929691,0.5173819118197681,0.4480892716283221,0.34601803332603553,0.22709779664228907,0.4745755063485826,0.07254899960814938,1.0
2021-04-08 02:36:43.500,0.9119349966309834,0.830537706673425,0.49666490720463785,0.9893522452768256,0.3281744939229216,0.04277445089373583,0.9502759016615067,0.645216605971507,0.8666490091738702,0.5310476995335014,0.47360285750356634,0.34013337594259657,0.22863742267972953,0.43220315817288774,0.06960781038185093,1.0
2021-04-08 02:36:43.520,0.2898386476565597,0.732583166119275,0.6355787924837896,0.9913861183438207,0.3176400976694663,0.04428495751088297,0.9449825068448345,0.6522689639618982,0.8715255041844818,0.5303284465983599,0.443339988673371,0.3440564830056279,0.2224788397001058,0.3813559064636528,0.07058813986250768,1.0
2021-04-08 02:36:43.540,0.47885347287127866,0.7896135306884929,0.03912198967115917,0.9960709098996692,0.3411589107636899,0.03521794409116195,0.9550568250032052,0.6274407570437778,0.8588660449853295,0.548549496098383,0.44002653698374017,0.3385641331173841,0.2147806306830416,0.35593206365983876,0.05098034554340295,1.0
2021-04-08 02:36:43.560,0.9317310888158702,0.8579844019055272,0.670258030073314,0.9955059138196767,0.32358928093824785,0.030017886318510892,0.9627784238569609,0.6459754921445799,0.8597994613318106,0.5451929850175711,0.44963554950536516,0.34758727936235606,0.2086219688735559,0.3813559064636528,0.06470576140991051,1.0
2021-04-08 02:36:43.580,0.21924757993176147,0.7656695500794635,0.5222867698172716,0.997339055613328,0.3160094082097314,0.03260702242827684,0.9599811416078732,0.6539958421776307,0.8636982357412879,0.5346439583220496,0.40556662820157063,0.3746567148861639,0.1978445077816108,0.3898299422003917,0.0666666211555522,1.0
2021-04-08 02:36:43.600,0.5602987396856756,0.8234070534754374,0.056695289092557354,0.998952300788539,0.33053280791704037,0.017525339284030876,0.9780581473411528,0.6386408983629982,0.8485218270689364,0.5075521347233308,0.44113102118162806,0.36053352945925127,0.2024634647237941,0.33898225659275866,0.05686272399600013,1.0
2021-04-08 02:36:43.620,0.8590604005236214,0.8905005939430087,0.6901471037863071,0.9985286058726941,0.32159234848100954,0.013248631528799269,0.9840403951281818,0.6480868465701733,0.8475204408410929,0.5142651529601815,0.45339079577818414,0.39034914304195584,0.19168584597212468,0.4067797492674718,0.07254899960814938,1.0
2021-04-08 02:36:43.640,0.17895311394277996,0.7879555323941925,0.4507893641238725,0.9999319755869056,0.324218237267825,0.017319305061223297,0.9787525818345647,0.6453104669199939,0.850026933409467,0.5065931319218279,0.4191517865476911,0.40996467845344553,0.19476525570673034,0.3305082208560198,0.06470576140991051,1.0
2021-04-08 02:36:43.660,0.5617959019453089,0.8699694785276583,0.0652106156691178,1.0,0.3405460944833817,0.0036150040279311286,0.9946765776626624,0.6280857585993529,0.8347688645658837,0.5324862036376367,0.43041752355808216,0.4146724069290831,0.18090838488018002,0.2881354387819268,0.05098034554340295,1.0
2021-04-08 02:36:43.680,0.7725505879082498,0.9078452424352293,0.6791318549557529,0.99724282595578,0.32912399552014476,0.0,1.0,0.6401283631449081,0.8347726483143402,0.5159434077156329,0.437375774908809,0.44841113088226026,0.18706704668966614,0.3728810029301128,0.07254899960814938,1.0
2021-04-08 02:36:43.700,0.1605974010792748,0.8053588155505924,0.44367842472084784,0.9966711933476807,0.33445196190466114,0.0034372950178636658,0.9953464856557271,0.6345066636580378,0.836227203775493,0.4936465969469974,0.444886267454447,0.4833267869543468,0.1932255508394275,0.3644069671933739,0.05294110489688069,1.0
2021-04-08 02:36:43.720,0.5012061080766529,0.8882398156438054,0.22659126609475577,0.9936768297889248,0.3442902358885702,0.00014304382196955796,0.9986891202752205,0.6241457752486528,0.8309115737985739,0.4727882883201107,0.46167442735274694,0.5233424757861579,0.1901462987645466,0.3813559064636528,0.07450965856946289,1.0
2021-04-08 02:36:43.740,0.4699456546228428,0.9164351875655768,0.28897004083716155,0.9894712903699294,0.35578969041324243,0.0013273112819472347,0.9963620545092614,0.6120663608876473,0.8288391115758624,0.4286741704403359,0.5020433251471641,0.6000392028128791,0.21785988275792248,0.4067797492674718,0.07843137806074627,1.0
2021-04-08 02:36:43.760,0.4483268034295928,0.9315198671531438,0.2759346657322624,0.9844073350018324,0.3756989273323257,0.006092077329168676,0.9889953027726697,0.5912341546225273,0.8273580698755146,0.38120354540452234,0.5590899407483232,0.7030207792729909,0.2363357105266561,0.4661014706118437,0.08039203702205977,1.0
2021-04-08 02:36:43.780,0.40983848903884657,0.9094710109039378,0.23659419008613514,0.9784170530405926,0.40711722502227227,0.01658749218910044,0.9618936540605283,0.5379947963218098,0.8273652383589538,0.3193478754025835,0.6001767565258863,0.7638289419610839,0.27636646047927904,0.5000002169491978,0.08627441547465695,1.0
2021-04-08 02:36:43.800,0.3840196687319901,0.9519024852061585,0.19235268035555622,0.9701892845896651,0.4470735309920254,0.033508746639987805,0.9271582729951906,0.4809569058403696,0.8260462580447652,0.29717093034391207,0.6416225253736063,0.7974695938571245,0.3163972104319024,0.6610164417120395,0.09999993173332845,1.0
2021-04-08 02:36:43.820,0.34656495972372586,1.0,0.13982872056583703,0.9603566235081866,0.4988490200287121,0.0580251517904919,0.8924228919298529,0.4239190153589294,0.8247272777305764,0.27499398528524066,0.6830682942213263,0.831110245753165,0.36566587426889235,0.7542369093937705,0.11372544799199996,1.0
2021-04-08 02:36:43.840,0.3260045835096246,0.9382928807446697,0.07159732379475955,0.9519208947086564,0.5806896094679787,0.0930130695946184,0.8053094094943603,0.3400784712897243,0.8259482589597442,0.32294413124755184,0.7747956964595403,0.8952530446281726,0.4272517040651298,0.7796607521975846,0.1333332423111047,1.0
2021-04-08 02:36:43.860,0.33696355502152747,0.8990515156410521,0.05764536151105051,0.286400844704882,0.6875269738142675,0.1701866862154898,0.7357265258358952,0.22033856297065033,0.7920183546197848,0.31886836625040516,0.8193064195787867,0.9117301071373362,0.4903772387286701,0.8220335342716825,0.16274503418192546,1.0
2021-04-08 02:36:43.880,0.3109280334320044,0.8920574444561284,0.08094049818899307,0.2465101390316612,0.8126521418409313,0.2664033164041681,0.6544456938469129,0.16305925260757592,0.7689688597502037,0.2730759977361908,0.8561961538188589,0.9144762788703501,0.5673594865590359,0.8813552556160544,0.21372548011749265,1.0
2021-04-08 02:36:43.900,0.2575129847493305,0.8453921864898118,0.12658377188955608,0.21958458785046248,0.8662800807251372,0.3430204529202516,0.5684537397555125,0.114775466723226,0.7316094483638728,0.18221049500023154,0.8970620601003828,0.9011376891671792,0.6505002385391627,0.9152540019534086,0.26078426679707467,1.0
2021-04-08 02:36:43.920,0.22854905141777876,0.8015656410686794,0.171733739648716,0.18977889723997982,0.9209988146981168,0.42748209386282593,0.4802013538019948,0.06657256449100712,0.6723312362194162,0.11172380743807285,0.9420146112520372,0.9003530870212214,0.7136257732027029,0.8983050626831345,0.3098038730654327,1.0
2021-04-08 02:36:43.940,0.20782478294326784,0.763725613257352,0.2261288129202137,0.15576620717431822,0.9683717261028196,0.520877718568953,0.39117259051419073,0.025729911366290083,0.590217372909049,0.06473269547921083,0.9815551509606231,0.9446841679335023,0.8260198928733704,1.0,0.47549013663052253,1.0
2021-04-08 02:36:43.960,0.21726759535191123,0.7162226452009041,0.2802971737391741,0.11600836953417204,0.9974595951367817,0.6229063928697222,0.3266338799594359,0.012864955683145041,0.5067299676317519,0.01198753256580463,1.0,1.0,0.869899786749457,0.9872878616488915,0.5573528987755448,1.0
2021-04-08 02:36:43.980,0.20339944195373771,0.7250018546413637,0.3319294547337724,0.07125872506720386,1.0,0.7306441001617062,0.262095169404681,0.0,0.4232425623544547,0.0,0.9738237434947481,0.9968615271940072,0.9137796806255437,0.9745757232977854,0.6392156609205671,1.0
2021-04-08 02:36:44.000,0.14524896820957015,0.7203885259697891,0.4581762450750628,0.02846729250643627,0.9715049958119493,0.8316727956090387,0.15084674298719652,0.023058628772344235,0.23066893232937874,0.1623111889786091,0.9246742102492297,0.9438995657875443,0.964588049329836,0.7711862825624476,0.7921568180213732,1.0
2021-04-08 02:36:44.020,0.056230852016231875,0.4650335517261169,0.6176824497161774,0.0,0.9148923145635713,0.9119196109495588,0.09772898023910068,0.0718973369077937,0.11908240660160914,0.5526252571707566,0.8830351478525578,0.848175759871797,0.9953808853980923,0.5508470347600346,0.903921566895194,1.0
2021-04-08 02:36:44.040,0.0,0.07697308995325741,0.731515162834897,0.0009785560693428411,0.8373433058873416,0.9625009327751146,0.05902929335359932,0.14070220041758286,0.046591702583612234,0.9105730247205757,0.8315661643422548,0.6688897381912945,0.9938413381905143,0.5762708775638486,0.9392156769833134,1.0
2021-04-08 02:36:44.060,0.048812737097258245,0.0,0.8175357078948834,0.029221903675193596,0.7627504541868203,0.9860880373171549,0.03319239629829828,0.20888915961953422,0.013853885393699,0.9765044440205689,0.7499447974868969,0.4829344698258275,0.9969205902653953,0.5932206846309288,0.9607843109696269,1.0
2021-04-08 02:36:44.080,0.11547035667955029,0.317936415423743,0.9210825432709244,0.06487082974557878,0.7050971870149845,0.9938167168835981,0.01720758512524834,0.2628894037396187,0.0054924204638875564,0.7365139890687219,0.6370665269272774,0.4052569499778079,1.0,0.5762708775638486,0.966666669343791,1.0
2021-04-08 02:36:44.100,0.07916549052027845,0.6542254409292911,0.9857563754853566,0.08665551767867753,0.6624960131161429,0.9967835757457023,0.006502984209602982,0.30349528241950013,0.003851924724044354,0.3461999424628264,0.5101612808375251,0.36759512217270757,1.0,0.6101687561044066,0.9784313660136866,1.0
2021-04-08 02:36:44.120,0.07383012276790679,0.8991204070591147,1.0,0.08457373361912876,0.638933952468216,0.9995453588694628,0.0003595341653703447,0.3262041907389957,0.0007581255998100808,0.054663160274388695,0.4042412435479732,0.31581010894069456,0.9969205902653953,0.5423729990232957,1.0,1.0
2021-04-08 02:36:44.140,0.22141592304587077,0.9142855616949386,0.9700805559856756,0.06440302087933272,0.6379219130415372,1.0,0.0,0.3271832556529695,0.0,0.14552865319841524,0.33421695173010896,0.22714788289397125,1.0,0.6101687561044066,0.9725490076395225,1.0
2021-04-08 02:36:44.160,0.4955664044497826,0.5632122215923246,0.9855055953719645,0.04185535027130788,0.6597027345171522,0.9925641973424462,0.007127086145674189,0.30617780112119203,0.011841949387204736,0.48741308001277894,0.3024078059269034,0.14319339174510168,1.0,0.6440675024417606,0.9725490076395225,1.0
2021-04-08 02:36:44.180,0.6226639665277309,0.44829679171259595,0.9370014957358344,0.03224761060812238,0.6851329183616474,0.9743582841682388,0.01876138632939389,0.28184469030178727,0.0425447428254969,0.565451921922134,0.2840733709540626,0.12200861039362465,0.9923017909829362,0.7542369093937705,0.937254897551403,1.0
2021-04-08 02:36:44.200,0.6012904279649942,0.4679581994155773,0.8686052171810934,0.03926403254523047,0.7028281683295909,0.9437903176255767,0.03404492027644074,0.2650367790045734,0.0950866168817097,0.643490763831489,0.2657389359812218,0.10082382904214761,0.9830638770985697,0.8050845950014036,0.8764705745347164,1.0
2021-04-08 02:36:44.220,0.44631607480540136,0.5823833518156146,0.7884470454223453,0.05790086350521814,0.7086534426900104,0.9026804197738619,0.06607687410236104,0.2607736147242851,0.2074120742853015,0.7338767476033372,0.17969960973348795,0.04609649996284743,0.9692070062720194,0.8728812198793156,0.7999999759058807,1.0
2021-04-08 02:36:44.240,0.3222797574836845,0.5782777211828174,0.7040113695018106,0.08180241428928695,0.7060152252390546,0.8532168605644127,0.11340843558835631,0.2704465703964391,0.3436339257766143,0.8328937587473378,0.09874088548311544,0.0043154081360102,0.9414934222786434,0.9406778447572275,0.7215685978451344,1.0
2021-04-08 02:36:44.260,0.2618304114657017,0.5071998564319832,0.6391503397349851,0.12443726270975242,0.6866633061658061,0.7626766060041184,0.15731036135871518,0.29036353719255686,0.4449622691483471,0.9204027562896451,0.060525730428127,0.0,0.9153193854928456,0.9491527482907676,0.6470588188050747,1.0
2021-04-08 02:36:44.280,0.19604811254835058,0.5196482384555956,0.5542307244708881,0.17355777199161007,0.6338399973522542,0.6610631801208564,0.19846544655288262,0.32565822608711054,0.5230208690926228,0.9678734166484165,0.024961344680333283,0.009807751602037833,0.8768283404075251,0.9322029412236874,0.5333332904993434,1.0
2021-04-08 02:36:44.300,0.1300939099898367,0.5287682905752971,0.4929834773862938,0.20664119643025322,0.5729051275847561,0.5901073041328513,0.23962053174705014,0.36095291498166415,0.6010794690368985,0.9817789465752037,0.003534362089702958,0.03334639398022562,0.8337181807202969,0.8983050626831345,0.445097995200612,1.0
2021-04-08 02:36:44.320,0.10912031006102486,0.5299094970840236,0.42373875932946287,0.2362273696524729,0.5000051920399456,0.5205550887048417,0.3369327359028483,0.46358361835888034,0.7452426930657651,0.9992807460836651,0.0,0.06865438965858787,0.7705928037164814,0.8644071841425767,0.3450979831535525,1.0
2021-04-08 02:36:44.340,0.10872330822727866,0.5368084710437442,0.35389798917543863,0.2616008928898684,0.416125550448602,0.45467662441500745,0.4075782878824723,0.5492553487239622,0.825456330383156,1.0,0.01513143260703175,0.10003921405175747,0.6997689023761526,0.7966096914678635,0.2686273845247166,1.0
2021-04-08 02:36:44.360,0.13822084781404873,0.5513552814155381,0.28132842179407563,0.28229932338320574,0.32798081333169643,0.39443461787091494,0.47835310042245865,0.6413353877363814,0.8900583041239417,0.9798609099664902,0.04473160549429656,0.13927027183763813,0.603541210832989,0.6016947203676677,0.1647057935354032,1.0
2021-04-08 02:36:44.380,0.16707412156586926,0.6146574055123086,0.22093512479288394,0.2984158948716305,0.239852955206074,0.3413929862380202,0.545311797026626,0.735357940291405,0.9389312630496326,0.9211220298298453,0.07797657713862446,0.1714397561767108,0.4903772387286701,0.39830484573393177,0.10784306953940308,1.0
2021-04-08 02:36:44.400,0.20453196564645368,0.6806724980669071,0.18972016582168771,0.3106071021962186,0.16055759319896437,0.2948937598847455,0.6074691225940572,0.8215113541616944,0.9729777068420491,0.8204267366532203,0.11254696959786856,0.18517063410842843,0.4472670790414415,0.3220341851192809,0.07843137806074627,1.0
2021-04-08 02:36:44.420,0.23530803856437207,0.6936078609460165,0.19558342897289394,0.31980154733117805,0.10170685104644102,0.25335192700006604,0.6653325395405737,0.8863362958070505,0.9927867995335671,0.7041476707649146,0.1442456651732193,0.19183991290447353,0.3826019971703231,0.25423669244456776,0.07843137806074627,1.0
2021-04-08 02:36:44.440,0.2627097484124798,0.7162238944549508,0.17584765509007388,0.32722074963984044,0.06853815529037564,0.21605034152099384,0.7184080115178306,0.9231850703523855,1.0,0.6080076595871609,0.17969961425365277,0.20478616942358488,0.3394918374830945,0.31355928158574087,0.05294110489688069,1.0
2021-04-08 02:36:44.460,0.2886696978127515,0.7073325536298526,0.15671323903488169,0.33301970049576196,0.059784103700477605,0.182748871139931,0.7659400203450092,0.9329465817889818,0.9971942473264376,0.5677295540908301,0.21625802945131486,0.21420161995264383,0.29176287851340743,0.23728775317428882,0.04509796709080607,1.0
2021-04-08 02:36:44.480,0.31760126364089025,0.7137075677395236,0.1277429868583527,0.3375471304894445,0.06337050043136701,0.15321761537092782,0.8077657626549273,0.9289454119822969,0.9886783366641785,0.589546857473435,0.2618732367684492,0.21302468462262633,0.25481138063566494,0.20338900683693473,0.03921558863820918,1.0
2021-04-08 02:36:44.500,0.35073207243210075,0.7135831465478494,0.1307688753283581,0.34103887338753935,0.06232944780768932,0.12805260578079153,0.8432316277862599,0.9301068936091997,0.9796951674652669,0.6267082182393624,0.3068257427184552,0.21734011202528497,0.22863750150959192,0.16101622476284175,0.03725482928473144,1.0
2021-04-08 02:36:44.520,0.36715408963490354,0.764620999343528,0.1370768688089094,0.344079332374374,0.0473974520579282,0.10801446968083006,0.871714113101085,0.9467841613485483,0.9738127457286639,0.6154399395898925,0.3429423750853577,0.22832481180177255,0.2086219688735559,0.0847455641481909,0.023529313026059928,1.0
2021-04-08 02:36:44.540,0.4029371272430785,0.7891195810786111,0.14773363323749064,0.34652555663452866,0.030691256530837586,0.09126445446988134,0.8956018152901923,0.9654935594317526,0.9685229277957601,0.574562444709759,0.3892754853786906,0.2453903323426208,0.18706704668966614,0.11016940695200494,0.025490172771701618,1.0
2021-04-08 02:36:44.560,0.45728623683085334,0.7800000530750525,0.16557922674911252,0.3482657965154397,0.0200007101621677,0.07687007457548273,0.9159480053219822,0.97749320558958,0.9623104256029059,0.5658714821277607,0.4086315718507096,0.2592192887536912,0.17321017586311582,0.025422975007017807,0.0039215187069551955,1.0
2021-04-08 02:36:44.580,0.5149011210052675,0.7744494375537178,0.19034726904813076,0.34946565235488003,0.01191843464701538,0.06531543454121214,0.9322043611695515,0.9865795167306528,0.956624896376889,0.5571805195457624,0.42798765832272867,0.27304824516476156,0.17628942793799673,0.0,0.007843037413910677,1.0
2021-04-08 02:36:44.600,0.5345114277029529,0.7823730718413958,0.21074463711292626,0.3501642227841528,0.004337395167949282,0.0567654336316503,0.9484579396727163,0.9973006951518681,0.9506706522150409,0.5332054534329598,0.4523415357901906,0.30521771987051005,0.16243271477117116,0.059321721344371914,0.02156855367258219,1.0
2021-04-08 02:36:44.620,0.54374996642507,0.7764002475951197,0.2464042993471977,0.3505833479763586,0.0004540604221995887,0.050756065524314276,0.957897194105747,1.0,0.9463091597670586,0.5183409140325551,0.47205657917450666,0.34366417229932483,0.1670515140536297,0.008474035736738876,0.01568627561214925,1.0
2021-04-08 02:36:44.640,0.5555384128294751,0.7872141601586149,0.2789540518090117,0.3507186857459645,0.0,0.04693436831550689,0.9603882528904373,0.9993558690387296,0.9448619791756242,0.4955646021575262,0.47824169023066265,0.3656335686411919,0.17321017586311582,0.03389787854055293,0.011764556120865872,1.0
2021-04-08 02:36:44.660,0.5652972235816479,0.7934046816840317,0.28104346588034823,0.35003134527032365,0.0034570235407868767,0.04453555127703178,0.9616480044328741,0.9928551957768667,0.9429403853231838,0.47998080982198005,0.4802297626908939,0.3852491036352376,0.1778291328052991,0.04237278207409298,0.01568627561214925,1.0
2021-04-08 02:36:44.680,0.5627177208166582,0.7741050600759837,0.307555859752415,0.3488233122801803,0.017032885680964328,0.043677468061051244,0.9615876899938371,0.9808283163409421,0.9406393158982791,0.4895708358746238,0.48210738492327043,0.4013338429147767,0.18398763695506093,0.04237278207409298,0.02156855367258219,1.0
2021-04-08 02:36:44.700,0.5754345112794225,0.7502102979533928,0.337306976595231,0.34727106627902515,0.02719897767761172,0.044083316341866574,0.9605812358390095,0.9694110433608879,0.938932776549015,0.5034763730622414,0.48210738492327043,0.41192623198496114,0.17936883767260195,0.05084768560763304,0.007843037413910677,1.0
2021-04-08 02:36:44.720,0.5811922724093825,0.744847895192694,0.3695054783937708,0.3453323752462128,0.03430215502326742,0.045013455624236094,0.9589992318428895,0.9614451054718878,0.9381941888503254,0.49796210945564173,0.48034021020664974,0.4178108925795081,0.18706704668966614,0.03389787854055293,0.007843037413910677,1.0
2021-04-08 02:36:44.740,0.5809397719900877,0.7466396028128451,0.37187274997148545,0.34334788268870936,0.0426065020596841,0.0458027975325974,0.9575529465155382,0.9521440840103914,0.9370944251626152,0.48022056047329614,0.47912527758897305,0.42055706752363,0.18398763695506093,0.04237278207409298,0.0,1.0
2021-04-08 02:36:44.760,0.5841343767915985,0.7559724925271986,0.3715376308050487,0.3416612564741464,0.05412085209970556,0.04632364398061074,0.9563215945495425,0.9392694905762314,0.9351252936704768,0.46199951097327296,0.47824169023066265,0.4178108925795081,0.19630488174417035,0.08474556414818843,0.015686175219985304,1.0
