2021-04-12 01:49:29.520,0.20392215761584698,0.6857168161674013,0.04948164915633392,0.1748344961169849,0.8712773551914048,0.9601046968871426,0.06092643957119931,0.12612699508504985,0.9914141361135379,0.49411254335736743,0.54478783367579,0.4846654207188592,0.9532597522776445,0.7992956756199342,0.012861900435265888,7.0
2021-04-12 01:49:29.540,0.8806497682282749,0.8757770244079737,0.7282962141910054,0.16696677269351257,0.8635109107153226,0.961852267760474,0.05938717199893718,0.13362470915852928,0.9942064538561216,0.4644570713425693,0.5201676146197205,0.483503710819614,0.9532597522776445,0.8133799998413522,0.022508078816387653,7.0
2021-04-12 01:49:29.560,0.10734888000774889,0.6792373456142605,0.13422898993440582,0.20497523922616842,0.8838988699196413,0.972160972558858,0.0439018435121462,0.11396259741211477,0.9951549943271317,0.43916269726107443,0.507159058867065,0.4873373537001185,0.9557196194750442,0.8485915315215281,0.02893902903402083,7.0
2021-04-12 01:49:29.580,0.986694651595725,0.9425046601916123,0.5978713529163787,0.19362370102050763,0.8795986307998278,0.9688805193335559,0.04862100854792423,0.11810422575793668,0.994369013497052,0.41386832317957956,0.4941505031144096,0.49117099658062296,0.9507996331737208,0.8345068467367937,0.048231550426482715,7.0
2021-04-12 01:49:29.600,0.08225781829378409,0.6285712230133343,0.30651240061639956,0.2253807702655048,0.8955342751539829,0.9743374565443172,0.03991717343357642,0.10277144648766773,0.9935385025820328,0.4125599917470631,0.4718002345027395,0.5009293603732686,0.9507996331737208,0.8626762163062605,0.05787772880760448,7.0
2021-04-12 01:49:29.620,0.8565424412379202,0.9179502182155811,0.39297472670326683,0.2166250954364072,0.899463820920946,0.9653587665280609,0.05033804203390398,0.09456534502084409,0.9866957680428204,0.3968600431137416,0.5210406717573496,0.4749070565458644,0.9532597522776445,0.8626762163062605,0.10289388644038025,7.0
2021-04-12 01:49:29.640,0.19830272133432636,0.6345977796131318,0.551476126279016,0.23768155856945208,0.9087017908108626,0.9660780445199303,0.06398690563930196,0.07484250424291282,0.9747449858048354,0.4552987638085875,0.5156277157318226,0.4865241570597123,0.9557196194750442,0.8626762163062605,0.05787772880760448,7.0
2021-04-12 01:49:29.660,0.7010617923901435,0.8326626702252546,0.1351796335357505,0.22549391585466014,0.9246746832068062,0.9535675065684686,0.06021321477679319,0.07626879331393577,0.9768430315168048,0.4819014659314699,0.5138816008848786,0.4767657926965429,0.9630997248802906,0.8556336936322351,0.05787772880760448,7.0
2021-04-12 01:49:29.680,0.43870570406351456,0.7445787654234731,0.3926933193758488,0.23402723200458206,0.9231829043892527,0.9566052869790216,0.06291134061546365,0.04463296514232717,0.9655454675508277,0.5032708508913493,0.5529945734564274,0.47537174053599035,0.9557196194750442,0.8838027026383855,0.06430884365545601,7.0
2021-04-12 01:49:29.700,0.44639322742141696,0.7650294030187877,0.42349892163682684,0.24370835496351595,0.9563674406141647,0.951717165790107,0.05810392634043499,0.053578953153912506,0.9705695867995476,0.49978197183078477,0.5117862630685456,0.48931226062011896,0.9655598439842142,0.8802818018646892,0.045016157632775305,7.0
2021-04-12 01:49:29.720,0.4540807507793193,0.7854800406141023,0.4543045238978049,0.25532009352862767,0.9549540824151644,0.9615406270237232,0.04272868597662724,0.03838536973716439,0.9722377268216023,0.48626256547109736,0.5702811118703895,0.4767657926965429,0.9778599356907841,0.8661971170799568,0.051446943220190125,7.0
2021-04-12 01:49:29.740,0.9873119237926011,1.0,0.45375923264453266,0.2532838523755003,0.9551341554977146,0.9664989223541821,0.04399368381784379,0.04580522073972424,0.9741300071224959,0.500654191595926,0.546883171492123,0.4888475762496438,0.9729396974829367,0.8873239639753983,0.07073962924287036,7.0
2021-04-12 01:49:29.760,0.20139522459634307,0.6858418963989514,0.5446530894843534,0.2681742258556367,0.954168789974411,0.9787636884345314,0.028200141085038676,0.046723005664434304,0.9810344878389659,0.5032708508913493,0.5346603675635139,0.49117099658062296,0.9766298761388222,0.8873239639753993,0.06109328623153024,7.0
2021-04-12 01:49:29.780,0.3327931778772714,0.7516424146131052,0.4581795041545733,0.27779774115179934,0.9529256234395376,0.9871304725554342,0.01743984358419494,0.04790508783120956,0.9857934130502416,0.4928042135311754,0.5400733250182558,0.48838289263986706,0.978474839513503,0.8855633333068919,0.06270106494349337,7.0
2021-04-12 01:49:29.800,0.6041305001125238,0.8040086215901326,0.4185337462702562,0.2750016652754014,0.9509128976443085,0.9897974054069181,0.014166464648867491,0.04981966579671009,0.9877202083054467,0.4670737306379927,0.5369303168645413,0.4888475762496438,0.9803198028881839,0.8838027026383855,0.06430884365545601,7.0
2021-04-12 01:49:29.820,0.5284396578950757,0.7796787675510543,0.4009504475692582,0.2782875787633871,0.952983230006518,0.993440819371203,0.009197858612954262,0.047850250577519245,0.9890614908824732,0.45006544164813145,0.5304696926454554,0.489776944610245,0.9753998165868604,0.9014082881968163,0.051446943220190125,7.0
2021-04-12 01:49:29.840,0.509874116334329,0.7609243905720527,0.4229931448512826,0.21680481754601091,0.9138697726464328,0.9570692918012275,0.060589431796930514,0.08518145010184663,0.9794325635565984,0.45137377486545244,0.5247075130788538,0.49024162860037096,0.9815498624401456,0.8890844143622464,0.067524154134054,7.0
2021-04-12 01:49:29.860,0.5485434483222008,0.7664054953615074,0.428538281145858,0.32453790806707006,0.9592579657460281,0.9975239653090517,0.003227767516698057,0.04188662637218052,0.9894839473016737,0.46009597251686374,0.522262952207379,0.48327136874848126,0.9876999082934302,0.9014082881968163,0.07073962924287036,7.0
2021-04-12 01:49:29.880,0.5572135224574445,0.7682075789829907,0.4264349502059831,0.32820009963021063,0.9613003007560372,0.9984641299350084,0.001792738366419352,0.039947086422179576,0.9894150829323997,0.46925428147868925,0.522262952207379,0.47258363621488525,0.9926201465012767,0.8943661260861072,0.07073962924287036,7.0
2021-04-12 01:49:29.900,0.5794221200989932,0.7526614737012685,0.4265764573678753,0.33230935425294084,0.9622435206891148,0.9987564618804656,0.0013153215189847106,0.0390514945545817,0.9893094688275995,0.47623203817197446,0.5219137292665745,0.46468400838274354,0.9889300308220226,0.8943661260861072,0.08440517208879005,7.0
2021-04-12 01:49:29.920,0.5715942590498827,0.7344784495757668,0.4287859910243442,0.33803659080059445,0.9625789282676651,0.9991064882345069,0.000824092877522674,0.03873317199994012,0.989397701300732,0.48233757652796233,0.5208660602726551,0.45446096136067027,0.9852399151427685,0.8943661260861072,0.09807071493470972,7.0
2021-04-12 01:49:29.940,0.5627726397922079,0.7388316688889566,0.4245727900742794,0.3456718483322012,0.9619581509315183,0.9993326636773577,0.0005910635385260512,0.03932241223957514,0.9896797803517966,0.48059313592679725,0.5236598441706872,0.44330854559764665,0.9876999712700608,0.8855633333068929,0.08601286848564375,7.0
2021-04-12 01:49:29.960,0.558621795387931,0.7458511960449918,0.4255366518391731,0.35584294688514856,0.9609378419185397,0.9998632703755393,0.0,0.04029122454044144,0.9902237426533221,0.4914958840619441,0.5245329017370808,0.4344795478835071,0.9901600273973531,0.8767605405276785,0.07395502203657778,7.0
2021-04-12 01:49:29.980,0.5749861404846252,0.753633055025445,0.41839669183718664,0.3659400178666544,0.9583802364903753,1.0,7.793101665346541e-05,0.042720427439112925,0.9909799264005431,0.5102486090124783,0.5233106210583769,0.426579925756603,1.0,0.8873239639753983,0.07073962924287036,7.0
2021-04-12 01:49:30.000,0.5990630320442001,0.7703736398148089,0.4279906515098391,0.3747798619754896,0.9528468173755844,0.9995296671645013,0.0012464900372198668,0.04798009869872919,0.9922185745810554,0.505451400661163,0.517024607323535,0.4158921901802136,0.9926201465012767,0.8767605405276785,0.05787772880760448,7.0
2021-04-12 01:49:30.020,0.6149686415807324,0.7626315186655626,0.447138412281989,0.3856376300704271,0.9470770151094247,0.9977842303718993,0.004106522600230419,0.05347042369169225,0.9928571426206578,0.4875708951188091,0.5131831549461008,0.3973048305751743,0.9803198028881839,0.873239459472323,0.06913193284601712,7.0
2021-04-12 01:49:30.040,0.6364270427962482,0.7575683262326111,0.47031643872802437,0.40096182029727695,0.9419785536077288,0.9948179138299399,0.00849899808433667,0.058326685131734314,0.9926740561004244,0.5163541473684662,0.5086432563440461,0.35269516752307994,0.9655598439842142,0.8626762163062605,0.08360120041769954,7.0
2021-04-12 01:49:30.060,0.7235235444495579,0.7573722117191868,0.5063107396085258,0.4194364252699773,0.9312519585444363,0.989322321922144,0.016762773191801757,0.06855864213466399,0.9926032052589598,0.7538159837825508,0.41356730793018953,0.39869888064380643,0.9335793032593045,0.8450702701845154,0.0868167578416253,7.0
2021-04-12 01:49:30.080,0.9047665845924846,0.7712754357049759,0.6025055841140078,0.41620011646406657,0.9004101944982015,0.9769776855508502,0.035979268464666536,0.09808831587590548,0.9937825075827782,0.7082425135475598,0.2715208658458904,0.45027880354779054,0.9114392389500886,0.8345068467367937,0.06430884365545601,7.0
2021-04-12 01:49:30.100,0.908276442267099,0.8194590734356786,0.8099909526524636,0.3899435096499217,0.8589288759679805,0.9549613025285646,0.06885603425987878,0.13805272370851407,0.9913393123276919,0.5856956186971853,0.19469179828819774,0.3838289910580291,0.8573186339159635,0.8204225225153776,0.1093246720277946,7.0
2021-04-12 01:49:30.120,0.7982760834334591,0.9983990432117135,0.8994361930494116,0.3728276176240677,0.8264171872486392,0.9212054898725716,0.11601348011598077,0.1695640334236601,0.9784181384245997,0.6262538377762475,0.1446656072086403,0.31215147702323987,0.7933580562791918,0.7781688287244928,0.11897101503913472,7.0
2021-04-12 01:49:30.140,0.9904920568822266,0.8152541957498621,0.8792765333163064,0.38042118721527984,0.8104379087232355,0.8823245014123996,0.1869951440602887,0.19317971199268955,0.9451242851224586,0.6668120568553098,0.09463941612908289,0.24047396298845067,0.7244772404345741,0.7323942341599136,0.17684890847695803,7.0
2021-04-12 01:49:30.160,1.0,0.3122136513229843,0.9737825053871485,0.38801475680649206,0.7944586301978319,0.8434435129522277,0.25797680800459655,0.21679539056171898,0.9118304318203178,0.8334060284276549,0.055526453562039,0.17623140991138972,0.6635916857244448,0.693661891846871,0.22186498379462438,7.0
2021-04-12 01:49:30.180,0.6617382410701365,0.17385706663026573,1.0,0.42888001148289745,0.7451621433889825,0.7511908866364997,0.3390643774815089,0.26157548706751294,0.8674816952381511,1.0,0.016413490994995058,0.1119888568343288,0.6027061310143156,0.6549295495338284,0.26688105911229076,7.0
2021-04-12 01:49:30.200,0.48910921209096847,0.07877312970316162,0.9189756912744811,0.44273123931433933,0.6870088396295898,0.6862097429098926,0.4201519469584213,0.30635558357330706,0.8231329586559845,0.9716528754809601,0.0,0.0487918379806868,0.4526446595250328,0.5088027927792154,0.387459819937345,7.0
2021-04-12 01:49:30.220,0.25537712120331246,0.0,0.6781450454477056,0.4535597551350073,0.6224069292150198,0.6209756642238123,0.5006661265767726,0.37053809211326205,0.7696890763794914,0.8552115404042295,0.005063737343783044,0.02695169424825723,0.38929898571098065,0.4639083332672302,0.4429260617702456,7.0
2021-04-12 01:49:30.240,0.17215732876226816,0.06607572103939692,0.5744845943050625,0.7223796697521723,0.6078704516610648,0.5305687672163484,0.6223857787789,0.4286931453849267,0.6597772389950184,0.7902311750404347,0.02601711550711289,0.013011136509560872,0.3259533118969278,0.419013873755246,0.4983923036031463,7.0
2021-04-12 01:49:30.260,0.0889375363212238,0.13215144207879384,0.47082414316241944,0.8022022271122425,0.5207434625043796,0.49078916839346276,0.7086358989618193,0.5116263097234737,0.5731235146361119,0.7732228860505734,0.05639951098551112,0.0,0.26691272056147936,0.36619711707995783,0.5755627184334314,7.0
2021-04-12 01:49:30.280,0.045816121269355324,0.24952012655299488,0.3575551358913094,0.8829960082719087,0.4634381298637734,0.40018550914276374,0.7357523910612215,0.5300940456818889,0.5390990120313666,0.773658995933144,0.0958616808005788,0.0009293831942188236,0.22017222093260072,0.3063378377306442,0.6237942359338706,7.0
2021-04-12 01:49:30.300,0.028029620804531745,0.3172680725810681,0.31888622293030255,0.9204860230874266,0.4371381311567676,0.3593764854477684,0.7628688831606234,0.5485617816403042,0.5050745094266216,0.7778020344631504,0.11864849884760247,0.009526035109803675,0.18327194581289136,0.2667252702241771,0.694533782861632,7.0
2021-04-12 01:49:30.320,0.010243120339708247,0.3850160186091413,0.2802173099692958,0.9579760379029445,0.41083813244976164,0.31856746175277323,0.8088541139330342,0.5832515493501973,0.44013284334127395,0.7819450729931566,0.14143531689462618,0.018122687025388443,0.14637167069318271,0.22711270271771095,0.7652733297893934,7.0
2021-04-12 01:49:30.340,0.0,0.569338984363509,0.22509950962106812,0.9789880189514724,0.38707665787162027,0.2830380424385522,0.8456476364031249,0.6177373727195559,0.3774833178548523,0.7492368318003645,0.21293871487473665,0.07249072908409536,0.08118078159792592,0.13908459464390613,0.8810289355717994,7.0
2021-04-12 01:49:30.360,0.015851772027959052,0.6768633900864024,0.20203932529676458,1.0,0.36331518329347884,0.24750862312433095,0.8824411588732154,0.6522231960889143,0.3148337923684306,0.7139119455905866,0.2900296860819284,0.14265799637915202,0.06334567381405215,0.1100351801626739,0.9099678411331564,7.0
2021-04-12 01:49:30.380,0.031703544055918104,0.784387795809296,0.17897914097246106,0.9594550025338747,0.30175820568578915,0.17271078227215814,0.9469785538749418,0.7445541964447805,0.18047055155956443,0.6881814518100954,0.3450322823224441,0.19330854749939252,0.045510566030178376,0.08098576568144067,0.9389067466945133,7.0
2021-04-12 01:49:30.400,0.05330346868928136,0.8374760700011931,0.16768400785173848,0.8439360121678421,0.227586490180796,0.1036189165732358,0.9618534091903062,0.7808258508101923,0.13871946672227017,0.6406454639010761,0.39881262389596894,0.24395909101264965,0.028290236115762396,0.059859279349315654,0.9903536899147034,7.0
2021-04-12 01:49:30.420,0.07580481262407904,0.8919604860842144,0.16417923885781627,0.7197181267409286,0.15764177216161251,0.04940148221370824,0.9767282645056703,0.8170975051756042,0.09696838188497599,0.5804622965367293,0.4511960778795835,0.29368029697358833,0.013530277211792802,0.03873243245387218,1.0,7.0
2021-04-12 01:49:30.440,0.12531643968413775,0.955024733228052,0.1635266060348758,0.6472343716706349,0.11699515316426322,0.02461970171081452,0.993972614332284,0.8815547881208434,0.03615599554222388,0.5215874677441176,0.504801803680769,0.33782527603555673,0.0,2.0495651556230183e-15,0.9919614357006226,7.0
2021-04-12 01:49:30.460,0.16204768723707433,0.9521200808388534,0.1627231358562103,0.5847844916308313,0.08363641664306981,0.00793313891672327,0.996986307166142,0.905532401759289,0.020685701892965577,0.47274315911140996,0.5580583079417806,0.37685874261661445,3.148831529940547e-08,0.0,0.982315125615326,7.0
2021-04-12 01:49:30.480,0.17283354902074782,0.9501507177778111,0.16789324876695816,0.5332849658936766,0.055747262470411396,0.0,1.0,0.9295100153977346,0.005215408243707274,0.44803026517081,0.6068331188581838,0.4215458494504709,6.297663059881094e-08,0.0,0.9726688155300295,7.0
2021-04-12 01:49:30.500,0.18361941080442132,0.9481813547167687,0.17306336167770608,0.4900983983724421,0.03192695052804793,0.000891526142554059,0.9986957604145759,0.9677388522566965,0.0,0.4233173712302099,0.6556079297745872,0.46623295628432737,0.007380147389666751,0.004108018038743382,0.9480171524931847,7.0
2021-04-12 01:49:30.520,0.16660998857723294,0.9173978550364638,0.20310565466688923,0.45531516755602663,0.012995764690909786,0.01065845279406948,0.9932981113086632,0.986874992713349,0.013854203337081239,0.34496295994862614,0.7396542663161222,0.5892193223006971,0.014760231802703262,0.00821603607748574,0.9233654894563399,7.0
2021-04-12 01:49:30.540,0.1779990487303294,0.89669748991967,0.22657052506354242,0.4296803785437467,0.0011564973847704514,0.028284846184090207,0.9849314139619395,0.9988324494972627,0.03920885566653937,0.30898389463655485,0.7584249973477343,0.6187267594771888,0.022140316215739416,0.012324054116229121,0.8987138264194953,7.0
2021-04-12 01:49:30.560,0.15745099359307918,0.8332121386627409,0.2333894031775121,0.41642827040512576,0.0,0.052958716430979824,0.9738208818628997,1.0,0.07485691026962739,0.2730048293244835,0.7771957283793464,0.6482341966536804,0.0627307070147022,0.058098648680808274,0.8279742959547556,7.0
2021-04-12 01:49:30.580,0.16963283930104125,0.7586763797739432,0.24505320964268767,0.4191814337471,0.011557773026832275,0.08422912299803983,0.9596637929848013,0.9883276594610708,0.1200349162216941,0.2165286048860098,0.82835688767795,0.7351300875932725,0.1070110245630266,0.13732378369374154,0.7234726966544999,7.0
2021-04-12 01:49:30.600,0.13410366218705017,0.7174409083548422,0.24777010234368496,0.3415502787779683,0.0872771954768473,0.18447042072251044,0.9403935779577548,0.965667763272947,0.17676321506418669,0.16746623417279832,0.8840579627291885,0.8285315734120868,0.14391155158925908,0.16901405403690473,0.6655948690687642,7.0
2021-04-12 01:49:30.620,0.07510900829197689,0.6416795149361011,0.2559111608721449,0.0,0.11815666834732541,0.23255617721636485,0.8726970194327229,0.8689971215646562,0.3377022837047136,0.10510247099067718,0.9184564094926232,0.8726765943124638,0.2201722209326,0.2588027927792159,0.5418006495979154,7.0
2021-04-12 01:49:30.640,0.15983838118617158,0.6117482958285904,0.26172874442755456,0.052277677627450184,0.17889026625271703,0.2938982864834881,0.8333317002918044,0.8187095840696321,0.4114005095764679,0.05843875282132992,0.9504103412052163,0.8991635779461533,0.31119310108643505,0.3732396397539812,0.43086823178420125,7.0
2021-04-12 01:49:30.660,0.22707836626702427,0.5533704368624494,0.3055537430366603,0.1098303544019965,0.24829449556287522,0.3610843438623124,0.779048424913571,0.7481845246521978,0.4976741555895734,0.09289140855713891,0.9823642300413592,0.9223977774524524,0.37761379782712984,0.41197207220785337,0.35691320974762347,7.0
2021-04-12 01:49:30.680,0.25723855179371913,0.502670537659015,0.34327426513171677,0.15508038010984712,0.3196073937257829,0.43390684247706207,0.7127155129374506,0.6757442210611695,0.5857864471544265,0.1604884938997161,1.0,0.9577137302740937,0.43603942236322796,0.47359162166235697,0.3118971344299571,7.0
2021-04-12 01:49:30.700,0.33701059923001303,0.5077243318000257,0.3976502319899722,0.17397948801551916,0.3872727611027285,0.509353592328711,0.6367234934245379,0.6071142280396993,0.6706970421660837,0.1482773957700843,0.9921424760426764,0.9925650485510007,0.4944650468993268,0.5352111711168595,0.26688105911229076,7.0
2021-04-12 01:49:30.720,0.4147812967717195,0.5652592684729356,0.46351630501547164,0.17822113677580403,0.45485645960761734,0.5837845754249174,0.5550499518155254,0.5387483074150626,0.7473475547305367,0.1059747050342557,0.975554377850632,1.0,0.6113162959715237,0.60915477468759,0.1736335156832506,7.0
2021-04-12 01:49:30.740,0.4923885652190466,0.4882751460384457,0.5175742298832807,0.1751737259108125,0.5260793583721702,0.6552626031802518,0.4705631427531621,0.4669825186996285,0.8131779188121531,0.03728742530146242,0.9073686023673603,0.9795538930239817,0.6974169379175108,0.6901409009323451,0.19614149572150752,7.0
2021-04-12 01:49:30.760,0.6443799125480314,0.5011852781997139,0.6034765030340167,0.16790205207118697,0.5986949940068497,0.7196308760358713,0.38954088410463505,0.3942025947139719,0.864730232606954,0.05887485199507248,0.804784351536354,0.98745353607009,0.7613775155542827,0.7676057658400874,0.16720273009583625,7.0
2021-04-12 01:49:30.780,0.6426843109912079,0.5072161438247994,0.6871191003210073,0.15446401261380147,0.6694536237876999,0.7764362080310061,0.3144576968878957,0.32375246288804543,0.9032962162108115,0.021805529824621483,0.7403527093964698,0.9460966495384026,0.8179582396923313,0.8450702701845154,0.15112543686686297,7.0
2021-04-12 01:49:30.800,0.6258283041654817,0.4889105733746789,0.7777976299160646,0.12875774870495743,0.7366861289729041,0.8241517479113984,0.22178505185930547,0.2242576047653865,0.9367035467368401,0.0,0.6851754773746047,0.8499070293508987,0.8696187256225334,0.8802818018646892,0.16720273009583625,7.0
2021-04-12 01:49:30.820,0.6747821379610927,0.4652242461004379,0.780488263652328,0.10513074197048355,0.8041945429831716,0.8614887336032778,0.15465865231631018,0.12909857464778426,0.9478460003326015,0.08547757981914209,0.6357604114847202,0.7620817438066128,0.9040591335448422,0.9330985585399795,0.15434082966057036,7.0
2021-04-12 01:49:30.840,0.832505278642244,0.4208750499240977,0.7892961719974327,0.09088095190212062,0.8681980669352567,0.8876522107563942,0.12446127706739929,0.07985596997400132,0.9480999376942995,0.2263410754590428,0.5887899321064276,0.7230482962430136,0.9138993580540122,0.9401407206506864,0.1832798586945912,7.0
2021-04-12 01:49:30.860,0.7870426499017737,0.38286513785783816,0.8139150016074631,0.08222465891520496,0.9194326608140403,0.9068295241198535,0.11402073884745971,0.0633420037540826,0.9478295291673546,0.31094638553851306,0.5521215174621704,0.6696096563959839,0.9360394223632281,0.9683097296568368,0.19935698729334567,7.0
2021-04-12 01:49:30.880,0.7520309641295525,0.4570087354330418,0.7795455360133348,0.0648871326179105,0.9540584124281895,0.9200729239509571,0.10358020062752014,0.04682803753416395,0.9475591206404094,0.3375490990841453,0.5309935263849311,0.5799256424981775,0.9532597522776445,0.9894365765522803,0.18971064428200554,7.0
2021-04-12 01:49:30.900,0.742968732272797,0.5104228742760694,0.7154638604580131,0.04762083974793515,0.9776979189417436,0.9274919349841728,0.0913400262687323,0.024401745132100805,0.9458093697191913,0.36785873413799464,0.5261044048277796,0.5408921858061982,0.9581794866724441,1.0,0.18649508685807978,7.0
2021-04-12 01:49:30.920,0.7736698388147953,0.5273652691869257,0.6384728419014292,0.04510812803071927,0.9993280460269462,0.9291141610898034,0.08644294907671168,0.007946967337482774,0.9424037286877605,0.39816836919184395,0.5212152832706282,0.5018587291142189,0.9551045267224327,0.9894365765522792,0.19131830775281522,7.0
2021-04-12 01:49:30.940,0.7481099366037721,0.5382824925418275,0.608798246763697,0.0472981764691049,0.9996640230134731,0.9281707443103877,0.0868373001699485,0.0,0.9394147501983078,0.5470998940896907,0.5085559498870914,0.45213754064934203,0.9520295667724215,0.9788731531045586,0.1961415286475511,7.0
2021-04-12 01:49:30.960,0.7225500343927489,0.5491997158967292,0.5791236516259649,0.049488224907490524,1.0,0.927227327530972,0.09095711459078402,0.00908607908223182,0.9406752495729165,0.6035761238825784,0.49188055238416717,0.4321561298346231,0.9409594086645516,0.9753522523308623,0.19935698729334567,7.0
2021-04-12 01:49:30.980,0.6664302000159716,0.6132709514716418,0.5224395128994714,0.04806638500084126,0.9878166666100179,0.9252236484129093,0.12984423692413496,0.024500624986467733,0.9263499295249328,0.5547318134650662,0.48524531739499444,0.4214683980617254,0.9483395140697979,0.9753522523308623,0.20900326445259865,7.0
2021-04-12 01:49:31.000,0.5784772419578201,0.6323039931160244,0.47618584476573794,0.466685540362809,0.9613338695462851,0.8673131038439414,0.16873135925748572,0.03991517089070365,0.912024609476949,0.49890975210133975,0.48559453750595327,0.42472118599260733,0.926199449760582,0.9718309909938495,0.18649508685807978,7.0
2021-04-12 01:49:31.020,0.5892885968642391,0.6660956833685128,0.4268551916577706,0.5874125049126057,0.9664450857866554,0.9168157971558865,0.10621250108077296,0.035064405667432255,0.9423568810519323,0.4775403663918424,0.48995982605252864,0.43866170569638685,0.916359225251412,0.9859153152152675,0.23151124449085556,7.0
2021-04-12 01:49:31.040,0.5604549893049148,0.6887330107540575,0.3956561352628865,0.6004354932331866,0.9645821230493791,0.911659820999618,0.11294878926382267,0.03683185573929952,0.9396852414949274,0.49236810382708524,0.4981665672623812,0.45585501180965154,0.916359225251412,0.9753522523308623,0.22829585169714814,7.0
2021-04-12 01:49:31.060,0.5411535806287304,0.7405894310305299,0.3749144817490394,0.6167802359768549,0.9647259993048667,0.9060610045348102,0.11998236412643559,0.03669529348964792,0.9361804837781535,0.5009812740078539,0.504016051999644,0.46410315339508607,0.9194342481780546,0.9674295946042429,0.21302254660228737,7.0
2021-04-12 01:49:31.080,0.5309559621037137,0.7819478587164482,0.3633744561976571,0.6211985367377693,0.9633084712874539,0.9050637857244881,0.12141247790295755,0.03804082044359468,0.9359266498785486,0.5095944441886224,0.5098655367369069,0.47235129498052064,0.9225092711046973,0.9595069368776236,0.1977492415074266,7.0
