2021-04-08 01:57:25.940,0.7239496666497236,0.6665848484490571,0.3957456428835648,0.7788035218541527,0.5413833322850584,0.5603136247831902,0.7562450641188034,0.5099700129667658,0.8582729353361711,0.437515856624857,0.46566525099462425,0.37662618871503284,0.23569467416046788,0.47773255686206434,0.35838148008063364,2.0
2021-04-08 01:57:25.960,0.7195202398924132,0.5562391027327512,0.7842787211048443,0.5088406277735451,0.2820899895673974,0.38110816004834447,0.6640892996719642,0.7080029439860105,1.0,0.45071494263172485,0.4318669665094231,0.377927144478865,0.23841957452798496,0.45748969055710154,0.35067433068573095,2.0
2021-04-08 01:57:25.980,0.7525808780983331,0.9357972021630043,0.35457169783183073,0.5973106232650448,0.44019916848606855,0.41763340374181473,0.7159740357440937,0.5429290000974484,0.8912627422140349,0.4745748288749091,0.43390559300418624,0.36925411611019415,0.2397820247117437,0.4534409514661227,0.32755296142203033,2.0
2021-04-08 01:57:26.000,0.8232634948363744,0.5940751933974622,0.612496559906673,0.6857806187565446,0.5983083474047398,0.45415864743528495,0.7678587718162231,0.3778550562088862,0.78252548442807,0.4671291906146246,0.4554721163252305,0.37207284975322075,0.24455032133581475,0.45748969055710154,0.3371868685702809,2.0
2021-04-08 01:57:26.020,0.6872116502515317,0.5753159757100749,0.6323872120905963,0.6843838413868609,0.30995504925601336,0.48621529004654496,0.587862294693703,0.6484368251690799,0.9898194269730554,0.4417463324935863,0.42339057168347805,0.38074587634714857,0.23433236348625122,0.4615384296480804,0.32755296142203033,2.0
2021-04-08 01:57:26.040,0.5662215003860416,1.0,0.41784349151334144,0.4364599660060397,0.6275957338841148,0.33288523570765804,0.8480877372230803,0.021396330097638125,0.5182090198020616,0.42990099931320247,0.43648070026640046,0.3714223727586761,0.2363759690071179,0.45951406010259094,0.33911364605388067,2.0
2021-04-08 01:57:26.060,0.845088731472974,0.5918337284547835,0.6940679905737337,0.18853609062521837,0.9452364185122162,0.1795551813687712,0.9202460620421172,0.7764286486853529,0.9583616770110271,0.4441153992127677,0.45461374899428814,0.3651344302528214,0.23841957452798496,0.45748969055710154,0.35067433068573095,2.0
2021-04-08 01:57:26.080,0.6940895924093125,0.5891504183143875,0.5775990581209962,0.5928436613731984,0.26825460136382917,0.4298331237384967,0.5923042227756327,0.6365869518316779,0.9881522886329737,0.45799136184063916,0.41180258812528275,0.37294015418735643,0.23297005281203456,0.42510102155416674,0.30828514712552896,2.0
2021-04-08 01:57:26.100,0.5464654853435574,0.9589615900231437,0.38543105254366966,0.37967338282582375,0.5725019529224769,0.32510891503757827,0.895040150799704,0.05686132860001965,0.5693614850962019,0.45596073322419794,0.42564379053791546,0.36123156651081084,0.23841957452798496,0.4210526970381524,0.32755296142203033,2.0
2021-04-08 01:57:26.120,0.8512393534990396,0.5867484579465321,0.6751927174406599,0.166503104278449,0.8767493044811246,0.22038470633665988,0.8414269237128047,0.3722812742478666,0.7678372416235778,0.44733056160432283,0.4527897138053219,0.3601474399613128,0.2350135885781306,0.42105248975067017,0.3256261444779268,2.0
2021-04-08 01:57:26.140,0.7017012566439513,0.5729305383098352,0.6217266750911076,0.5874585288804915,0.2818027056995167,0.41867921580741485,0.7878136966259053,0.6877012198957136,0.9663129981509537,0.43497757085430544,0.4253219019544925,0.3688204647804978,0.23126699008233653,0.4129553224999353,0.32080920076892777,2.0
2021-04-08 01:57:26.160,0.7065240464259147,0.6775204593893821,0.5540639964122779,0.13346406967966934,1.0,0.23064083843528693,0.783474946879712,0.0,0.5368604335673959,0.43480835180293537,0.40482834104658155,0.35971378685687355,0.22752039158654208,0.40485815524920155,0.31599225705992845,2.0
2021-04-08 01:57:26.180,0.7113468362078781,0.782110380468929,0.48640131773344814,0.4345737178044638,0.25690183749696965,0.3439283037847796,0.891737473439856,0.360863800390638,0.7269617394969364,0.43328538034060443,0.45160945631014027,0.3553772700104238,0.22343318054480832,0.4089068943401804,0.31984581202712764,2.0
2021-04-08 01:57:26.200,0.7229694558395257,0.5575082964222923,0.7540065171891955,0.5446330079000664,0.26698199276366136,0.4010602193627125,1.0,0.721727600781276,0.9170630454264771,0.3992723510152142,0.4168455065137856,0.3744579320665509,0.22343318054480832,0.4210526970381524,0.32755296142203033,2.0
2021-04-08 01:57:26.220,0.8144493489027955,0.8975449319846134,0.32752340863505763,0.654692297995669,0.27706214803035306,0.45819213494064537,0.6719626625004967,0.6937114014719004,0.9979661788525007,0.36576697330362495,0.39259657891637034,0.377927144478865,0.21662120864509918,0.3967610916422108,0.3352601108169331,2.0
2021-04-08 01:57:26.240,0.7268795665863552,0.7716902762180172,0.361491446621051,0.5979807635927876,0.5453538375024327,0.44550626490723794,0.7913335253837787,0.39865024205256056,0.752966663507753,0.37938910832399536,0.39130902528526323,0.3803664323210358,0.2084467865616313,0.42712539109965614,0.34489397850467984,2.0
2021-04-08 01:57:26.260,0.639309784269915,0.645835620451421,0.39545948460704433,0.5718431228794743,0.45827850871351206,0.42664678071602324,0.8316629952001808,0.5415764089965462,0.8553274132910644,0.3930112433443658,0.3900214716541561,0.38280572016320646,0.20265661742235588,0.4261132063269114,0.36223504491295905,2.0
2021-04-08 01:57:26.280,0.7831314236333449,0.5845442396155169,0.6765387617453805,0.545705482166161,0.3712031799245913,0.40778729652480866,0.8719924650165829,0.684502575940532,0.9576881630743759,0.40489888343446206,0.3964324162148259,0.37548785397457984,0.19686644828308045,0.42510102155416674,0.3795761113212383,2.0
2021-04-08 01:57:26.300,0.7550023748454169,0.5832334656759378,0.5685288793109062,0.5195678414528477,0.2841278511356706,0.388927812333594,0.83664117019013,0.5952004406250234,0.9579721678066883,0.4167865235245583,0.4028433607754957,0.36816998778595317,0.192438624695407,0.43016173813040803,0.39980731435953926,2.0
2021-04-08 01:57:26.320,0.7438663199291952,0.5885283711199663,0.5477440605680715,0.6141715004686916,0.35639200701208373,0.4031789538352559,0.8386740469102364,0.5873513681835988,0.9556031853750083,0.40722564781468623,0.40021460632354977,0.3677363382309997,0.18801080110773358,0.4352224547066481,0.42003851739784026,2.0
2021-04-08 01:57:26.340,0.7719081397662884,0.5621807454254012,0.6022557950032315,0.6102582172841304,0.37824584558403773,0.39237855247365977,0.8407069236303428,0.5795022957421742,0.9532342029433285,0.42820880741442413,0.39334765362431184,0.36578490547262305,0.17438692706308634,0.4210526970381524,0.40077070310133883,2.0
2021-04-08 01:57:26.360,0.7999499596033818,0.5358331197308362,0.6567675294383916,0.6457729796687937,0.39841666558984845,0.3957169546265123,0.8522630770266482,0.5306547440793444,0.9383932315297668,0.4468229043117048,0.38165236953903514,0.34822202484517617,0.16655311752555854,0.40182180821845087,0.41522157368884066,2.0
2021-04-08 01:57:26.380,0.8263855557853504,0.4642306185405678,0.7503375525203628,0.681287742053457,0.4185874855956593,0.3990553567793648,0.8362553243079538,0.5069941722803074,0.9359887113189935,0.45452237128755213,0.35590129955158617,0.2937987758693071,0.15871930798803033,0.38259091939874934,0.4296724442763427,2.0
2021-04-08 01:57:26.400,0.8109423742945755,0.47110915424899974,0.732380743950519,0.7168025044381203,0.43875830560147,0.4023937589322173,0.8202475715892594,0.48333360048127055,0.9335841911082206,0.46201031361814043,0.34297211648989884,0.26886382441176443,0.13499087409959068,0.34784062411773214,0.46596017895864644,2.0
2021-04-08 01:57:26.420,0.7896612523414984,0.511855186094801,0.6706763074804266,0.7209313953058163,0.42704622353567345,0.4040894310381882,0.824116135364652,0.5025877661968228,0.9381293351222304,0.4694982559487287,0.3300429334282116,0.24392887295422178,0.11126244021115145,0.3130903288367137,0.5022479136409504,2.0
2021-04-08 01:57:26.440,0.7647836244524291,0.5571202835434719,0.5959351647685054,0.7265631609326589,0.42003872149064475,0.3969559239067677,0.8279846991400447,0.5218419319123752,0.9426744791362405,0.5337168887138366,0.32097640423399637,0.21964441801339565,0.08390094534223097,0.2557354373289096,0.5324341599848527,2.0
2021-04-08 01:57:26.460,0.7489794878003536,0.5804858621048586,0.5335446863238088,0.739254116210524,0.4261236463239924,0.387961697708729,0.8480428698771265,0.48281043760749537,0.9259363204107798,0.5456468318354287,0.31491418089739637,0.22419775165097905,0.05653945047331011,0.1983805458211042,0.5626204063287549,2.0
2021-04-08 01:57:26.480,0.7002957513601482,0.6359656255735063,0.43190445718853054,0.7519450714883891,0.4322085711573401,0.3789674715106904,0.8830813673847515,0.48667509695510197,0.9158314477214928,0.5199255332570187,0.31652361854512445,0.24588030038836975,0.043256049465060856,0.17004051226540653,0.5838150178391073,2.0
2021-04-08 01:57:26.500,0.6575580922660033,0.680408053179067,0.36088232000743553,0.7395740109795101,0.4155473520363786,0.3749949294571347,0.8962448032149839,0.5079891857885319,0.917544779765297,0.4891276700628924,0.32886267856772355,0.27363398548893897,0.029972648456811593,0.14170047870970887,0.60500962934946,2.0
2021-04-08 01:57:26.520,0.62424433712866,0.7230757937638017,0.31561153574092,0.8793385349340632,0.4745121733084109,0.3652821683738319,0.9019397539960868,0.4710333105267392,0.90274127177,0.46721380166389476,0.34431331928675774,0.2995988650661107,0.020435915699127442,0.13967600552047887,0.6368015367498633,2.0
2021-04-08 01:57:26.540,0.5841261686622874,0.7501839810513922,0.2853934302840697,0.9292596854904174,0.47457014408900633,0.35166562488537106,0.9076347047771895,0.43407743526494635,0.8879377637747029,0.4452999332648971,0.3597639600057919,0.32556374464328247,0.010899182941442896,0.1376515323312489,0.6685934441502664,2.0
2021-04-08 01:57:26.560,0.5440080001959148,0.7772921683389826,0.2551753248272194,0.9791808360467715,0.4746281148696018,0.33804908139691037,0.9705445671037863,0.4336607647689494,0.8579182823644772,0.4436077419201497,0.41008585082870447,0.38421508609734834,0.0,0.12145761240474605,0.6936416698185743,2.0
2021-04-08 01:57:26.580,0.5554235484087482,0.8110322311030055,0.260488765967796,1.0,0.5404008851960511,0.33415962074147015,0.9763754971028862,0.3900201515183129,0.8354162690979051,0.4154327701440434,0.44648606428278864,0.4268755365436025,0.004087071532191657,0.11336013422278836,0.6859344809631681,2.0
2021-04-08 01:57:26.600,0.46088381125361055,0.8641534165774094,0.24020990077408683,0.5,0.5544501924315485,0.3164273623357003,0.9759330792517658,0.3228356079492534,0.7977385450432966,0.38725779836793706,0.4828862777368729,0.4695359869898568,0.0068119718997091475,0.14170047870970887,0.6358381480080634,2.0
2021-04-08 01:57:26.620,0.46381392950744516,0.7575010335920347,0.5026284975037341,0.0,0.5684994996670457,0.2986951039299305,0.9579864450327022,0.5967334368696098,0.4417506537436805,0.3356459856224403,0.6108905758001867,0.6395273188793007,0.03133509864056994,0.20647781671557847,0.6473988523701653,2.0
2021-04-08 01:57:26.640,0.4667440477612798,0.6508486506066599,0.7650470942333811,0.3089330406723147,0.36500675897055374,0.0,0.9400398108136386,0.8706312657899661,0.0857627624440645,0.3320077750945983,0.6641452166938424,0.6854943580523755,0.0722070462967759,0.2780027077272753,0.5908799014960593,2.0
2021-04-08 01:57:26.660,0.7221762466304015,0.6750161911383524,0.7254088507378126,0.3398920969391509,0.0,0.4375556536945349,0.37715777597473266,1.0,0.0,0.3283695645667562,0.7173998575874982,0.7314613972254504,0.11307899395298188,0.34952759873897216,0.5343609506219533,2.0
2021-04-08 01:57:26.680,0.9776084454995231,0.6991837316700451,0.6857706072422439,0.6043748411221367,0.4618270316048122,0.888860172240232,0.1129587817927526,0.4494611752045242,0.2982169230363132,0.3247313540389141,0.7706544984811541,0.7774284363985253,0.25476841869492034,0.5222670285629711,0.3969171481341397,2.0
2021-04-08 01:57:26.700,1.0,0.8323384211364501,0.563626856057433,0.5959659173399383,0.5420939356174799,0.8984293178449998,0.16335291553935044,0.35350177154030427,0.2946954699013943,0.3246467507460771,0.8930257489692586,0.8857328675260286,0.34741140394241393,0.6072872328738035,0.34682077571853176,2.0
2021-04-08 01:57:26.720,0.8693531031306695,0.6133614031534798,0.6262679777620587,0.5413931379347053,0.08536717618927804,1.0,0.2486402247179468,0.9642521433096392,0.05813955236894727,0.18724088103355516,0.9606223321670058,0.937337368660928,0.4032696990786161,0.6862347431231334,0.3603082575642334,2.0
2021-04-08 01:57:26.740,0.796601598437177,0.6526025797932244,0.48869459170035673,0.6231858875036244,0.2972495576506196,0.915874945985189,0.09267810605997115,0.6658553114618924,0.22059848108178515,0.0,1.0,1.0,0.4591279942148183,0.7651822533724633,0.3737957394099353,2.0
2021-04-08 01:57:26.760,0.6657893140452544,0.6249131025210712,0.43737676513815227,0.6723594924969603,0.21275027207886932,0.8442511484942316,0.0,0.7836420491432499,0.3782369074927269,0.14354006447992,0.9954130952390101,0.9683976589046897,0.6267029493781955,0.9048583625366851,0.46820807286934496,2.0
2021-04-08 01:57:26.780,0.35638588523664716,0.48985277049288317,0.4911617017461316,0.7004291233934621,0.484248938907847,0.7485789406103727,0.04983562045496755,0.6042285469525219,0.4843768377413161,0.28708012895984,0.9908261904780202,0.9367953178093793,0.7227519903303145,0.91801624636366,0.520231203038301,2.0
2021-04-08 01:57:26.800,0.019267632874333432,0.15309750328323898,0.6510627884786226,0.6990731651450952,0.5018598693905358,0.730594868178916,0.09967124090993522,0.42481504476179394,0.5905167679899054,0.5221253809248301,0.9414163036370079,0.7653945969141356,0.8188010312824334,0.931174130190635,0.572254333207257,2.0
2021-04-08 01:57:26.820,0.0,0.0,0.7354886229550666,0.6977172068967283,0.5194707998732248,0.7126107957474593,0.2105537757919648,0.2667364160492519,0.652087052088756,0.45376088440215556,0.8941881274344158,0.7164281404808515,0.8801089527667428,0.9129555297874187,0.6252408323877611,2.0
2021-04-08 01:57:26.840,0.04724735472153482,0.14786792589799558,0.8797570777282963,0.6963612486483615,0.5370817303559138,0.6946267233160027,0.2114565469420045,0.3040225747909616,0.6840611410991547,0.385396387879481,0.8469599512318235,0.667461684047567,0.9414168742510518,0.8947369293842036,0.6782273315682651,2.0
2021-04-08 01:57:26.860,0.11090790032539041,0.21970199863403378,0.8943468021494689,0.6950052903999947,0.5546926608386026,0.676642650884546,0.21235931809204417,0.3413087335326713,0.7160352301095536,0.31703189135680654,0.7997317750292314,0.6184952276142827,0.9918255081617618,0.9311739229031516,0.894027001638992,2.0
2021-04-08 01:57:26.880,0.17456844592924606,0.291536071370072,0.9089365265706417,0.6130884462991677,0.4658167969229633,0.6465737712962211,0.21326208924208387,0.3785948922743811,0.7480093191199526,0.036043659326908756,0.5586910052332698,0.4897007738207391,0.995912754080881,0.9554655282990944,0.947013500819496,2.0
2021-04-08 01:57:26.900,0.2382289915331017,0.3633701441061102,0.9235262509918145,0.5311716021983407,0.3769409330073239,0.6165048917078961,0.2673608848667944,0.39835247875708707,0.7946448299184611,0.1797106334784319,0.5242489438446919,0.4443842092758849,1.0,0.9797571336950373,1.0,2.0
2021-04-08 01:57:26.920,0.28282900280927814,0.22012783755462753,0.9511181782998884,0.394845544865973,0.4789266862042631,0.6050561880124042,0.3214596804915049,0.41811006523979316,0.8412803407169696,0.3233776076299551,0.489806882456114,0.39906764473103074,0.9972752042646392,0.985830035044022,0.9874759266263499,2.0
2021-04-08 01:57:26.940,0.32742901408545455,0.07688553100314487,0.9787101056079625,0.34926909682779816,0.5316275444457633,0.5782781797005152,0.39593039890436615,0.39130030451936765,0.8661842467245743,0.46704458178147823,0.4553648210675361,0.3537510801861766,0.9945504085292786,0.9919029363930069,0.9749518532526997,2.0
2021-04-08 01:57:26.960,0.4819023177040549,0.20661347636400593,1.0,0.3036926487896234,0.5843284026872637,0.5515001713886262,0.4704011173172274,0.3644905437989421,0.891088152732179,0.5659531263103047,0.39731761153178996,0.28837813424810216,0.986375986445811,0.9676113309970652,0.9865125576148018,2.0
2021-04-08 01:57:26.980,0.4884739919498349,0.31928931354439066,0.9091272838401298,0.34220078766960144,0.48332332825872326,0.5462849753177541,0.4085946314375314,0.5683494754443992,0.9385651056440268,0.4332007710919349,0.2971566673279015,0.2668039779335922,0.971389592462634,1.0,0.9210019653303958,2.0
2021-04-08 01:57:27.000,0.4950456661956148,0.43196515072477537,0.8182545676802597,0.38070892654957955,0.3823182538301828,0.5410697792468819,0.37640636114604104,0.4603298324296695,0.8855788747213773,0.5440298498197828,0.2608607663169465,0.22778740777926873,0.9475476443104718,0.9932523778983458,0.8529223232476887,2.0
2021-04-08 01:57:27.020,0.4063099073605197,0.3077994792389156,0.8415490540364016,0.3802828664020142,0.42695317916770076,0.5730964549777042,0.3442180908545506,0.35231018941493997,0.8325926437987279,0.6548589285476307,0.22456486530599137,0.1887708376249452,0.9237056961583091,0.9865047557966903,0.7848426811649818,2.0
2021-04-08 01:57:27.040,0.31757414852542454,0.1836338077530558,0.8648435403925435,0.3742382175658494,0.5419325237671985,0.6115901405670405,0.3223546650819576,0.32290638719736914,0.8063844999461254,0.7656880072754786,0.1882689642950363,0.1497542674706217,0.8378746363073443,0.9230768592961583,0.5510597414271562,2.0
2021-04-08 01:57:27.060,0.3135435334363417,0.3398094778541927,0.8272641279726611,0.4291603058241101,0.5611855721099919,0.6179547762301956,0.28436257411763816,0.37787905701884983,0.8079178361138265,0.6255182171567296,0.06791846370144358,0.0815264624061225,0.7643051165752194,0.8825911266862327,0.4662812953857452,2.0
2021-04-08 01:57:27.080,0.28114626007198734,0.5876760372948233,0.7109396468724022,0.4840823940823708,0.5804386204527853,0.6243194118933507,0.3450299106627471,0.31001442910559807,0.8126205093120882,0.6661307964109404,0.015236046032047259,0.022983541770823776,0.6961852580685866,0.8623482603812677,0.42774566679274295,2.0
2021-04-08 01:57:27.100,0.282250475728888,0.5017263985817761,0.5663181319014614,0.49295972253029013,0.5808807460922876,0.6008179803841608,0.3862481618447225,0.32130630958624945,0.8371361569694507,0.8749471168822636,0.0,0.0,0.618528527294728,0.7935221832844191,0.35838148008063364,2.0
2021-04-08 01:57:27.120,0.30142830982421204,0.3643844480252458,0.6540901215812098,0.5044590818785605,0.5739004966539376,0.5736444083578257,0.4274664130266979,0.3325981900669007,0.8616518046268133,1.0,0.013626599602007532,0.04379877365087845,0.5463214577463614,0.7004049153665937,0.26589592410482377,2.0
2021-04-08 01:57:27.140,0.2809106801072891,0.4365566278235908,0.5227011156861968,0.5185604307288332,0.5473380126295915,0.5440531851277536,0.514453652531808,0.3968300436717453,0.9143432964605888,0.89305356784456,0.05010731216364432,0.13746748571170025,0.47411438819799495,0.5748989784458333,0.1965316584717063,2.0
2021-04-08 01:57:27.160,0.3183871530095417,0.6157526048280588,0.34434419912899866,0.5312900691241609,0.5050619814966274,0.517552807867462,0.5620850378824236,0.4427513761574215,0.9378882380661215,0.5688298487985192,0.046995695240173684,0.18169991779124664,0.4019073186496284,0.4615384296480804,0.18497091464910034,2.0
2021-04-08 01:57:27.180,0.35586362591179427,0.7949485818325268,0.16598728257180045,0.5430870156388117,0.46076163265291364,0.4894059504848554,0.6070492176805732,0.45886129408645826,0.9467735482952468,0.3466452191137262,0.053862672529884206,0.14483955476705312,0.3351497708172127,0.4291497606451456,0.2736031524207346,2.0
2021-04-08 01:57:27.200,0.4082637934227176,0.703629522579597,0.21866870611314568,0.5523807965503249,0.46497226557428556,0.4628638863510448,0.6563802677224665,0.4455626634748202,0.9434205020422592,0.4434385234228105,0.1100858547807446,0.10646141386366517,0.2724794340265303,0.45748969055710154,0.342967220751332,2.0
2021-04-08 01:57:27.220,0.3845683634876274,0.5001408072726199,0.2582267463709174,0.5595432033925344,0.46918995472033703,0.44616954621801025,0.7012889594966423,0.4403515312965414,0.9395641391462538,0.6136728904862092,0.18283263142537245,0.11101474750124861,0.20435957551989795,0.35627515174480057,0.381502888804838,2.0
2021-04-08 01:57:27.240,0.4787657698130679,0.5777014372852133,0.1412217682252449,0.5660264901137251,0.4587777190779993,0.4329734265169117,0.7374198261488353,0.4532507151339331,0.9399580297206179,0.6355021522681842,0.24130902111366515,0.15351256361355198,0.14168923872921557,0.26720641563047154,0.42774566679274295,2.0
2021-04-08 01:57:27.260,0.5347013725259798,0.7680997293309278,0.009715520211493479,0.5714399389526473,0.4480948678374405,0.42345471668053014,0.7639528929366982,0.4666038363684283,0.9402177205538398,0.5625687383575162,0.27896997097116666,0.2062012196938358,0.12125332303008851,0.19028327492662997,0.4431598866615408,2.0
2021-04-08 01:57:27.280,0.5196071676229151,0.874804318585471,0.0,0.574794479361463,0.4411231785491752,0.41972524546095374,0.7784118852098897,0.483000337758742,0.9426340731682302,0.4578221427892691,0.307188855597829,0.23720727379444184,0.09945495714720272,0.20242907762460197,0.49325625907714876,2.0
2021-04-08 01:57:27.300,0.527637593632078,0.8486712704422654,0.03239113715283232,0.5781490197702787,0.43415148926090985,0.4159957742413774,0.7925403610097763,0.4854144452024813,0.9405727197078567,0.40688721109702336,0.33916310937304284,0.26170857569703104,0.07629414108055818,0.17004040862166717,0.5125240733736501,2.0
2021-04-08 01:57:27.320,0.5475027166224334,0.7849057619857823,0.08561866825300347,0.5840462328381276,0.43894077809334103,0.4083137576717694,0.8055028941398299,0.4781387616509598,0.9355734142361422,0.4251628644897623,0.3785407842318864,0.2881613139074827,0.07084461936460779,0.1821862113196368,0.5394990765255577,2.0
2021-04-08 01:57:27.340,0.5991520282927748,0.7727962847371133,0.09454330824748465,0.5868233984648148,0.4434372705600457,0.4040890739708014,0.8161018887543965,0.47246218755509917,0.9313228903108327,0.4600219918421577,0.4160944344405377,0.31179531670016486,0.06539509764865738,0.13765173961873237,0.5125240733736501,2.0
2021-04-08 01:57:27.360,0.6333363351808046,0.7594916120124011,0.11642570012943644,0.5880150713491235,0.4433465176171704,0.4027582680125042,0.822499831696759,0.47078172470462676,0.9291985749404673,0.4935273667835923,0.44152361953313446,0.3382480442621591,0.06539509764865738,0.11336013422278836,0.5356454426373507,2.0
2021-04-08 01:57:27.380,0.629001490932586,0.7666698071011163,0.1719111331926541,0.5892067442334321,0.4432557646742951,0.401427462054207,0.823764093199711,0.47460255730755385,0.930070305302518,0.5030036308901633,0.4554721163252305,0.3553772700104238,0.06403264746489863,0.12145761240474605,0.5125240733736501,2.0
2021-04-08 01:57:27.400,0.6283528541443737,0.7489897943017738,0.24631136187708824,0.5903860132132589,0.4373893980136629,0.4022981913339195,0.8216628103369823,0.4801019636771307,0.9322992326436084,0.5002961260682417,0.4643776956070548,0.37012142054432984,0.05994543642316488,0.1174088733137672,0.5086705578669545,2.0
2021-04-08 01:57:27.420,0.6498475115965439,0.7174169910535148,0.3034781998475173,0.5907909085730779,0.4336166660944548,0.40389406682472995,0.8179480536439883,0.48488604956651804,0.9346725829225664,0.49894237365728084,0.47328327576711027,0.38616651796835355,0.06675740832287404,0.11336013422278836,0.5009633690115483,2.0
2021-04-08 01:57:27.440,0.6931448384741087,0.7002735401290999,0.32123874964168936,0.5908039535177987,0.43033964390933305,0.4057458480483221,0.8134460636102437,0.4890528206444218,0.9370026333656581,0.5074033276108633,0.47532189971500305,0.4032957454913611,0.06675740832287404,0.07287440161286275,0.45857418545134626,2.0
2021-04-08 01:57:27.460,0.7196414317734529,0.7423638114568805,0.32303919777844875,0.590212756025345,0.4252875348727465,0.4076679975832786,0.8089319543913087,0.4954969578335805,0.9399442365186867,0.5087570800218241,0.47178112942503636,0.403187332658937,0.07356938022258318,0.07287440161286275,0.42774566679274295,2.0
2021-04-08 01:57:27.480,0.7304447307493429,0.7145565940247801,0.378994369603004,0.5895858366029374,0.4201969207970553,0.4095643378411826,0.8044299238025664,0.5020148354097466,0.9428273943592187,0.47102122983494493,0.4696352069260823,0.39901343838876635,0.07493183040634152,0.06477692343090506,0.42774566679274295,2.0
2021-04-08 01:57:27.500,0.7335767522307561,0.6838613994581737,0.4377522697819313,0.5892078081510314,0.4153075768593189,0.4115221941148198,0.801084558927899,0.5060957310984389,0.9446884218456625,0.4332853796480658,0.4674892844271282,0.39483954411859573,0.07765659126431693,0.0526315353078976,0.4123313680029375,2.0
2021-04-08 01:57:27.520,0.761699650990994,0.7348910567403059,0.4412357432592437,0.5889933809382666,0.4123917242081509,0.4130612215020892,0.7977391940532315,0.5101766267871312,0.946549449332106,0.3515525757586911,0.45439915760066807,0.3928881135786476,0.07765659126431693,0.0971660070088044,0.42774566679274295,2.0
2021-04-08 01:57:27.540,0.790949138109347,0.7779712613870392,0.45702094346375466,0.5891039297470105,0.41496744522328116,0.4137857595827941,0.7935471793863813,0.5087357800514014,0.9470310213979621,0.3694897979740765,0.451931343839686,0.3785776196986667,0.08719346353154317,0.10526307061579755,0.42774566679274295,2.0
2021-04-08 01:57:27.560,0.8256727644693247,0.7468221807964229,0.481526763968563,0.5895524009004091,0.42174138680001294,0.41382072243108553,0.7927209456560325,0.5000347733104608,0.9447697476460684,0.4217784848474376,0.45010731040718205,0.3644839514835338,0.09673019628922731,0.11336013422278836,0.42774566679274295,2.0
2021-04-08 01:57:27.580,0.8365208770612167,0.7048229452297411,0.5265849222897148,0.5902038352555874,0.42719782149087293,0.41356096334608794,0.7928230023081201,0.4930574327670109,0.942751802203537,0.46425246674133286,0.4476394992808933,0.35017345760355284,0.09128053506373483,0.08097146521985356,0.4046242580685386,2.0
2021-04-08 01:57:27.600,0.8100083076027458,0.6999537349999646,0.5216440165654618,0.5908604487377305,0.42803657405119505,0.41337173622834045,0.7936450554941072,0.493947753249798,0.9428373471010043,0.47271341930983796,0.44184550706268017,0.34800520095507087,0.08446856316402608,0.09311726791782556,0.4123313680029375,2.0
2021-04-08 01:57:27.620,0.8016961730443004,0.706761852682266,0.522080836911625,0.5915679150902905,0.4249658710995281,0.4131995665172168,0.795573043471443,0.5010144710715951,0.944455803551917,0.44766899956855527,0.4340128894035811,0.34627059563628526,0.08310611298026734,0.07692314070383925,0.4238920329045359,2.0
2021-04-08 01:57:27.640,0.7890731297725947,0.6986537068028233,0.5115901763791567,0.5922518616914294,0.42097700605178334,0.4128010272412139,0.7980133052836943,0.5030153886562801,0.9445050804419537,0.4241475487964643,0.4286480823438321,0.34800520095507087,0.08537681678335107,0.07287447070868742,0.4174694544460379,2.0
2021-04-08 01:57:27.660,0.7797193671990266,0.6818717684635961,0.5098754735774496,0.5931695653340741,0.419417119838245,0.41196585406237834,0.8000583721602377,0.5019413075446691,0.9437595714003204,0.4244859882842819,0.42746782467300437,0.35516044966980426,0.08764752058643482,0.06882580071353679,0.41104687598754014,2.0
2021-04-08 01:57:27.680,0.7689393364807661,0.6638921434825821,0.5125037303666886,0.5942687027897773,0.42033245034698163,0.4108618277385374,0.8021034390367809,0.5008672264330581,0.9430140623586871,0.439208047138558,0.43025752440906295,0.3686036391156496,0.08810164739609752,0.07894716477019116,0.41361593893934223,2.0
2021-04-08 01:57:27.700,0.7581593057625057,0.645912518501568,0.5151319871559277,0.595324443763856,0.42185169361611347,0.4099092798146451,0.8047678550813114,0.49881352784637534,0.941841856558489,0.4385311709330776,0.43315452005270705,0.38248048166593424,0.08855577420575983,0.08906852882684671,0.41618500189114455,2.0
2021-04-08 01:57:27.720,0.7510779071675946,0.6371579729586951,0.5165659205706734,0.5960671658352868,0.4226948129617328,0.40933041406940124,0.8044510326789469,0.49683206782506106,0.9413427860580261,0.4221169229501778,0.437124477081954,0.39960970901146753,0.0865122384396638,0.0850202043108324,0.44894021911234006,2.0
2021-04-08 01:57:27.740,0.7439965085726834,0.6284034274158223,0.5179998539854193,0.5963659264489856,0.4257934110288528,0.40942886424295716,0.8041342102765825,0.4948506078037467,0.9408437155575633,0.3987646952461812,0.44152361953313446,0.40763225878832504,0.08617162589372411,0.08906873611432897,0.4460500726171923,2.0
2021-04-08 01:57:27.760,0.7399854874947839,0.6226086611904306,0.528256940747589,0.596704531673335,0.43031371043571265,0.4097042608337983,0.8031328322778369,0.4896650149892557,0.9395234326727548,0.386665530995603,0.4413090269319466,0.3991760576240919,0.08583101334778483,0.09311726791782556,0.44315992612204463,2.0
2021-04-08 01:57:27.780,0.7359744664168844,0.6168138949650386,0.5385140275097587,0.5970431368976844,0.43483400984257264,0.4099796574246394,0.8021314542790915,0.48447942217476464,0.9382031497879464,0.3745663667450248,0.4410944343307588,0.3907198564598588,0.08659734797941716,0.09488853944825883,0.45496146040562646,2.0
2021-04-08 01:57:27.800,0.7454930583098943,0.6513405595731552,0.522606659318361,0.5983178894935088,0.4444489887567481,0.4100251593400195,0.801130076280346,0.47929382936027365,0.936882866903138,0.4084524828206955,0.44165773893458926,0.3709887211938263,0.0873636826110495,0.0966598109786909,0.46676299468920823,2.0
2021-04-08 01:57:27.820,0.7550116502029043,0.6858672241812716,0.5066992911269635,0.5993725755155861,0.4465765456870823,0.4095811832390456,0.8013839567627847,0.47490081609397156,0.9354871346027549,0.4423385988963662,0.44222104353841973,0.3512575859277938,0.08813001724268184,0.098431082509123,0.4785645289727898,2.0
2021-04-08 01:57:27.840,0.7509514184350653,0.6809593790099394,0.4818402127553648,0.6002440565209611,0.4429024436029783,0.40951835859613606,0.8016378372452233,0.47050780282766946,0.934091402302372,0.4832896100204692,0.4452789842905303,0.34789678723527534,0.08889635187431419,0.10020235403955627,0.4903660632563716,2.0
2021-04-08 01:57:27.860,0.7468911866672262,0.676051533838607,0.45698113438376603,0.6011155375263363,0.4392283415188743,0.40945553395322654,0.8025163835432144,0.47876732595660587,0.936436760495058,0.45574920906371597,0.4432135334544048,0.35911751672222675,0.07765659126431693,0.08906852882684671,0.45857418545134626,2.0
2021-04-08 01:57:27.880,0.7180431600649594,0.6766061762353333,0.4324921930625403,0.602819731296254,0.4367876117867327,0.40950215604355106,0.8026261287469777,0.4814662269547004,0.9372284361949197,0.42820880810696277,0.44114808261827937,0.37033824620917805,0.08174380230605068,0.08097146521985356,0.45086703605644357,2.0
