2021-04-22 00:23:42.940,0.9832202540340476,1.0,0.9051598378113788,0.7526194054459076,0.9790570288220328,0.39659399931263456,0.2872869984695517,0.009287782350282572,0.57657771818082,0.9613970613657308,0.5523690843057766,0.775106087964588,0.8222221716543068,0.02696080891963934,0.02042895748240989,2.0
2021-04-22 00:23:42.960,0.08738650947560334,0.8456860333551959,0.698261643412865,0.709904377424132,1.0,0.4474373714378378,0.2730708345083807,0.0,0.6045432532788757,0.9600840364863055,0.5448877880057911,0.6958981712990525,0.666667425185399,0.024510236985666345,0.018386082653474984,2.0
2021-04-22 00:23:42.980,0.6271775475861336,0.9355303820574898,0.3153213731422216,0.656971728970856,0.9939032240472618,0.5016322123479229,0.3173900113485601,0.0026433967329435757,0.6291687216741011,0.9724264726958047,0.7705735597220212,0.6958981678258783,0.7111113133827731,0.014705941407136125,0.013278843282872436,2.0
2021-04-22 00:23:43.000,0.888094232650954,0.9825719913001368,0.9675169251406862,0.6002724381822232,0.9900497561807357,0.5657051716338445,0.340985195903446,0.004340599311518841,0.6602388487184542,0.9703256328457355,0.7581047427612566,0.678925046299295,0.7111113133827731,0.019608089196400523,0.018386082653474984,2.0
2021-04-22 00:23:43.020,0.028895390512834202,0.8078992514060938,0.4306549059434411,0.5545991007353829,0.9987757694596353,0.6209916998406628,0.3097942312817048,0.0005269377546546193,0.6868130421014083,0.9805672286033188,0.8154613477278123,0.7581329629648305,0.7555574771363507,0.009804044598200262,0.018386082653474984,2.0
2021-04-22 00:23:43.040,0.7980413297703277,0.9773224085822778,0.4084250816569861,0.5061867161044967,0.9763452772788334,0.6720374608698685,0.35011369430741973,0.010531958636766783,0.7142198014729051,0.9529937016215412,0.5187032509558417,0.7835926504644668,0.7111113133827731,0.004902147789264397,0.010214478741204945,2.0
2021-04-22 00:23:43.060,0.6253911398000728,0.9711809029480017,0.9302595228511837,0.4580223211618647,0.9577643699425796,0.7268507352345521,0.3585747682047284,0.01931998905770507,0.7451272805303265,0.9701943303577928,0.6384039968585492,0.7553041082193418,0.688888231505981,0.002451073894631485,0.014300280697339964,2.0
2021-04-22 00:23:43.080,0.48136483302203703,0.9027173153223622,0.5691490076889778,0.4216440221785804,0.9565599859589926,0.7728373236138804,0.313510322634647,0.0199049090804055,0.7680248437915171,0.9873949590940445,0.7581047427612566,0.7270155659742168,0.7777782834569327,0.017157015301769038,0.011235968453937529,2.0
2021-04-22 00:23:43.100,0.26578106543409696,0.8617345276567899,0.540492477839906,0.38326307539366633,0.9251308060670408,0.8154075925037014,0.3311337641299531,0.03584281155805378,0.7983295474834332,0.9732142880748447,0.6197007510056464,0.8033946296308506,0.7555574771363507,0.034313528642878156,0.013278843282872436,2.0
2021-04-22 00:23:43.120,0.05019729784615689,0.8207517399912175,0.5118359479908342,0.3483416745331694,0.9041411307636129,0.8582437695438094,0.3059697951232316,0.047198840524550374,0.8264837275404286,0.9508928614705487,0.49875312238627467,0.8175389004639819,0.7777782834569327,0.03186295670890516,0.011235968453937529,2.0
2021-04-22 00:23:43.140,0.7171061306882495,0.9409795203958227,0.5149389775409631,0.32944450119511753,0.8695325109035257,0.8755564401391707,0.34361443397400177,0.06715918320187846,0.8482970661535493,0.9834558838109335,0.7406483745220792,0.7666195254647092,0.8666683354078843,0.03186295670890516,0.008171603912270037,2.0
2021-04-22 00:23:43.160,0.0,0.8013933027845728,0.38317578707254785,0.30528181659851145,0.8319774323939988,0.903764108709666,0.3535174567684454,0.09054409031131154,0.877623479662988,0.9290966438292748,0.6583541152222383,0.7878359317144062,0.7333343952595587,0.014705941407136125,0.007150114199537454,2.0
2021-04-22 00:23:43.180,0.1631738820398105,0.816194216165161,0.708665573649389,0.23203502424512162,0.7773287949722979,0.7462871759540649,0.31775221034021733,0.1062528247771614,0.9030019607878939,0.8902310999611862,0.5710723250557405,0.8345120254637396,0.7444459361979546,0.02696080891963934,0.0086822964703712,2.0
2021-04-22 00:23:43.200,0.33894085499174376,0.8925110884667891,0.4610855097598307,0.14669384284372053,0.7739610068658731,0.7821889895124862,1.0,0.15039602101464283,0.6521008255727578,0.8970588347508164,0.5922693312390327,0.8401697337969921,0.7555574771363507,0.03921567643214398,0.010214478741204945,2.0
2021-04-22 00:23:43.220,0.46179738913786467,0.8408054108381724,0.48816217498586406,0.061352661442319455,0.7705932187594488,0.8180908030709074,0.7538508907451569,0.12523299101848295,0.8081198879019014,0.8713235407517054,0.6172069857764354,0.8458274421302447,0.7777782834569327,0.056372691733913016,0.0173645929407424,2.0
2021-04-22 00:23:43.240,0.47976782595869405,0.8382768415711512,0.4538298438247573,0.01098831320405295,0.7302317939768633,0.936145479480038,0.5019156416139839,0.1513975425713031,0.9141626854577557,0.7786239626408018,0.5935162149762848,0.8939179629628913,0.7777782834569327,0.07843135286428796,0.018386082653474984,2.0
2021-04-22 00:23:43.260,0.49509062604348647,0.8513241690075373,0.41548553716868597,0.005494156602026475,0.7031618779226213,0.9651524264724743,0.3497414993266073,0.19371047435866928,0.979616149512399,0.606092460941633,0.5286783126891558,0.8826025462963861,0.8666683354078843,0.12009810319106343,0.02042895748240989,2.0
2021-04-22 00:23:43.280,0.5299000465970316,0.8456587849422913,0.3840390969714251,0.0,0.6760919618683792,0.9941593734649108,0.3272631377139005,0.2030473717253824,0.9898080747561994,0.3928571985126006,0.4251870472060226,0.9193776504625276,0.7777782834569327,0.15441188281427295,0.03370780076528247,2.0
2021-04-22 00:23:43.300,0.5092381612191532,0.847987054790617,0.38129005610875727,0.01861681858955696,0.6769476720506639,1.0,0.3047847761011936,0.21238426909209515,1.0,0.21244753120104443,0.33291771596698977,0.9193776504625276,0.7777782834569327,0.2328432356785609,0.045965258931952586,2.0
2021-04-22 00:23:43.320,0.5078602879886359,0.7855407494255089,0.39083107342604473,0.030901249576086122,0.6938961138025729,0.9932711858268287,0.30857237722270703,0.17794142134291197,0.9725286463259896,0.11633411148875195,0.26184541132300504,0.9844412962949317,0.9111122236052519,0.3210786331410491,0.06435134158542771,2.0
2021-04-22 00:23:43.340,0.5083971936350862,0.7318984071769707,0.4087057980429939,0.043185680562615285,0.710844555554482,0.9865423716536571,0.30970606153120844,0.14467892690751025,0.9432258505499994,0.07536765976192768,0.22319204710641316,0.9900990138899826,0.9000006826668558,0.4583332496732238,0.09244121042200648,2.0
2021-04-22 00:23:43.360,0.5089340992815363,0.6782560649284326,0.4265805226599431,0.09075777658909187,0.777161285718625,0.9547066383003326,0.3102431079485543,0.12100118810552189,0.9183672354319667,0.092043115001118,0.2132169828216297,0.9950495069449913,0.9111122236052519,0.5833332496732239,0.14198158921164614,2.0
2021-04-22 00:23:43.380,0.5327141981440207,0.5683843232261163,0.4541080488830374,0.14749128535831213,0.843850181967039,0.9124148974702907,0.3107801543659002,0.09732344930353316,0.8935086203139341,0.10871857024030815,0.20324191853684617,1.0,0.9222226267655429,0.6102940585928639,0.15628189082829214,2.0
2021-04-22 00:23:43.400,0.542021701391289,0.4641061164949655,0.46017603803272084,0.18905547029827757,0.882132809361224,0.8797599409556116,0.30996132540811283,0.07388374576495811,0.8619145650125547,0.1612395632678616,0.26807980449457064,0.9476661921287903,0.9333330299258339,0.6372548675125039,0.17058219244493822,2.0
2021-04-22 00:23:43.420,0.5538585526604798,0.4231726689565553,0.4519081171635356,0.23422671660421068,0.9151469093906316,0.8433820387789412,0.30914249645032543,0.050444042226383067,0.8303205097111753,0.16859251669304856,0.276808014128854,0.8939179629628913,0.7999990897775147,0.7058821757785916,0.2012257332650833,2.0
2021-04-22 00:23:43.440,0.5580687949995254,0.4318929774499518,0.43025599749937343,0.2734691366904044,0.9349619489732947,0.810352162771361,0.3096530242041344,0.03565059927753657,0.8005798133714794,0.1890756995674172,0.26184541132300504,0.7892503587977193,0.9000006826668558,0.7794116318339437,0.24412664334484802,2.0
2021-04-22 00:23:43.460,0.5474372972402215,0.4074881414299301,0.4166589572069755,0.3127115567765981,0.9547769885559577,0.7773222867637809,0.31016355195794326,0.020857156328690073,0.7708391170317836,0.22006308319674905,0.2830424073004196,0.7298444212985677,0.9500003413334279,0.8088233891580517,0.26455564528078335,2.0
2021-04-22 00:23:43.480,0.5592937645476944,0.33920266626627343,0.4228178374344207,0.39798896593833627,0.9818882048634077,0.7037386156241497,0.3144610766800749,0.007998579540627665,0.7287853014658793,0.2612920475160043,0.33665835391110466,0.6902404583349009,1.0,0.8382351464821597,0.2849846472167187,2.0
2021-04-22 00:23:43.500,0.564454069000992,0.2886683710591269,0.43881460671054384,0.42581187204201787,0.9865772127702758,0.6798202328626568,0.31680682959665185,0.005392191636280607,0.7108533382812815,0.29280467127541454,0.3728179629002459,0.7128712962988102,0.8222221716543068,0.8982841980776914,0.33452501554670516,2.0
2021-04-22 00:23:43.520,0.5766953095698543,0.25979203782689264,0.42267186111650007,0.45363477814569936,0.9912662206771441,0.6559018501011638,0.319152582513229,0.0027858037319339283,0.6929213750966838,0.29254207270489685,0.36907732495613105,0.7383309837984466,0.8444452535310988,0.9148283194156379,0.35827373614809843,2.0
2021-04-22 00:23:43.540,0.555548216814582,0.2684736869541774,0.3984294579260265,0.5634307798387659,0.9953488587482013,0.5609519039498495,0.4016774764928877,0.04685485841848712,0.6231754373534526,0.2783614059846014,0.37406484561691017,0.7128712962988102,0.8666683354078843,0.9313724407535837,0.38202245674949165,2.0
2021-04-22 00:23:43.560,0.5662151141836511,0.26838130177260816,0.3884529064778102,0.5306332422435058,0.8003151992755374,0.4068452058231379,0.4842023704725463,0.0909239131050403,0.5534294996102214,0.24002106893008268,0.3765586110502387,0.6336633703714766,0.9111122236052519,0.9460783821607199,0.4187946743547068,2.0
2021-04-22 00:23:43.580,0.4319264596806506,0.11548132003829692,0.5033040184005241,0.4978357046482458,0.6052815398028737,0.2527385076964262,0.5324831598095525,0.1070141163813854,0.5076515077071478,0.18841919239386262,0.31047381686115527,0.5756718692174362,0.8111106307159107,0.9840685216455481,0.4678242978283271,2.0
2021-04-22 00:23:43.600,0.4738390745483008,0.12890785122834603,0.43821443390358017,0.5471004039111401,0.75291123101116,0.29570285931040513,0.5807639491465586,0.1231043196577305,0.46187351580407426,0.1829044934458636,0.2877182123849716,0.5304102083400397,0.7333343952595587,1.0,0.5240040773400968,2.0
2021-04-22 00:23:43.620,0.5096513630573836,0.11485952195925014,0.3958772456102681,0.598161581268722,0.8165583835652563,0.2947582475070343,0.502944102575106,0.10412771093651764,0.4665419835577706,0.17738979449786468,0.2649626079087879,0.4851485474626434,0.7777782834569327,0.9730391910803606,0.5536261389071624,2.0
2021-04-22 00:23:43.640,0.5531777240077111,0.08484660064211738,0.3690914262235775,0.6490769596497257,0.840388489445774,0.27627485598450907,0.4251242560036535,0.08515110221530478,0.47121045131146694,0.11351109625123186,0.24158355952280253,0.389674713550383,0.7111113133827731,0.9558821757785916,0.5975485125505271,2.0
2021-04-22 00:23:43.660,0.591817700464622,0.09631639100975445,0.31472193388459424,0.696863200840683,0.858733718920292,0.26004423408528277,0.35097569275683316,0.08550388077656303,0.4541428362413048,0.049632398004599045,0.21820451113681716,0.29420087963812264,0.6833335988148945,0.9381125802384115,0.6335546416352387,2.0
2021-04-22 00:23:43.680,0.5942406649729156,0.08425464701318346,0.30226987780621456,0.7661673808806796,0.7918538858522701,0.21013108098823305,0.3540543567244118,0.1244704604769073,0.41369602087632984,0.0,0.12967584335659402,0.2545969213053549,0.6555558842470095,0.9203429846982313,0.6695607707199502,2.0
2021-04-22 00:23:43.700,0.5962977057647422,0.07067915208780579,0.307499523624431,0.8041515459598525,0.7290448889852648,0.18135951448371584,0.3571330206919905,0.16343704017725155,0.3732492055113549,0.014968483926369918,0.04239403277834027,0.20650642362720378,0.5444450259754694,0.8480391910803606,0.752808983745762,2.0
2021-04-22 00:23:43.720,0.5983547465565686,0.057103657162428115,0.3127291694426475,0.8421357110390255,0.6662358921182594,0.15258794797919886,0.3595295865534395,0.24231915479269098,0.3105397727791451,0.012867695362229231,0.0,0.0,0.47777805590130973,0.7794116945790258,0.7852400369033293,2.0
2021-04-22 00:23:43.740,0.5880449566290195,0.007892284193726323,0.31672147718540744,0.8849649593910063,0.5666316001018906,0.12207367255683815,0.3613912937643995,0.30486821671180625,0.2699583145019949,0.025210107605336655,0.012468806754886817,0.00565773148774807,0.4111110858271501,0.7107841980776918,0.8176710900608967,2.0
2021-04-22 00:23:43.760,0.6056137952321957,0.0,0.27819972494488887,0.9083308164199382,0.49788241553650614,0.10625616455262075,0.36155218158984864,0.3736689565060775,0.23095447318680706,0.05015759514563417,0.06109722249891489,0.09052337964103137,0.3111117684940125,0.6200981031910648,0.880490295397964,2.0
2021-04-22 00:23:43.780,0.6192154867869623,0.05146136712489687,0.2597339925726835,0.9287852328539685,0.4297379253548565,0.0932106225627845,0.36047484829713383,0.446867003544352,0.19442856477137602,0.14246330334363938,0.08728177996061998,0.2079208391332692,0.3333325748145945,0.5416667503267769,0.8917262533922485,2.0
2021-04-22 00:23:43.800,0.5891299776204223,0.058555687351964314,0.25212907948360885,0.9473088344681796,0.36679129153798046,0.08202174133983126,0.35323313861537026,0.51871453099354,0.1620540584911626,0.24763659943126565,0.17705737638395785,0.11315423612853698,0.40000182044496413,0.48284298469823095,0.9203268670851936,2.0
2021-04-22 00:23:43.820,0.5798611193029941,0.04216640193950647,0.24463765942184576,0.9630930585327018,0.3114798006922479,0.07318867303786368,0.34470798786450296,0.5850508544844719,0.1349814991775075,0.3027836748893421,0.22817958817894807,0.2913720254714964,0.28888868661722694,0.4191175732410791,0.9407558768658687,2.0
2021-04-22 00:23:43.840,0.6118503545763053,0.03723150936442416,0.23194471437142242,0.9761331650187413,0.26190799878366494,0.06699305004072707,0.34191442012607837,0.6469358813814476,0.11234797026817123,0.3792017504278618,0.2468828289289119,0.5403111921346079,0.24444479841985287,0.36029430957319314,0.9632277823947848,2.0
2021-04-22 00:23:43.860,0.6070109386181977,0.08839166542163612,0.20790003552104785,0.9882781960675637,0.2168612981097794,0.061524229629239084,0.330726509956408,0.7297457849227412,0.08445551042208903,0.5070903924700821,0.31546137834544596,0.6534653541687595,0.24444479841985287,0.3039216178392801,0.9683350322250404,2.0
2021-04-22 00:23:43.880,0.5741516618563516,0.13245866774508944,0.19986065065308328,1.0,0.17965810768085916,0.05627799431865277,0.2713028534265043,0.7119710498571045,0.0857571035592758,0.6410189306013365,0.4351621089393366,0.6732673379660424,0.24444479841985287,0.2720589121107049,0.9754851882631899,2.0
2021-04-22 00:23:43.900,0.645923025165888,0.16474260515581154,0.1907286862062347,0.6831508002707318,0.23634662598180067,0.026250352447515224,0.2118791968966005,0.6941963147914676,0.08705869669646263,0.7347689201899277,0.524937664539163,0.6874116064837241,0.2666678802966449,0.24019620638212827,0.9805924485530984,2.0
2021-04-22 00:23:43.920,0.647543396553485,0.1605290315648282,0.18830009762247166,0.6992751214012045,0.22518990566154964,0.042709131311352094,0.15638783617738145,0.8056141277937684,0.05050691594714614,0.7762605174709352,0.5847880349390472,0.7609618175945466,0.20000091022247884,0.22058861914638625,0.9856996983833539,2.0
2021-04-22 00:23:43.940,0.6547822608541518,0.14479900045855162,0.17517537438632128,0.6811398071456803,0.07724446004939889,0.019667919093789208,0.08423158707674586,0.9893685369948109,0.001684281791076878,0.8235294208682679,0.6097256895785087,0.8175389004639819,0.24444479841985287,0.20588242675892016,0.9856996983833539,2.0
2021-04-22 00:23:43.960,0.6530207700805061,0.14668489631448253,0.17681384312883472,0.6870043000428029,0.019402382208096838,0.0,0.0,0.9793605214241294,0.0,0.8855042139203573,0.6521197047006804,0.8005657731487749,0.17777782834569328,0.2009805299499843,0.99182839608773,2.0
2021-04-22 00:23:43.980,0.6470703179016265,0.1616297215837173,0.18901170146552798,0.7045063895426549,0.07145381723495699,0.026083992516769922,0.1711570383077793,0.9042050949634861,0.02582462209443339,0.919117652037334,0.6733167108839727,0.806223483797477,0.22222171654306086,0.19117623437145406,1.0,2.0
2021-04-22 00:23:44.000,0.6476790818058614,0.16040753520934425,0.18806650392802726,0.7013707886769805,0.05612321501794134,0.02548205033151309,0.1727423728955057,0.9262254647926571,0.020708346237083907,0.9296218527922969,0.6620947654134067,0.8203677546306083,0.15555702202511126,0.17401972103034496,0.9928498439618505,2.0
2021-04-22 00:23:44.020,0.6464911293392531,0.16276475413799668,0.18988912328427127,0.6982351878113062,0.0407926128009256,0.024880108146256467,0.17432770748323193,0.948245834621828,0.015592070379734283,0.929884457811171,0.6396508744722744,0.8373408796303659,0.15555702202511126,0.17401972103034496,0.9928498439618505,2.0
2021-04-22 00:23:44.040,0.6475104614867565,0.1607787283468659,0.18835851149376878,0.7044452575349393,0.04194666850520562,0.028497116035907002,0.19987974422277596,0.9465768373370125,0.017447312806043277,0.9359243732452746,0.6346633446262052,0.8231966087972346,0.15555702202511126,0.16421592741247323,0.9877425941315949,2.0
2021-04-22 00:23:44.060,0.648029073989871,0.15969663690636252,0.18756512002247938,0.7160685119596368,0.057981284179222305,0.02783594566304033,0.188903104593124,0.9234744928994022,0.022215237018443384,0.9459033661119414,0.6134663376264426,0.7920792106488961,0.2666678802966449,0.16911757324107912,0.9816138964272189,2.0
2021-04-22 00:23:44.080,0.6478841495994768,0.15993201702394486,0.18773400379167335,0.7155125065821315,0.05449425493954906,0.02683661019824017,0.16047769697096625,0.9259736348467907,0.020004259924628006,0.9579831956904773,0.6122194547056609,0.7609618175945466,0.17777782834569328,0.1519605579393101,0.9856996983833539,2.0
2021-04-22 00:23:44.100,0.6543952101039966,0.14719899513223067,0.177969404261283,0.7149565012046263,0.051007225699875904,0.025837274733439806,0.19423770403626311,0.9410447130366228,0.018396666303337292,0.9627100873198818,0.6147132205472245,0.7609618175945466,0.0,0.15441188281427295,0.989785500339489,2.0
2021-04-22 00:23:44.120,0.6493852904736009,0.15707864857994905,0.1854828789584911,0.7057547766715504,0.038920478471145444,0.02676976592419658,0.18863368888541943,0.9509566224670456,0.01578482283961054,0.9648109272559292,0.5960099793890254,0.7468175462983253,0.0,0.15441188281427295,0.9877425941315949,2.0
2021-04-22 00:23:44.140,0.6491255260874681,0.15740896819104275,0.1858714678304959,0.7214757644428471,0.0616912743836522,0.026527208948181537,0.17813090674166862,0.9181550339652906,0.022860854555487725,0.9708508428404946,0.5822942695057186,0.7355021289371855,0.0,0.1519605579393101,0.9938713022956239,2.0
2021-04-22 00:23:44.160,0.6461594117874445,0.16340424255067715,0.19031273180159025,0.7216456872932407,0.06723976763306166,0.033593128111944696,0.22599122681690295,0.9102177499651682,0.027611591408924437,0.9650735324897485,0.5860349176557115,0.715700148149987,0.11111085827153366,0.1617648535178403,0.9856996983833539,2.0
2021-04-22 00:23:44.180,0.6490389633661972,0.15780641541023652,0.18606487760599874,0.7138633500187255,0.0415026017973042,0.02865819355040851,0.20121519738929652,0.9472190599821252,0.017374435228544587,0.9595588270933929,0.5966334207473577,0.7270155671319415,0.15555702202511126,0.1397059414071354,0.989785500339489,2.0
