2021-04-08 01:57:22.020,0.9317283664194919,0.4847222674030066,0.42185220608360047,0.48428315115844695,0.3976809873159098,0.1835028725432777,0.7553635966893985,0.5649571475202294,0.9322336451959629,0.5288087495430139,0.4338538570878964,0.3136924742812527,0.27631577267823276,0.33165857072287347,0.05799370801780693,2.0
2021-04-08 01:57:22.040,0.5830155926890449,0.46835606312006756,0.7485156907140283,0.4867065601050173,0.39142701869393737,0.1857010379170561,0.7567059864466216,0.5707625119944892,0.9342855499075824,0.5295157142804546,0.4185871245183982,0.3170594798056765,0.27562322528525585,0.32160793676930655,0.06583067823626083,2.0
2021-04-08 01:57:22.060,0.39228025332768995,0.4795128527918279,0.24150140948995208,0.4771213120019602,0.412445429508705,0.18728569546496418,0.7537398991727875,0.5487082798154913,0.9253987112843067,0.5309296399940603,0.4358855514351398,0.3078002209291854,0.279432094118368,0.32160793676930655,0.05172419604366848,2.0
2021-04-08 01:57:22.080,0.9026105517099586,0.54172431577232,0.5660617634789525,0.48841949810313623,0.4060737175649033,0.18410144172729068,0.757898815494076,0.5553803309642268,0.9265668325447398,0.5289854901487163,0.43507287274597667,0.31537597589516014,0.2832409629514801,0.32160793676930655,0.037617713851076116,2.0
2021-04-08 01:57:22.100,0.388546625765727,0.4654615795812847,0.6639015411270406,0.48631268275544043,0.402457526783437,0.1887320411994633,0.7524959766115039,0.5591723510549172,0.930917941786041,0.5143159960057856,0.4177744465894477,0.3184623955206572,0.2867035580881042,0.31155781738844013,0.0407523093365841,2.0
2021-04-08 01:57:22.120,0.47940128417187117,0.4924282695689691,0.22034683157945406,0.4819819362324952,0.42803082704477746,0.18656713414150586,0.7538015562864012,0.53243937148665,0.9175156971913383,0.5081300645350267,0.44610207253154355,0.30331088099548986,0.30055408046285975,0.336682858554256,0.043887225825214565,2.0
2021-04-08 01:57:22.140,0.8835664365495653,0.5542946168866818,0.6495308294113139,0.4929100490140848,0.4241331771766597,0.18577759414403403,0.754951011373715,0.5365010961869794,0.9189495422962181,0.5505478836824643,0.4546932352993553,0.3089225530418482,0.2936288901896119,0.29648238103079316,0.043887225825214565,2.0
2021-04-08 01:57:22.160,0.3743610598744757,0.4559134555329918,0.6159150519042655,0.4896600054527098,0.4175802952550445,0.19336283617349234,0.7461670982627,0.5433402580135424,0.9263415655829716,0.5641569311532274,0.4070935391639398,0.3041526340990526,0.2963987961049988,0.2763821422690602,0.0282132853883072,2.0
2021-04-08 01:57:22.180,0.5134086326725735,0.45371876234219455,0.23832749686355104,0.48656167290914154,0.43138948236587116,0.189218196815997,0.7504517214214234,0.5289430033399635,0.9173778019010825,0.5229762997176532,0.4365821318790618,0.27314814374631435,0.2936288901896119,0.2763821422690602,0.037617713851076116,2.0
2021-04-08 01:57:22.200,1.0,0.5262234056236766,0.6729207281487576,0.500697458078723,0.42353540338891094,0.18553350432615712,0.7552748082789027,0.5371243771760777,0.9190971244457068,0.5348179396847481,0.375050817837682,0.2623456750570747,0.2922437954036582,0.2864322616499267,0.043887225825214565,2.0
2021-04-08 01:57:22.220,0.40635905477941603,0.4702084678338792,0.6972211766672224,0.502928689156503,0.41993450154741757,0.18914588412931577,0.7511232323051567,0.5408816953439795,0.9228799379453468,0.5574849627274582,0.3835258852110499,0.2477553242916299,0.2873961054810807,0.25879404742302153,0.03369906824028792,2.0
2021-04-08 01:57:22.240,0.5671332662794991,0.48608467393098065,0.563196249103486,0.5022417048509759,0.435785382680187,0.1810880566121856,0.7591631519862251,0.5369236193451511,0.9169651606916039,0.5801519857701684,0.39200095258441786,0.23316497352618504,0.28254841555850324,0.23115583319611346,0.02351091065536128,2.0
2021-04-08 01:57:22.260,0.7279074777795821,0.5019608800280821,0.4291713215397495,0.5187161566203611,0.4192858702494999,0.16968573283571906,0.7672030716672936,0.532965543346323,0.9110503834378615,0.576219499047417,0.36825915007583404,0.233164975822794,0.27423813049930207,0.1959801580767336,0.009404428462768915,2.0
2021-04-08 01:57:22.280,0.5046611881430546,0.4762261668211807,0.7721136092371349,0.524284554009281,0.39934383777690036,0.1663641907943558,0.779578085039389,0.5624405021997574,0.9187415597303359,0.5722870123246657,0.3445173475672503,0.2331649781194029,0.25934899977747133,0.19221117034414748,0.012539184449838368,2.0
2021-04-08 01:57:22.300,0.3512806306780513,0.4401637571587628,0.3417270920829607,0.5205136782717132,0.4020539674231505,0.1576102616670448,0.791101620353731,0.5642719603400971,0.9128349023438915,0.5655708568668332,0.3315145056454244,0.22867563588909848,0.244459869055641,0.18844218261155843,0.015673940436907823,2.0
2021-04-08 01:57:22.320,0.8973608485482877,0.5438284719983589,0.4471209822795496,0.5384414454187878,0.38967082384122964,0.13687091872624424,0.8026251556680731,0.5661034184804369,0.906928244957447,0.5466595796518431,0.33801592945713466,0.24691357922619844,0.21606641874141302,0.16582928536143673,0.0282132853883072,2.0
2021-04-08 01:57:22.340,0.706138696089373,0.5645624530445631,0.7605509779576151,0.5448496489857739,0.3752719827164739,0.11852211498600393,0.8315758339814184,0.5873293048631774,0.8981636317050805,0.5466595796518431,0.31073317204282375,0.273849605048718,0.20083094340896407,0.18592952412316963,0.07210035071196076,2.0
2021-04-08 01:57:22.360,0.4369417383935101,0.565294148421377,0.4086586248089763,0.5465414013972016,0.36736905966919425,0.10682654417486354,0.8445176521973323,0.588271389990967,0.8894017725597503,0.6024213363741413,0.3121263424333254,0.2770763153270695,0.17590023005962052,0.12060349086119042,0.0407523093365841,2.0
2021-04-08 01:57:22.380,0.5036885058010881,0.5526497830815408,0.437417177827689,0.5482331538086292,0.3594661366219147,0.0951309733637231,0.8763871795331679,0.6142399603856631,0.8762044715162687,0.5754683484352286,0.3177860605001146,0.30492423728297013,0.1665511948250842,0.09924640828256266,0.04858935980581829,2.0
2021-04-08 01:57:22.400,0.5704352732086662,0.5400054177417044,0.4661757308464018,0.5496020442266182,0.3412299432014559,0.07974339024323378,0.9048090819619188,0.6334033501172974,0.8601598036735749,0.5485153604963159,0.3234457785669038,0.3327721592388707,0.15720215959054748,0.07788932570393783,0.056426410275052935,2.0
2021-04-08 01:57:22.420,0.5999050726023887,0.560404851046644,0.4247851257003699,0.5514447935349528,0.3323631501902284,0.06420386767992751,0.9177910508857315,0.6285009124460995,0.845544944744414,0.47401907324063663,0.34277589621987886,0.43041525973533096,0.13573404137782763,0.1482414478017468,0.06112862450643785,2.0
2021-04-08 01:57:22.440,0.5687145602598072,0.6587789351562462,0.35361752667634416,0.5574553111075633,0.3415538363581184,0.04084528861686073,0.930773019809544,0.6235984747749016,0.8309300858152531,0.4381406657627115,0.37714055869431506,0.48849606771174764,0.13227144624120393,0.1620601689856762,0.07445153807843394,2.0
2021-04-08 01:57:22.460,0.5501527625043582,0.6902328051400342,0.3235270097579276,0.5648293235180325,0.3671256314906534,0.022708610140961906,0.9488296517826253,0.5964196440588269,0.7997761018610857,0.43743371086245325,0.43843968147167434,0.5479797776234915,0.12880885110457985,0.17587889016960273,0.08777445165042959,2.0
2021-04-08 01:57:22.480,0.5430672888221634,0.645683816799804,0.28800625552718917,0.5648229757767015,0.3994387137031917,0.019516478828482946,0.9491140563922065,0.5623409143615613,0.7826277018810953,0.4185224264142408,0.509490931414207,0.6144781120423171,0.15027704023142988,0.2386935513749399,0.0642633804935073,2.0
2021-04-08 01:57:22.500,0.4952150426418243,0.6447752766211068,0.28075461099261295,0.557786821898565,0.4428410304344173,0.028273650986589818,0.9349103484666577,0.5170481897550361,0.7738251959146705,0.3713326088875369,0.5805421984615234,0.7093153604393357,0.20221603819491785,0.36180944343817034,0.06583067823626083,2.0
2021-04-08 01:57:22.520,0.45932650780045614,0.6620407827221623,0.289306918457167,0.5410987686333979,0.5001235657937878,0.05140677615874641,0.9034016764080739,0.4581734068090587,0.771843948293926,0.278720368317997,0.6677309263177416,0.7752525184670898,0.23130189407386237,0.42211067429606364,0.0705328924676453,2.0
2021-04-08 01:57:22.540,0.500379670529389,0.7274708168076917,0.24947518093834115,0.5370001907496268,0.5372069953211355,0.06643320409970614,0.8626444011925726,0.38359837703291033,0.7620150531133342,0.1528808742020462,0.783015059868929,0.8381032637591734,0.2603877499528065,0.4824119051539598,0.0752351066990302,2.0
2021-04-08 01:57:22.560,0.5594546765240129,0.8351974939297218,0.14334266079588753,0.5329016128658561,0.574290424848483,0.08145963204066588,0.8132755530307448,0.3093830369055477,0.7415162154446386,0.07644043710102308,0.8297730390938007,0.8813131224398695,0.3829640290912456,0.7487439280421551,0.10971790406147586,2.0
2021-04-08 01:57:22.580,0.5423162665935882,1.0,0.0,0.5154000965491459,0.7293856304507941,0.15963710991399577,0.7639067048689171,0.2351676967781849,0.7210173777759429,0.0,0.8765310183186723,0.9245229811205655,0.4795706674196804,0.858040198419234,0.18338563276697134,2.0
2021-04-08 01:57:22.600,0.29089609249493636,0.8990763753106669,0.08356200005755658,0.4369859718090464,0.9213844290939497,0.28643504848722046,0.6214497116875357,0.06436916615674432,0.6252223933518111,0.17338283538540689,0.9313867633185784,1.0,0.5761773057481152,0.9673364687963114,0.2570533614724668,2.0
2021-04-08 01:57:22.620,0.03670148206017463,0.5804536988782145,0.24807306618920566,0.33332608632864763,1.0,0.40677060419365746,0.5061211424504275,0.0,0.5533083470190823,0.5931424369257042,1.0,0.8954825909120105,0.7188365373991906,0.8643215873538631,0.3949843904206889,2.0
2021-04-08 01:57:22.640,0.023188875023519243,0.22748240084576363,0.3658185701802759,0.24480953126056332,0.988769283373584,0.5271795650971502,0.39393281993847135,0.008996218580344866,0.5146647874075337,0.4988511659545763,0.9908283436303182,0.7850027946285715,0.8060941050360237,0.7989950395191834,0.5109718064563037,2.0
2021-04-08 01:57:22.660,0.08447792629610422,0.0,0.48367228760145764,0.18844301648476683,0.9406223517489715,0.6360159086070682,0.2893911026870968,0.048320089410717186,0.47178936189245674,0.40455989498344846,0.9816566872606364,0.6745229983451324,0.872576101853114,0.8090451589000498,0.6426332271294505,2.0
2021-04-08 01:57:22.680,0.08124226112001817,0.09235888597537982,0.566206619586012,0.14685515438183028,0.9086909649203854,0.7373941552948987,0.19698268197582677,0.07506136650054297,0.38701751044159544,0.10074228846815529,0.8086724447006612,0.5982042722943139,0.9224376703800614,0.8241205952576998,0.7774294358899788,2.0
2021-04-08 01:57:22.700,0.07131809493002617,0.3414702479680118,0.6358244217738046,0.09144302251512139,0.9110456993281288,0.8358370451085804,0.12187575836997008,0.07307189507094876,0.25455388907739585,0.26104627881487036,0.7011667876259964,0.5538720378653855,0.9584488583605141,0.8793970237115101,0.9028212803883625,2.0
2021-04-08 01:57:22.720,0.0,0.42471739354916005,0.7702763938109483,0.00602964014337001,0.9202963661992114,0.9500952243542505,0.06845139076269274,0.06103257803854205,0.11456826956814749,0.40641567365795456,0.6625065551708437,0.513468001428215,0.9709141795781208,0.8417084328173897,0.9427899569037259,2.0
2021-04-08 01:57:22.740,0.05793887552646704,0.3732312058004119,0.910444312334919,0.003014820071685005,0.9024439740227441,0.9750476121771253,0.0319994234983134,0.06954492102376801,0.02455765068110558,0.5517850685010388,0.6238463227156907,0.4730639649910447,0.9833795007957279,0.8040198419232678,0.9827586334190893,2.0
2021-04-08 01:57:22.760,0.2995756317277805,0.08481779060791758,1.0,0.0,0.8845915818462771,1.0,0.010229045162039086,0.09558495206493672,0.0,0.6443972917108449,0.5021187885806714,0.3277216532488438,1.0,0.7688441668038866,0.9905956036375432,2.0
2021-04-08 01:57:22.780,0.39222346795011703,0.3976115641590996,0.91789587724081,0.03824418935693307,0.8526620962330244,0.9990980004346123,0.0,0.13223949087251546,0.02872540287220186,0.46907032817976113,0.3661113589087482,0.24803590674564335,0.9916897149407988,0.8190952782809163,1.0,2.0
2021-04-08 01:57:22.800,0.40196135255045273,0.4745650670572486,0.9245338450863425,0.07181961496505443,0.8321188044112314,0.9890669496797544,0.007025656099201109,0.14505470527836298,0.07187009458319005,0.38900669839066365,0.28379871554096375,0.20594835950812973,0.9861496194535052,0.8542709534002961,0.9780563870873925,2.0
2021-04-08 01:57:22.820,0.41169923715078843,0.5515185699553976,0.9311718129318749,0.09065606128363381,0.8278260978402905,0.9738658753303522,0.023527019207608402,0.13728020885002407,0.10909259194527775,0.4517497190200525,0.2201776620683496,0.13608304942079633,0.9709141441210559,0.9346729375926228,0.9341692896634266,2.0
2021-04-08 01:57:22.840,0.4528325044141563,0.4597988872827729,0.8822661628989958,0.10278945145041156,0.8366301507455154,0.9508414031899647,0.04588118314863686,0.1324203223460555,0.15932135029170208,0.5745846396201388,0.18688689684042137,0.08894501226951834,0.9335180031829102,0.9999997427136512,0.816614447483809,2.0
2021-04-08 01:57:22.860,0.44556132184200137,0.40926452648427125,0.8384271925997003,0.14862006451209522,0.8476970723898035,0.8878049230955497,0.0682353470896653,0.12756043584208676,0.20955010863812645,0.6974195602202252,0.1535961316124932,0.04180697511824032,0.9078947424405898,0.9999998713568257,0.7468652038875404,2.0
2021-04-08 01:57:22.880,0.4382901392698464,0.3587301656857696,0.7945882223004048,0.19156733509440832,0.8357881368018436,0.8414928160657815,0.09943177223026173,0.13805617654144406,0.28710872583352604,0.8213149305304325,0.08596973642991501,0.001964105885705722,0.882271481698269,1.0,0.6771159602912719,2.0
2021-04-08 01:57:22.900,0.4053640716581244,0.4015732123836718,0.7411723271392519,0.23451460567672186,0.8238792012138836,0.7951807090360131,0.13062819737085815,0.14855191724080136,0.3646673430289257,0.8269706594244557,0.03848612476088694,0.0,0.8282547706417205,0.9698491272847031,0.5203762349190726,2.0
2021-04-08 01:57:22.920,0.3724380040464023,0.44441625908157395,0.6877564319780988,0.2984335043943827,0.787361845349177,0.7235555678836727,0.2132149757517759,0.20151998992484005,0.5393350240849193,0.8430540729157565,0.021535989539018304,0.012556112184660916,0.7770082491570797,0.9095473818541093,0.38871487844655045,2.0
2021-04-08 01:57:22.940,0.28668425334431286,0.4040180269697234,0.6360036355757874,0.35590658917767265,0.743014439756863,0.6497798143091167,0.3089398476440895,0.27173969985754987,0.6995751349871748,0.8591374864070572,0.004585854317149584,0.025112224369321885,0.71468153669785,0.8241205952576998,0.27899697438507454,2.0
2021-04-08 01:57:22.960,0.2713392862872476,0.4218594252492127,0.588344362001302,0.4260097748868755,0.6586024197770968,0.541874847393551,0.37881248047060134,0.3312469930274099,0.7909492837773708,0.9068133511599473,0.002292927158574834,0.02160494082339259,0.637119065249651,0.7386927795158892,0.1630095583494598,2.0
2021-04-08 01:57:22.980,0.2198580183471543,0.4355663169167012,0.5057835698557636,0.46036605202545366,0.5846231473019654,0.47527333488308815,0.45097894933235727,0.40316987473695814,0.8695017347423789,0.9544892159128373,0.0,0.018097657277463347,0.5304708797507683,0.4824119051539598,0.0752351066990302,2.0
2021-04-08 01:57:23.000,0.20252863950032868,0.3673055295454577,0.4694888130512228,0.4947223291640313,0.5106438748268342,0.40867182237262534,0.5204822444012774,0.492447198580927,0.9357138867983883,1.0,0.06124109384788627,0.051627378233278,0.4792243582661271,0.374371706734728,0.05172419604366893,2.0
2021-04-08 01:57:23.020,0.30250522929889945,0.37747848536872064,0.429704662616441,0.5137436534488711,0.42716013643649337,0.3562382877137802,0.5799470870189669,0.5691664345001383,0.967856943399194,0.8702722004067833,0.08399607243754324,0.0998877670183946,0.4279778367814858,0.2663315083154963,0.0282132853883072,2.0
2021-04-08 01:57:23.040,0.41190043095945833,0.5328199371863656,0.3384858295249579,0.5327649777337103,0.3436763980461527,0.30380475305493504,0.6394119296366564,0.6458856704193496,1.0,0.6609225719061687,0.12811287823167095,0.14534230255576516,0.3573407683489252,0.16080396838465327,0.010971726205522909,2.0
2021-04-08 01:57:23.060,0.3609664730290676,0.5418492135613566,0.31038763717562046,0.5439590608770609,0.2753777325382415,0.24012259070412137,0.7370059382373316,0.705132083885974,0.9972825194211559,0.520148445397153,0.19452026773395953,0.1680695846782562,0.27977836781485643,0.13567841264613986,0.009404428462768915,2.0
2021-04-08 01:57:23.080,0.34165002447850656,0.5602852745945446,0.2823916640675429,0.5473499449492135,0.2700803128808949,0.19189059794311808,0.7716955359089553,0.6957504700405326,0.9780583774582966,0.4908094553753181,0.22946539815309006,0.17901234287204584,0.24238222687671074,0.15075384900378683,0.0062695119741384515,2.0
2021-04-08 01:57:23.100,0.3805148062181735,0.6036450745592923,0.2727401800002368,0.552881922172248,0.2866175327490281,0.1527436569537665,0.8021377448539164,0.6825479354149048,0.9565272434906855,0.5425945390661239,0.2705636799794529,0.1820987556077161,0.2216066560569674,0.11055285690762351,0.021943612912607283,2.0
2021-04-08 01:57:23.120,0.3886106286279333,0.5828518138608506,0.2957211533766529,0.5574165898854452,0.2879804664911721,0.13215349342957364,0.8271930686605952,0.6810763031644356,0.9402811459574733,0.6037468930868759,0.3140999826690529,0.18883276665656384,0.18975075243437603,0.05527642845381322,0.037617713851076116,2.0
2021-04-08 01:57:23.140,0.4310244670966917,0.5491926554414743,0.31950333271196335,0.5617789164215118,0.2775606446102275,0.11593114038210908,0.847435950468039,0.692338430730532,0.9305445228595349,0.6049840779054503,0.3498578041308015,0.21324353087178652,0.1772853248455739,0.0,0.015673940436907365,2.0
2021-04-08 01:57:23.160,0.4666421223240442,0.6843125780743288,0.3520371072784369,0.5278711865547221,0.6158636668058866,0.0844831372518714,0.8548567258284081,0.34267320759822345,0.7408748693880566,0.5431247617512177,0.3722644932111968,0.2446689104076552,0.16481989725677218,0.005025316976783452,0.009404428462768915,2.0
2021-04-08 01:57:23.180,0.3702262268060845,0.5776792717532331,0.31460623943552296,1.0,0.0,0.0,1.0,1.0,0.8710692964923552,0.47278188842206226,0.38875024162882843,0.2746913535590628,0.15373963536805355,0.030150872715299797,0.02351091065536128,2.0
2021-04-08 01:57:23.200,0.49102756525520225,0.67788432881738,0.3310213705450088,0.5936594950943069,0.2526920614991404,0.08360119387693707,0.8877597930585385,0.7193191581193991,0.9090854705209217,0.4605867637716159,0.4041911186678779,0.3041526340990526,0.1554709329363656,0.03768859089412328,0.02351091065536128,2.0
2021-04-08 01:57:23.220,0.5171332071739536,0.6353784101059828,0.37937604262027286,0.6031193753060804,0.26064595428110515,0.07799180861021458,0.8939104625761071,0.7106743887996397,0.9007272305102942,0.4832095968889736,0.4193998022572955,0.3299663255123005,0.15720223050467766,0.04522630907294677,0.02351091065536128,2.0
2021-04-08 01:57:23.240,0.5277571727443051,0.5724373651267664,0.42023130689823457,0.6066128547474916,0.26993265182333276,0.07590292877421165,0.8957582618963503,0.7005991408268016,0.8953847377049556,0.5063626552953853,0.4299646126729077,0.3535353455807353,0.15650961219757062,0.030150872715296873,0.03134788087381519,2.0
2021-04-08 01:57:23.260,0.5498412880268744,0.5694415627553019,0.4549836780207977,0.6191791608730305,0.39109443803943184,0.06753764583748491,0.8960483726555586,0.5711125197364988,0.8394658232759414,0.4989395379934009,0.43298313093907786,0.37317619797265006,0.15512465923987717,0.02010075333443335,0.03134788087381519,2.0
2021-04-08 01:57:23.280,0.5682017216322053,0.5544649249298139,0.46988568781113327,0.6348607797501975,0.2957671843526387,0.10086010926759763,0.864394013207127,0.6726770666489278,0.9103464716669405,0.46288439685366684,0.4311255808713325,0.3785072864166904,0.15650961219757062,0.05527642845381322,0.043887225825214565,2.0
2021-04-08 01:57:23.300,0.5432650633199545,0.5781600000536156,0.4928176879041227,0.6054370943594926,0.29889888209330556,0.07844426890677757,0.8907359112378088,0.669303086945228,0.8875498730005273,0.44238245158339534,0.43251874270944224,0.3866442108839098,0.159279730855348,0.07035186481146312,0.043887225825214565,2.0
2021-04-08 01:57:23.320,0.5919103752288761,0.54530266276669,0.522546508760927,0.6062807091823567,0.3171970498524802,0.07929649599952604,0.8884041455592362,0.6496381014876893,0.8815105911148801,0.44361963929525866,0.44087771373810053,0.398709308080189,0.16204984951312496,0.0854273011691101,0.043887225825214565,2.0
2021-04-08 01:57:23.340,0.6364429125527066,0.506890358033386,0.5510062934661872,0.6453307443012362,0.358096099728039,0.0697461038090018,0.8963165255731637,0.6059948081423157,0.8556198956464417,0.44291267282184466,0.44854010384770404,0.40600448403706363,0.16897503978637274,0.14572904659970384,0.043887225825214565,2.0
2021-04-08 01:57:23.360,0.6494397888282941,0.5031917401632725,0.5592423435169728,0.7312180649100987,0.32455860843501105,0.04091833156047649,0.9322020401137172,0.6417504106921581,0.8376452635554125,0.431601256986488,0.4526034925421907,0.4090909036625607,0.17313018231597332,0.15075384900378683,0.015673940436907365,2.0
2021-04-08 01:57:23.380,0.6589945637142143,0.4998760951285125,0.5680185273671104,0.7843478663813147,0.2967931276769343,0.03791638905403048,0.9379579921480582,0.671571421901266,0.8444359418160636,0.43336866304351174,0.45457713942977857,0.4104938193775413,0.19113570539206948,0.22864317470772175,0.043887225825214565,2.0
2021-04-08 01:57:23.400,0.6598927110262915,0.4954452871756244,0.5752218830758106,0.7415426027072483,0.3093449777139274,0.06291968498532863,0.9081102610668639,0.6580665551236,0.8675977920570808,0.4369034852840705,0.4508620402445535,0.39786755727323525,0.19598335985758206,0.2487436707558034,0.03918501159383011,2.0
2021-04-08 01:57:23.420,0.6516625446483658,0.49817507193368016,0.5699840621639558,0.7278902033297923,0.32777622174451826,0.08104299075090687,0.8803391711863714,0.6474676491588494,0.8873846265783195,0.4457405300356339,0.44470890974316807,0.37766553560973665,0.20083101432309425,0.26884416680388507,0.03448279736244565,2.0
2021-04-08 01:57:23.440,0.6434323782704402,0.5009048566917359,0.564746241252101,0.7142378039523365,0.3462074657751093,0.09916629651648509,0.867269499555374,0.6259187263740379,0.8883039759979635,0.4644750645472871,0.44450574007087723,0.3571829330424356,0.20360109752380634,0.2776382142269059,0.02664582714399174,2.0
2021-04-08 01:57:23.460,0.6252217122437482,0.5109840168628951,0.5434935076349425,0.7131347428351897,0.3619037117934531,0.09797300749056806,0.8541998279243768,0.6043698035892265,0.8892233254176077,0.48320959905894034,0.44430257039858645,0.33670033047513453,0.20637118072451843,0.2864322616499267,0.01880885692553783,2.0
2021-04-08 01:57:23.480,0.6100016976140611,0.5241444343697739,0.5229866365712756,0.712031681718043,0.377599957811797,0.096779718464651,0.866873931115497,0.5849291764344199,0.8707669145335568,0.512902068700871,0.44517329702253794,0.3128507234742989,0.21191141804007277,0.26130670591141325,0.015673940436907365,2.0
2021-04-08 01:57:23.500,0.6065281766708663,0.526449663294751,0.5190070153442075,0.7109286206008961,0.39329620383014086,0.09558642943873398,0.8602543190259592,0.5527303451754905,0.8605934330780577,0.5247437101146104,0.4454054906622229,0.3134118906789347,0.2195290847921673,0.26884442409023673,0.015674020687688098,2.0
2021-04-08 01:57:23.520,0.6030546557276717,0.528754892219728,0.5150273941171393,0.6191267920070513,0.4700622090859978,0.11975069465259645,0.829532147600557,0.4889378743465526,0.8505361939333533,0.5123718460157771,0.4416903905267321,0.3240740698636243,0.2233379890823447,0.2625626492260845,0.02194365303799742,2.0
2021-04-08 01:57:23.540,0.5987526996571746,0.5332713466049875,0.5089911417687023,0.6162341262826008,0.4776824649827162,0.12740317782057659,0.8233739955331412,0.49195775907569556,0.8563326395537221,0.48338633778400486,0.4349567759261342,0.331930406135308,0.22714689337252172,0.25628087436192937,0.0282132853883072,2.0
2021-04-08 01:57:23.560,0.5913598294658898,0.541303818799043,0.4978125742629961,0.6143459906237514,0.46422224330576134,0.1307917309982776,0.8172158434657253,0.49497764380483833,0.8621290851740907,0.4930187169730916,0.4333314204483396,0.3349700625543449,0.22991694111616892,0.2763821422690602,0.03134796112459592,2.0
2021-04-08 01:57:23.580,0.5893330525832156,0.5434076430214987,0.4950623885649959,0.6124578549649015,0.45076202162880646,0.13418028417597858,0.8143821846839838,0.48692457127479605,0.859426570159633,0.5026510961621782,0.43170606497054487,0.3380097189733818,0.23337953625279262,0.27889467211427466,0.027429516140759332,2.0
2021-04-08 01:57:23.600,0.5958889009286354,0.5366949096890967,0.5048325993995267,0.6134603220145699,0.4932956545901556,0.1282373842422008,0.8115485259022424,0.4788714987447537,0.8567240551451752,0.4998674270208309,0.42813608776038875,0.33995042264379227,0.23684213138941632,0.281407201959492,0.023511071156922744,2.0
2021-04-08 01:57:23.620,0.5926503113129469,0.5409902192466086,0.49962121808036103,0.5789648706473138,0.51541160797056,0.14548105336308279,0.8087148671205009,0.4708184262147113,0.8540215401307176,0.49708375787948356,0.4245661105502325,0.3418911263142028,0.23407201273163936,0.29145744998353285,0.03213169024675365,2.0
2021-04-08 01:57:23.640,0.5923266186912705,0.5413126625187183,0.49874104464642277,0.5974081140638333,0.4884737632151958,0.14521983844508593,0.8058812083387593,0.4627653536846691,0.8513190251162599,0.47750970411281524,0.42082198811981536,0.34111952083367636,0.23130189407386237,0.3015076980075766,0.0407523093365841,2.0
2021-04-08 01:57:23.660,0.5920029260695941,0.5416351057908282,0.4978608712124846,0.6158513574803532,0.4615359184598317,0.14495862352708908,0.8164792053308652,0.4845037132034022,0.8558908744537397,0.45793565034614686,0.4170778656893981,0.34034791535314984,0.23268698885981576,0.3015076980075766,0.05015673779935347,2.0
2021-04-08 01:57:23.680,0.5903725418132086,0.5415495952778367,0.49719053371009614,0.6502186638194933,0.4473244988785865,0.13254983606824336,0.8270772023229709,0.5062420727221354,0.8604627237912196,0.46827499125883154,0.4169617689930902,0.3410493750479273,0.23268698885981615,0.33417122921126224,0.0031349164886300064,2.0
2021-04-08 01:57:23.700,0.5883416154275429,0.5428568831018992,0.4953723462038144,0.6845859701586333,0.4331130792973414,0.12014104860939763,0.8376751993150766,0.5279804322408687,0.8650345731286995,0.4874121030974875,0.4191934078581163,0.3441202068001411,0.23684213138941673,0.33040224147867614,0.0015674582443150032,2.0
2021-04-08 01:57:23.720,0.5892179412291754,0.541841522316853,0.49664308952385,0.7250250973822866,0.4313612413964394,0.10213506887461407,0.8439855146201568,0.5414993743340595,0.8669049811313806,0.5065492149361435,0.4214250467231424,0.3471910385523549,0.2409972739190173,0.32663325374609004,0.0,2.0
2021-04-08 01:57:23.740,0.5900942670308077,0.5408261615318068,0.49791383284388574,0.74152114734155,0.4119262854981657,0.10240628745010566,0.8502958299252369,0.5550183164272503,0.8687753891340615,0.5256863267747993,0.4236566855881686,0.3502618703045686,0.23857342895772837,0.3278897116334617,0.014890331690920963,2.0
