2021-04-27 15:37:13.940,0.3513805360246149,0.3682164866291361,0.11693053200517022,0.8581945186198655,0.16224645251210082,0.4092681823810769,0.9056867682073192,0.7771540553798268,0.8955186146390653,0.6426189332566946,0.30018136494285225,0.47556564357739634,0.7562644196823547,0.44607824313725397,0.051655580064676104,6.0
2021-04-27 15:37:13.960,0.6520535080700165,0.4665664059837021,0.41614726121011775,0.8630347431061053,0.16713673842551785,0.40605467434725107,0.9212422805632777,0.7706418962989446,0.8882994401679701,0.6456135562498082,0.32557434981169037,0.47128126378957286,0.7585422950524469,0.4117647058823529,0.056953661307515197,6.0
2021-04-27 15:37:13.980,0.2890027465680497,0.34898058142348914,0.49539339284518713,0.8666722407319707,0.1736664147325954,0.4057237724020801,0.9218804176594919,0.7619613190137108,0.8866362013616007,0.6454774370658952,0.3006851940240748,0.47369122933801044,0.7448746929457589,0.43137229803921634,0.046357634450980824,6.0
2021-04-27 15:37:14.000,0.36493243205569126,0.39320982457805553,0.12808533663925517,0.8738886298952149,0.19102540444411079,0.40236587905625504,0.9355871631863546,0.7389701056363539,0.8768609408507818,0.6481998218583057,0.3021966812677426,0.46806798223633983,0.7494306769433668,0.4117647058823529,0.05298013428267188,6.0
2021-04-27 15:37:14.020,0.6491122360167693,0.4678563810453964,0.4600198144103233,0.8786031299011372,0.19475373902605295,0.3996445175004484,0.9481865705524628,0.7340493900505387,0.8704264725018359,0.6500034017832775,0.30390970026761627,0.47784171691505806,0.7380411834641947,0.3970587607843153,0.055629107089519424,6.0
2021-04-27 15:37:14.040,0.2837800002934861,0.37550947284700503,0.52797902952165,0.8818123242639874,0.20006070045227825,0.39942879420515726,0.9482077138603002,0.7270558390134928,0.8690578282472308,0.645817735109239,0.2900040166773764,0.47583341484840924,0.7425969342043789,0.3970587607843153,0.04370852601498928,6.0
2021-04-27 15:37:14.060,0.34756627111131544,0.4080031000685496,0.15507867073772372,0.8884846540391311,0.2173974758131953,0.3960787086361066,0.9606500695374336,0.704303322952478,0.8586449264907076,0.649561014254511,0.3060257814602544,0.4731556846042281,0.7289294487264031,0.4117647058823529,0.046357634450980824,6.0
2021-04-27 15:37:14.080,0.6180126562501495,0.4672383438927516,0.4529830230466961,0.893197809997157,0.22279144344593088,0.39319181105871753,0.9736788714323551,0.6933383531686979,0.849959964800153,0.6439120655874289,0.27720675801432293,0.48145665975832336,0.7266516899850232,0.3970587607843153,0.051655580064676104,6.0
2021-04-27 15:37:14.100,0.29494645149982246,0.3690014519585749,0.5970142997712397,0.8963177651798799,0.22879968219712005,0.3925983837734767,0.9811083742830441,0.6676186602282197,0.8400015295651624,0.6362893872773584,0.2721684663773174,0.47824337382157744,0.7266516899850232,0.3970587607843153,0.04370852601498928,6.0
2021-04-27 15:37:14.120,0.44466270432424715,0.4435430631757351,0.3107082106192674,0.9014669806773233,0.24560346958276477,0.39021971669426203,0.989240611544627,0.6589171904386444,0.8334410284888609,0.6298237242309972,0.2806579868907857,0.4829294099679813,0.7107062125082431,0.4166663529411758,0.0476820530398326,6.0
2021-04-27 15:37:14.140,0.38383566700282257,0.4347531278315924,0.6336486514907871,0.9067942265190561,0.25384590621611297,0.38649434754606177,0.9973728488062099,0.6502157206490692,0.8268805274125594,0.6233580611846362,0.289147507404254,0.4876154461143851,0.7198179472460345,0.40686255686274414,0.062251606921210484,6.0
2021-04-27 15:37:14.160,0.28557460485699915,0.3769171518296141,0.5319245432749646,0.9106668205228161,0.2643794324135517,0.3850435231968072,1.0,0.6251633263545222,0.818155624424093,0.626897160857694,0.29383311769466797,0.5154638862424039,0.7220957059874146,0.46078418823529443,0.07549660658459241,6.0
2021-04-27 15:37:14.180,0.5131020340850286,0.38299151395674114,0.4249523988129746,0.8066513094260626,0.2783849612277679,0.404802983161888,0.8001477025391109,0.6259587314309749,0.9013785036437122,0.6324099895052494,0.29544537157935996,0.5221582234691661,0.7243736979862189,0.42647065098039344,0.062251606921210484,6.0
2021-04-27 15:37:14.200,0.3970259638854845,0.36884606132993014,0.4109217874534582,0.7024724461080895,0.2954583779011186,0.40386706077721224,0.9043203193100428,0.6039279035718577,0.8577179856317729,0.6428911715131054,0.2940346501519368,0.5165349811893597,0.7175399552472309,0.4362744470588251,0.05960263411436274,6.0
2021-04-27 15:37:14.220,0.37037655504186157,0.3521100268991656,0.424760860897506,0.7053774712315647,0.30498648311193854,0.3956169037363307,0.9443584744632432,0.5869023684337847,0.832859188232408,0.659021301965213,0.2988714093316735,0.5047529488275057,0.7198179472460345,0.40686255686274414,0.05960263411436274,6.0
2021-04-27 15:37:14.240,0.3437271461982386,0.335373992468401,0.43859993434155364,0.70828249635504,0.31451458832275836,0.38736674669544907,0.9843966296164435,0.5698768332957119,0.8080003908330431,0.6648063707632367,0.30411123260116807,0.49779083879550096,0.715262196505851,0.3921566117647065,0.060927120517786613,6.0
2021-04-27 15:37:14.260,0.3211435021324052,0.37225380764106564,0.4328039375133544,0.7135102546514348,0.33085261743150873,0.3807087431289124,0.9868816597035708,0.5568850647679939,0.8018057178766176,0.6494248950148904,0.3030028069729189,0.49591642455611507,0.7243736979862189,0.3872544627450977,0.04370852601498928,6.0
2021-04-27 15:37:14.280,0.3190957902963834,0.4614378808040857,0.4138615410085409,0.7174859623297536,0.34373389673463184,0.38103157099635115,0.9893666897906984,0.5438932962402757,0.7956110449201921,0.6307765597439546,0.2983675794256712,0.5002008021521821,0.7277904527270009,0.4117644549019614,0.051655613971961965,6.0
2021-04-27 15:37:14.300,0.31850690971982365,0.4673380547326241,0.4150752344521799,0.7227100832965283,0.3626123727965985,0.3807669696242069,0.9830021533106262,0.5208935067870902,0.7898374640417615,0.6253317901591338,0.29947600340436087,0.5007363468859645,0.7220957059874146,0.3970587607843153,0.05960263411436274,6.0
2021-04-27 15:37:14.320,0.3261688195085862,0.44866063487922586,0.41600251836064855,0.7267482584009364,0.3778307934205544,0.3804303261746152,0.9780604612427635,0.502577500655304,0.7847167811180505,0.6305043207076377,0.3021966812677426,0.49457755724226804,0.7198178306173224,0.4129899921568636,0.06324502258470727,6.0
2021-04-27 15:37:14.340,0.31723858313958697,0.4573715164346977,0.4174405759765137,0.7305961555245983,0.39173792856626055,0.38043930511790564,0.9720542587381733,0.4860158730766692,0.7806193717606306,0.6320696925203496,0.30652961219103647,0.4929709164656516,0.7175399552472302,0.4289212235294119,0.06688741105505179,6.0
2021-04-27 15:37:14.360,0.3079514648631222,0.5033784838449112,0.41911687758164523,0.7341648266977642,0.4045697014160987,0.3808761307089871,0.9646558044843253,0.47088917041790124,0.7776713723344436,0.6041652467269152,0.3125755603409276,0.503681854976428,0.7266516899850232,0.5147058196078447,0.0953642145829805,6.0
2021-04-27 15:37:14.380,0.31718472913856766,0.602631229423275,0.40869971744086075,0.7383830370179071,0.42163016623656246,0.3811962690761763,0.9556198962334551,0.45101472726206354,0.7729670612677212,0.5282787767663076,0.3213421871789802,0.5267103723362461,0.740319175462999,0.6225485803921565,0.1218542681614021,6.0
2021-04-27 15:37:14.400,0.3180976389089232,0.7335217306808841,0.38970203008120335,0.7450552939904566,0.4521131570156469,0.38051078252578285,0.9435853959665583,0.4162080174910915,0.7613233281230007,0.41148844020395886,0.32517128489715286,0.5620564720519161,0.7699316719029069,0.7499999372549035,0.1986754696527335,6.0
2021-04-27 15:37:14.420,0.2970988104970696,0.8824884173383368,0.40813588658288014,0.7558777804605845,0.5033178869744387,0.3774438794433535,0.9277592793318554,0.3599138770530591,0.7365743834252922,0.2787041403376403,0.298770643515429,0.6415851904944311,0.785877149379687,0.897058886274511,0.3019867247224865,6.0
2021-04-27 15:37:14.440,0.23657028680848297,1.0,0.4588906813566292,0.7726038685114582,0.5809913285493725,0.3693244887209832,0.9071212564696267,0.2802379691597439,0.690146773246556,0.0868440759920448,0.22223900525293971,0.6397107762550452,0.7881551413784913,1.0,0.4516556278061348,6.0
2021-04-27 15:37:14.460,0.24688240415234783,0.9868864580926066,0.45802722858794975,0.8006612043626787,0.6810688422275281,0.3502491977439652,0.8835357963717082,0.18897067455412025,0.6131936602664553,0.0,0.1115477660056964,0.5671441678445349,0.7927108921186748,0.9264707764705892,0.6079470035956451,6.0
2021-04-27 15:37:14.480,0.29734271658347455,0.8009027516614118,0.47574857792686676,0.8503070295413047,0.7820280726828964,0.309241429591658,0.8588767372208496,0.11142087553222516,0.5024519302648178,0.05097666805062866,0.04131398466025133,0.4967197471361797,0.7904329001198712,0.76960803137255,0.7403973393023249,6.0
2021-04-27 15:37:14.500,0.34186416730350583,0.4974064507438948,0.5385680365700993,0.9248562701780441,0.8391823636980162,0.24014979944749382,0.8099871566930544,0.07930575573912156,0.3095185841256474,0.15034372411512553,0.010781949761180907,0.39443027997475183,0.8086561363380314,0.48529392941176375,0.8649006589354781,6.0
2021-04-27 15:37:14.520,0.4215395287410969,0.24011534461004827,0.5556865112057943,1.0,0.8235767824026575,0.1659005889880064,0.7452697660618244,0.12387103268512892,0.14371840619938187,0.2991900842293016,0.0,0.2792877019426874,0.8291573645549951,0.2401960156862761,0.9377483428960062,6.0
2021-04-27 15:37:14.540,0.5025808417167593,0.13958889688370624,0.5623074420114207,0.04071014674678943,0.7643637008336068,0.11389354559257828,0.7209398110149018,0.14543285509953974,0.10842829095834221,0.4680460104488477,0.01551793405209585,0.1836925560081995,0.8405468580341672,0.0686273254901964,0.9854304637504109,6.0
2021-04-27 15:37:14.560,0.5632116296833343,0.10475181311359165,0.5301031992132852,0.0646954374866102,0.7077507933581874,0.08293258757167572,0.6966098559679792,0.16699467751395045,0.0731381757173026,0.599264955214728,0.03153970130931309,0.10871598643276441,0.8701595877314995,0.058823529411764705,1.0,6.0
2021-04-27 15:37:14.580,0.5110104579738741,0.11966914013865051,0.44571202645655095,0.9019279891058197,0.6730765647336354,0.09973312461287012,0.8199650644414955,0.19600283869771154,0.1032214035460021,0.6686857690924216,0.029524393232220243,0.02677730244181167,0.8906605826910395,0.03921543529411828,1.0,6.0
2021-04-27 15:37:14.600,0.45300830376717416,0.35229247909553574,0.4122741544784183,0.9379604571588512,0.6818284452594034,0.062050298199908656,0.6768496110583307,0.19191691480294432,0.04452709154672991,0.708568700173401,0.01773478530859421,0.0,0.9316630391249676,0.05637245490196174,0.9754966889114829,6.0
2021-04-27 15:37:14.620,0.4711473456806065,0.48978236959694377,0.3694987149377771,0.9496689904041421,0.7029373972568765,0.04547714871480783,0.6085470068340983,0.1764280053193142,0.04137272613088662,0.711018847600722,0.007557440342237352,0.032668327389764634,0.953303146712622,0.09436260392156934,0.9695364238046823,6.0
2021-04-27 15:37:14.640,0.5322916396189356,0.5661856387703686,0.30426423635688,0.9627704052861628,0.7280255078418746,0.027554285589679955,0.5402444026098658,0.16093909583568408,0.03821836071504332,0.6820254540181571,0.016827890488054303,0.06292675279202929,0.9749432543002757,0.13235275294117693,0.9635761586978817,6.0
2021-04-27 15:37:14.660,0.5958670810279918,0.5624929392200196,0.23505307005445344,0.975534884161132,0.743813262456049,0.00998832151788977,0.4437092125801279,0.1389637840509677,0.04672792678151456,0.640441025199936,0.0499798382590417,0.07015661217748209,0.9931664905184358,0.11764680784313788,0.9708609275008219,6.0
2021-04-27 15:37:14.680,0.6218635672667244,0.5409361040380222,0.20342908310830418,0.9792230355920964,0.7442461033413583,0.0,0.40994581601494345,0.13863891067000458,0.04588241366060979,0.607364049972149,0.08323254937193432,0.06908554462748215,1.0,0.0686273254901964,0.9748344368938765,6.0
2021-04-27 15:37:14.700,0.5663372637375587,0.5325829451112984,0.18075946775425422,0.9834495062066031,0.7362354442545409,0.9946662846061232,0.37856502574222783,0.14469179285709013,0.040510180329589765,0.5934798847454769,0.10993551129622466,0.08274194081832334,0.9931664905184358,0.04411758431372707,0.9801324503221437,6.0
2021-04-27 15:37:14.720,0.5242077397325996,0.6580473682149561,0.15904654823129635,0.9881060161459914,0.7231552852415861,0.9860263661371591,0.34767564101549203,0.15478301002422096,0.03281153441370557,0.6001497308293371,0.14500200380239958,0.12023026944117024,0.9886105065208278,0.05392138039215591,0.9841059597151984,6.0
2021-04-27 15:37:14.740,0.5503774760936551,0.7250588998700607,0.13663539292830593,0.9930553325198297,0.7109025195322854,0.9782992325429474,0.318817007877235,0.16446759037558253,0.026591332065022837,0.6465663909271518,0.19719869331793963,0.17806931986531124,0.9681095115612878,0.08823541960784283,0.9814569543573562,6.0
2021-04-27 15:37:14.760,0.6065244248214687,0.6878728131563472,0.15105327758426756,0.9992304765772634,0.7110506152029413,0.971441076618801,0.29441774586886327,0.16434917615666644,0.029139070568195976,0.7094534757880101,0.2600765692527553,0.24233495092996993,0.9430525326041398,0.13235275294117552,0.9721854301797429,6.0
2021-04-27 15:37:14.780,0.6215360176394016,0.6551330254120449,0.16490948202712016,0.0,0.7271095178676411,0.9648443975618433,0.27489116958265614,0.15170507094507327,0.042648581769556805,0.7336827015546147,0.3124747953494629,0.3012451127392403,0.9225515376445997,0.2009803294117663,0.9509933764666741,6.0
2021-04-27 15:37:14.800,0.568469615754129,0.6876023871553392,0.1258550556128583,0.011802112580083894,0.7468468771181629,0.9578962012405386,0.2569362024234239,0.13669527701975517,0.05934041384071307,0.6786565020019355,0.36159813118105405,0.4091578193311912,0.9020503094276354,0.1911765333333346,0.9536423831808077,6.0
2021-04-27 15:37:14.820,0.5547760284559278,0.7618087835445628,0.08727913136729193,0.025059605024084594,0.7559273449131985,0.9509764475346262,0.2376539365582523,0.12998807970105256,0.06945634052150447,0.6526747422786372,0.4071190864013696,0.4744945458907448,0.8747153384716837,0.1568624941176477,0.9523178798237409,6.0
2021-04-27 15:37:14.840,0.6588525080429308,0.8222891668904573,0.09344913868749377,0.03765949403372933,0.7499575771412439,0.9459406267096069,0.2196951916610794,0.13438337047648047,0.06887065625273486,0.6266929825553389,0.4526400416216852,0.5398312724502985,0.8223236218160072,0.17156843921568532,0.9536423831808077,6.0
2021-04-27 15:37:14.860,0.7360137153663937,0.7549100099695796,0.1474500426702775,0.05039675593879463,0.7369205562070037,0.9433378764369691,0.20653168885828846,0.1441701680996727,0.062327374718535236,0.6332947651198585,0.5587968451184874,0.6330164385899317,0.7630981624213433,0.1519603450980389,0.9509933764666741,6.0
2021-04-27 15:37:14.880,0.6937474184362328,0.6336836638318722,0.19067379229202353,0.06469608150956065,0.7235940317024947,0.9424242271297879,0.19848244158509878,0.15444038229741422,0.05454825578663451,0.6446947511595393,0.5834088975919648,0.675190754044662,0.7084282205094388,0.13235275294117552,0.9403973496101398,6.0
2021-04-27 15:37:14.900,0.6109001692537654,0.6279596075671744,0.27489817734775296,0.08176949393768596,0.7142658817202416,0.9409592372426714,0.19221862390734945,0.15950207102315825,0.05146482087747408,0.6560947371992202,0.6080209500654421,0.717365069499392,0.6765377320707265,0.17647058823529413,0.9350993361818726,6.0
2021-04-27 15:37:14.920,0.6645936928622149,0.6202623133517889,0.24526056160190002,0.09992688099433114,0.7073214462791926,0.9393348571696905,0.18595480622960012,0.16456375974890228,0.048381385968313644,0.6464983313630491,0.6559854390084036,0.7420002368412038,0.5831435589811225,0.1519603450980389,0.915231785147725,6.0
2021-04-27 15:37:14.940,0.5804446429325057,0.689443718358691,0.0768209161575102,0.11664277668198979,0.6961198078435988,0.9405811177674577,0.36168055027112034,0.13746458009302043,0.06941470961687152,0.6124344919265513,0.8640668536772269,0.8132279932801624,0.4851938684087579,0.147058698039216,0.887417215327468,6.0
2021-04-27 15:37:14.960,0.537563264628422,0.7055511951457688,0.0,0.5082474559063387,0.7803666960789751,0.02103756653236637,0.3986252713432925,0.12733925589308456,0.05640558580967029,0.6100864342074837,1.0,0.9272994818446622,0.3917996953191532,0.1421570509803931,0.8715231750426664,6.0
2021-04-27 15:37:14.980,0.31618030676017256,0.6024841453060529,0.07719604795125269,0.31747284946246346,0.734078507727324,0.5057254775647577,0.3595778432964241,0.17240487314681346,0.01743730665583762,0.6692302449367522,0.9937524583591386,0.9733565262080267,0.31435099970632924,0.16666679215686242,0.8172185407936563,6.0
2021-04-27 15:37:15.000,0.11250654657159118,0.36138535552748596,0.230778730116287,0.1266982430185882,0.6877903193756729,0.9904133885971491,0.3621301091024746,0.1945239224542544,0.0,0.7422582147648592,0.937222879159292,0.780024077321486,0.2528475483128611,0.2254900705882356,0.7403973393023249,6.0
2021-04-27 15:37:15.020,0.041917118449803586,0.0,0.5161171047194077,0.17540555875249172,0.6788122083727284,0.990914787290646,0.36280740766311637,0.18496672953432083,0.0075916620910672075,0.7800993700642738,0.8795847959771201,0.5741062778765396,0.19362208891819663,0.2647057568627454,0.6781456916923712,6.0
2021-04-27 15:37:15.040,0.09416156512922168,0.009623714836337834,0.6380256735975475,0.1976394150781957,0.7165923395549739,0.9910211124793621,0.36348470622375817,0.17540953661438724,0.015183324182134415,0.765738791955536,0.8011889859902087,0.4370062627468447,0.15717538322445246,0.3186273882352957,0.5933774768400961,6.0
2021-04-27 15:37:15.060,0.09661980290751411,0.4055225141353442,0.7259598765606969,0.20739042656524104,0.7635459285339089,0.9969827404353967,0.38713392141122666,0.12445941793598156,0.05925428158434136,0.7251752462929532,0.6800684963085744,0.3475699239901049,0.10136679519928225,0.27941170196078446,0.5357615723308691,6.0
2021-04-27 15:37:15.080,0.0,0.566881377777896,0.887114845830355,0.21470481922093776,0.8016009492682186,1.0,0.3969940860163874,0.09819835242183164,0.0862225404126448,0.6889675357958794,0.5568319022167523,0.30606504821962854,0.06605920213365207,0.21568627450980393,0.49403973523227224,6.0
2021-04-27 15:37:15.100,0.08365630219774672,0.5254958243330592,1.0,0.22000462408478388,0.8319624129485483,0.9998917786369245,0.39674536493098816,0.07889984570943952,0.10835075434062319,0.670046960931551,0.4483071189461888,0.2945507871287874,0.025056978957147983,0.20588197647058917,0.4966887080391198,6.0
2021-04-27 15:37:15.120,0.2191909959768374,0.5500821818115746,0.9954017136160352,0.22473150053175295,0.8581145700686632,0.996165740250715,0.38726115201767786,0.0634805078240033,0.1278598077653408,0.6639215957057033,0.3483474259325104,0.32641581385605206,0.02733497095595162,0.181372235294117,0.49139070817376707,6.0
2021-04-27 15:37:15.140,0.33286599519937915,0.642884537993437,0.916362340529312,0.23116327373442278,0.8825101378444844,0.9871873546585839,0.3666777780928676,0.050117714998786984,0.14697633854020506,0.6651466683052123,0.2617895889536918,0.3904136692661848,0.009111734737791541,0.181372235294117,0.49536422163569604,6.0
2021-04-27 15:37:15.160,0.43146953557036466,0.683431733553956,0.8542658663973725,0.2411967312867161,0.9060132206191523,0.9717192565513034,0.3352879302675671,0.03819053234889102,0.16765426691930876,0.6701830812853231,0.19478032362542827,0.4739590006090234,0.0,0.181372235294117,0.5033112349966397,6.0
2021-04-27 15:37:15.180,0.5467312214791519,0.7292786403755595,0.771813375403309,0.2564468587402581,0.9276540264085046,0.9489539266159889,0.29522665275283366,0.028039822549196368,0.1912916199834297,0.6782141158658582,0.14540507366561561,0.5462578355567644,0.01366748547797581,0.1862743843137258,0.5086092619878212,6.0
2021-04-27 15:37:15.200,0.623824091798722,0.7143056172103277,0.6829641249594084,0.2777166295098092,0.9449784170082314,0.9188450201205013,0.2498294556740572,0.020494433218823754,0.21855051629199512,0.7227591334106814,0.09875049167182769,0.6547060835948629,0.043280215175308064,0.1960781803921575,0.5086092619878212,6.0
2021-04-27 15:37:15.220,0.6755792332122506,0.6435794986743036,0.6129159899674939,0.29222232103463236,0.9511145447144499,0.8996319079409578,0.2015221578358953,0.015463827576629148,0.25245696610938473,0.7554447681921315,0.0880189318293969,0.705047507746051,0.06264244739286996,0.22916643137254925,0.5033112451688254,6.0
2021-04-27 15:37:15.240,0.7420749500531203,0.6086788602809655,0.5466693348506306,0.3067280125594556,0.9572506724206683,0.8804187957614146,0.1527391856740161,0.013954189047001644,0.2956039755805474,0.7881304029735815,0.07728737198696616,0.755388931897239,0.08200467961043185,0.262254682352941,0.49801322834982964,6.0
2021-04-27 15:37:15.260,0.8133452846102535,0.6224213947792974,0.478995674949339,0.36662101990666535,0.9560419197284844,0.8066958015715995,0.10761385546013905,0.017985359992759343,0.34868841954294105,0.8651398630674297,0.07753929271342558,0.8078725349835566,0.1207289107881323,0.3137252392156869,0.47814568138455626,6.0
