2021-04-27 15:10:36.020,1.0,0.5314908806542289,0.5237717138402757,0.7470160680483272,0.049887704149996735,0.897963787484468,0.42481352531829186,0.9178699587715354,0.9899407405531105,0.6407519641072468,0.642255943046456,0.4699934713969366,0.9492600409102077,0.03698952802991566,0.023343344578313108,4.0
2021-04-27 15:10:36.040,0.4705124214447728,0.4116910670483617,0.7263249854320324,0.7457318079922602,0.039815997140655764,0.8987909382099362,0.4226908321292332,0.9341696061910395,0.9931750877741596,0.6288659731282255,0.6200009619426505,0.4833659435120862,0.9534885332022269,0.0280607420240296,0.02710839518072277,4.0
2021-04-27 15:10:36.060,0.657743634831247,0.4644175242958196,0.12111044721845868,0.7475894796963232,0.044701836282187817,0.8916594194693507,0.450835498463517,0.9262534260128285,0.9889187309333904,0.6185566952382578,0.6118217800747581,0.4830397864630223,0.9513742870562173,0.03571409912531473,0.024096385542168676,4.0
2021-04-27 15:10:36.080,0.930604201293051,0.5149713725374018,0.7476915111881068,0.7464434100502579,0.03746627048882078,0.8869119149865403,0.47089485299085976,0.9379828084304903,0.9889143636768718,0.6265615463057621,0.6395929546330074,0.4915198905618718,0.9534884249569805,0.033162980091552524,0.021837339759036168,4.0
2021-04-27 15:10:36.100,0.37598426958408043,0.3982553034554371,0.49253644830064436,0.7455376097980984,0.03312203567089972,0.8886411218374226,0.476485693952384,0.9412359217100632,0.9888389837554453,0.6147968399562389,0.6087783638554342,0.5078277835935872,0.9556025628577437,0.030611861057791807,0.019578293975903664,4.0
2021-04-27 15:10:36.120,0.8173207201788887,0.4759829285402833,0.20666958370703878,0.7458609546031431,0.03380328920615672,0.8798800768762925,0.48207653491390823,0.9444890349896362,0.988763603834019,0.6152819824451786,0.6093490051750171,0.49673841616116376,0.9630020996330375,0.04591805281124583,0.015813243373494,4.0
2021-04-27 15:10:36.140,0.791251525791767,0.42864059384973535,0.8520785078704869,0.7447363929665215,0.02867915221283907,0.8761348303015637,0.5153927205027854,0.9522772300546695,0.9861561906050876,0.6291085443726953,0.6160540311439852,0.48255054928764274,0.9450317651086819,0.040816337192839135,0.024096385542168676,4.0
2021-04-27 15:10:36.160,0.40499750771102033,0.33569694600375033,0.4032664369204027,0.744665202034994,0.027321604888878227,0.8768322609422127,0.5128055943219189,0.9544904515999313,0.9868780050349314,0.6160096971713248,0.6073517632810859,0.4549902140364672,0.9534885332022269,0.05867312553093764,0.022590303614457758,4.0
2021-04-27 15:10:36.180,0.8982639048560704,0.4750991947405202,0.301645028601531,0.7446907391728912,0.023600285485886795,0.8678689561765535,0.5491924407993037,0.9605635881381337,0.9830798521567685,0.6243784049069864,0.631413772765115,0.44031310811881913,0.9534885332022269,0.05867312553093764,0.018072289156626505,4.0
2021-04-27 15:10:36.200,0.7299644269689644,0.4475188449025182,0.8807063520563528,0.7441669959537115,0.018340035795856587,0.8640160652954446,0.5653925128917623,0.9691643327692997,0.9822482119646375,0.6299575437283397,0.6046887733107178,0.4439008444683324,0.9429175189626728,0.08163267438567827,0.024096385542168676,4.0
2021-04-27 15:10:36.220,0.38621328315338566,0.3330644508188974,0.39471424012191025,0.7448972102662424,0.01826529457171119,0.8643405089707741,0.5641142597064329,0.9692867053908285,0.9824563367957778,0.6338386836398568,0.6001236513171112,0.43868231886904036,0.9408034893071561,0.06377536359846205,0.018072289156626505,4.0
2021-04-27 15:10:36.240,0.8553994632635156,0.3999517505984167,0.5925592677465965,0.7455034346725808,0.014567566311020684,0.855874875401286,0.6086994665102508,0.9808017616900659,0.9774995006471736,0.6328683986619775,0.6170526524801806,0.43215916186992537,0.9492600409102083,0.07397931728439315,0.02710839518072277,4.0
2021-04-27 15:10:36.260,0.6917478854353627,0.34047184680191334,0.6798836243458055,0.7453607339576337,0.007917279363086848,0.8509164857501157,0.6334748574754081,0.9947298993469958,0.9756839390397144,0.6240145480402816,0.6128679547893805,0.43248531971988113,0.9386892431611464,0.05612200649717692,0.024096385542168676,4.0
2021-04-27 15:10:36.280,0.6679826582638,0.3553787032426366,0.6051601033184957,0.7458075541578634,0.001169745442517629,0.8455200265767387,0.6415447317321316,0.997364949673498,0.9746948628298066,0.6103092719335472,0.6097294322024327,0.42922374122032364,0.9302326915580943,0.05612200649717692,0.024096385542168676,4.0
2021-04-27 15:10:36.300,0.657741224819369,0.3512565026685498,0.5585076645573126,0.7465883391051323,0.0005848727212588145,0.8413231766222652,0.649614605988855,1.0,0.9737057866198988,0.6057004172958839,0.6136288092334413,0.4409654238187306,0.9302326915580943,0.07397931728439315,0.034638496385542096,4.0
2021-04-27 15:10:36.320,0.6339622620290072,0.28296658760696924,0.5610479757950186,0.7473691240524012,0.0,0.8371263266677914,0.6745983663392687,0.9992923909753918,0.9689722533086963,0.6177076958826135,0.6187645741035502,0.4549902140364672,0.9450317651086819,0.07142819825063094,0.019578293975903664,4.0
2021-04-27 15:10:36.340,0.606251072663997,0.26388345761580084,0.5861707381219525,0.7486189365095156,0.0014702270152190573,0.8323049708009818,0.6930332115391215,0.9968690127983951,0.9650160916578034,0.6147968399562389,0.6199058551857967,0.45205479338686544,0.9386892431611464,0.07653043631815387,0.01656628433734935,4.0
2021-04-27 15:10:36.360,0.5962483573471502,0.26195761641119936,0.5883650130987403,0.7494791699276518,0.0026286081688951814,0.8295844678078639,0.703301870489721,0.9949608816583366,0.9626453873118985,0.6019405639993383,0.6175281862644499,0.44846705703735223,0.93446096735962,0.08545883048720386,0.011295190361445759,4.0
2021-04-27 15:10:36.380,0.5818503181846987,0.244447838014364,0.5832128389436858,0.7500763795214067,0.00441415286824439,0.8281597603083415,0.7135023519325504,0.9890836892407171,0.9595651111732757,0.6061855607775603,0.6185743605898425,0.43509458251952715,0.9334038442866153,0.08864746805484701,0.019954833734939833,4.0
2021-04-27 15:10:36.400,0.5674522790222473,0.2269380596175286,0.5780606647886313,0.7506735891151618,0.006199697567593649,0.8267350528088193,0.7231969682813831,0.9835660588526743,0.9565860694726415,0.6303214005950444,0.6229492714829664,0.42596216539040554,0.9323467212136111,0.09183610562249166,0.028614477108433685,4.0
2021-04-27 15:10:36.420,0.5473763108665559,0.209809031218401,0.5668565428864998,0.7521244231969273,0.009556799060655605,0.8240094671165806,0.7310788137771396,0.9833592523128541,0.9548688785284041,0.6488781007969858,0.6258024741107366,0.4288975860400073,0.9323467212136111,0.0790812941273572,0.018072289156626505,4.0
2021-04-27 15:10:36.440,0.5273003427108646,0.19268000281927344,0.5556524209843682,0.7534529340982996,0.009682661614491507,0.8219341038618666,0.7340303517404521,0.9850266481683583,0.9545202139506083,0.6513038132416842,0.6278948227615218,0.43215916186992537,0.9260041992660757,0.07397931728439315,0.01054211084337342,4.0
2021-04-27 15:10:36.460,0.5076922587320585,0.196020389130325,0.5487051168977382,0.7545665388244499,0.007653047068454831,0.8205024691353169,0.7369818897037644,0.9866940440238624,0.9541715493728122,0.6369921108107013,0.6296067443848914,0.4429223709184651,0.9302326915580943,0.06632622140766539,0.012048192771084338,4.0
2021-04-27 15:10:36.480,0.48808417475325233,0.19936077544137654,0.541757812811108,0.7561989590587213,0.005652860351967183,0.819009821524563,0.7413838590936702,0.9902345255773861,0.9538212381245257,0.6266221896132479,0.6299871715679988,0.446999344042912,0.93446096735962,0.07695553574892695,0.014307238554217063,4.0
2021-04-27 15:10:36.500,0.48006285763587914,0.22754654618514666,0.5177356287102776,0.7573850062905936,0.008363351460576042,0.8183142162183206,0.7448237447362629,0.9897315187031135,0.9529775700783762,0.6162522684157946,0.6303675987511063,0.45107631716735885,0.9386892431611464,0.08758485009019,0.01656628433734957,4.0
2021-04-27 15:10:36.520,0.47475678836973667,0.23054745065947352,0.5090565713910064,0.7585710535224658,0.01107384256918485,0.8176186109120781,0.7484645738219109,0.9795776946645595,0.9503902927657706,0.6150394112007088,0.6344096356060117,0.4429223735881045,0.9397463662341513,0.08333307210877361,0.017319286746988148,4.0
2021-04-27 15:10:36.540,0.4878956170246192,0.2070978909258898,0.5201450944505492,0.7597571007543379,0.013784333677793711,0.8169230056058354,0.750421163175409,0.9707385859177914,0.9483716895273812,0.624651297507378,0.6380236931449186,0.43256686185200943,0.9408034893071561,0.0790812941273572,0.018072289156626505,4.0
2021-04-27 15:10:36.560,0.49912837673763805,0.2523473342267719,0.5139716622611115,0.7612196159268568,0.015559187367906017,0.8165918903999396,0.7507751155670703,0.9708112292528517,0.9483053931415415,0.6342631838140474,0.6416377506838252,0.4222113501159144,0.9524314101292221,0.09056080733016941,0.01054218795180718,4.0
2021-04-27 15:10:36.580,0.49774072598209795,0.2932309874109826,0.5005023560659927,0.7626821310993758,0.017334041058018324,0.8162607751940438,0.7512791786124035,0.9713269548743488,0.9482854183125466,0.6223165489318981,0.6424461573386235,0.40541421817355394,0.9704016364083313,0.09183610562249166,0.024096385542168676,4.0
2021-04-27 15:10:36.600,0.49366058208237934,0.28893248857191756,0.4993071068405492,0.7649926623483685,0.017551335461356902,0.8160314535300828,0.7522603790926223,0.9686391514771179,0.947575488547983,0.6195269802161372,0.6440629722051393,0.3982387454745274,0.9735728973820994,0.09438722465625386,0.012048192771084338,4.0
2021-04-27 15:10:36.620,0.5057086130050464,0.2940157012791843,0.5009903929956534,0.7668313507702418,0.018552916743566714,0.8157641594777305,0.7528706578895984,0.9676140571906422,0.9472495551823945,0.6192844089716674,0.6437776503776583,0.3923679068449633,0.9767441583558674,0.09693834369001605,0.0,4.0
2021-04-27 15:10:36.640,0.5046044853474141,0.3200569232849252,0.5008197685749124,0.768670039192115,0.01955449802577647,0.8154968654253782,0.7534809366865745,0.9665889629041663,0.946923621816806,0.6140691272155662,0.6417804100406465,0.3884540073062156,0.9809725424026395,0.10076502224065788,0.0030120096385543144,4.0
2021-04-27 15:10:36.660,0.48178819638554105,0.33467658208944023,0.4928991085235383,0.7711032970174555,0.02167108544144361,0.8150001213728642,0.7540912154835506,0.9655638686176905,0.9465976884512176,0.6086112722295217,0.6398782741251093,0.3943248539446978,0.9830866803034027,0.117346773510993,0.01656628433734935,4.0
2021-04-27 15:10:36.680,0.4783773309991245,0.3446601683324644,0.49112454183449955,0.7735365548427959,0.0237876728571108,0.8145033773203498,0.7555858346450808,0.9608320305681529,0.9453823382375882,0.600970279021459,0.6368348579057854,0.40084801094381284,0.9915433401517014,0.12308653011239984,0.015060240963855422,4.0
2021-04-27 15:10:36.700,0.47496646561270794,0.35464375457548847,0.48934997514546075,0.775552954883578,0.02759537331456428,0.8137761629216809,0.7572031733205975,0.9554779745814169,0.9440084422934599,0.5933292877988697,0.6336012281727539,0.40476190247364247,1.0,0.1288262867138052,0.013554197590361495,4.0
2021-04-27 15:10:36.720,0.4737400590028588,0.36251569708755405,0.4986073902883412,0.7775693549243601,0.03140307377201776,0.8130489485230118,0.7593021695697307,0.9478403016115305,0.9420694519935735,0.5956943559433454,0.6290361038437682,0.42514677076551616,0.9978859703444832,0.15816311070383213,0.019578293975903664,4.0
2021-04-27 15:10:36.740,0.47251365239300963,0.3703876395996196,0.5078648054312217,0.7801691790456565,0.038026786541680284,0.8117175185069511,0.7625129097076835,0.9370743534192082,0.9392194949405299,0.5894481459018791,0.6219030970952971,0.448793214887308,0.9936574780524646,0.1607139685130355,0.01054211084337342,4.0
2021-04-27 15:10:36.760,0.46993023764214314,0.39627611500368687,0.5167467566443376,0.7816261981294641,0.043798450793693135,0.8104362786807975,0.7668776968268318,0.9248183104479998,0.9357356413429675,0.5740448708853085,0.6173379727507422,0.4621656824640707,1.0,0.16836706438976323,0.012048192771084338,4.0
2021-04-27 15:10:36.780,0.48268752133038173,0.3892651469455462,0.5371718640895624,0.7830832172132716,0.04957011504570599,0.8091550388546437,0.7707431062271722,0.9119587723476509,0.9321497657693562,0.5469981801051335,0.6116315673395101,0.4699934713969366,0.9788584045018763,0.18622437517697946,0.02710839518072277,4.0
2021-04-27 15:10:36.800,0.4947612254686164,0.3873554619681324,0.5544781534606421,0.7856480473394186,0.06555220826174168,0.8059924874291202,0.7757369434835416,0.892668899597194,0.9267836246122797,0.5360824701330444,0.6003138640523592,0.4801043658134206,0.9767442666011131,0.2232140338191753,0.012048192771084338,4.0
2021-04-27 15:10:36.820,0.4840739163683101,0.4177574687352403,0.5764645180276483,0.7873794131130913,0.0788578569127783,0.8029899590468839,0.7824632402908828,0.8714120153033359,0.920314715387074,0.5556094582910754,0.5849065671066532,0.502935415310323,0.9661733606068056,0.2602036924613726,0.018072289156626505,4.0
2021-04-27 15:10:36.840,0.4853165662374309,0.45534843172425227,0.6524578360573736,0.7882548354759021,0.0889070222334368,0.7995085677974809,0.7916205608136123,0.8554519163772971,0.9142289076312288,0.5677380244855135,0.5708307655353612,0.5489236748237231,0.9460888340590632,0.2838007598499942,0.024096385542168676,4.0
2021-04-27 15:10:36.860,0.49284722204733783,0.5747387968581091,0.6941090539825984,0.7880361320645115,0.0968449600191236,0.7956496046133903,0.8025484241824028,0.8429041253582928,0.9083244484124589,0.5265009029982762,0.5421085296362508,0.6206784071532666,0.9260043075113215,0.30739782723861575,0.030120481927710843,4.0
2021-04-27 15:10:36.880,0.40883703679759714,0.695308665926814,0.8097004998321103,0.7872750615847937,0.11150611459119195,0.7904531537493675,0.8153770584473385,0.8198700245551584,0.8989891727047986,0.4531230965824711,0.47600932973051285,0.7488584288376794,0.8604651666256957,0.4132650875467981,0.051204780722891446,4.0
2021-04-27 15:10:36.900,0.27224082014366996,0.8925290416817698,0.9644730795880762,0.7859739139730639,0.13919137672299797,0.7809858419805688,0.8366216053636116,0.7768974819084884,0.8810849387791896,0.3303820627645277,0.31294879004456533,0.9409654238187306,0.7737843219967006,0.4923466428987141,0.0783132530120482,4.0
2021-04-27 15:10:36.920,0.16204021546044356,0.9187643323831074,1.0,0.7850102855823059,0.18515461312639905,0.7634440595270378,0.872306373681686,0.7071790236329696,0.8479575798207948,0.21419039099759352,0.16852916847429872,1.0,0.6807611719106615,0.5867343900040857,0.11897584578313246,4.0
2021-04-27 15:10:36.940,0.14747074497068713,0.7402002972878269,0.9529874971349188,0.7852802661752406,0.2449379173429053,0.7366423956430206,0.9183954201293627,0.6198446363694214,0.7979782380180434,0.09824134408291146,0.09596272000093348,0.904435747293326,0.5729387317835427,0.7244895933360571,0.1882529927710844,4.0
2021-04-27 15:10:36.960,0.14865695654275274,0.6036432760673062,0.816009891829402,0.7895018652255952,0.3193475860252225,0.6994071742936355,0.9621832053824971,0.5170715318006676,0.728148569828376,0.0,0.03604545539839858,0.7534246333977811,0.45243124776135313,0.8647959157017908,0.29066270843373504,4.0
2021-04-27 15:10:36.980,0.07548705025688912,0.48657747741692975,0.7865823857902351,0.8016124688017916,0.40434240330571564,0.6467756023833131,1.0,0.36046996249579344,0.576172950775313,0.009702849778792936,0.00038040211670508636,0.5335942532061635,0.36575061962285016,0.9591836628071608,0.4051204626506025,4.0
2021-04-27 15:10:37.000,0.0217617242023942,0.33211663427835925,0.7032110383811553,0.8255619677637258,0.48832508726350593,0.5713239762397518,0.9954933878967639,0.3065533149290015,0.48309256051526583,0.17768345146519637,0.0,0.32452706337561,0.24947141140218632,1.0,0.5436746949397591,4.0
2021-04-27 15:10:37.020,0.0,0.12932960040431915,0.6112710726208848,0.8599374076344042,0.5459053295653826,0.47393585986414516,0.9909867757935279,0.25263666736220947,0.39001217025521867,0.34651306144187477,0.0319558485060286,0.21232877900866837,0.19186045001229113,0.9872449272803082,0.6155873465060241,4.0
2021-04-27 15:10:37.040,0.03809619548956589,0.0,0.5999336757599621,0.890824358522169,0.5677891402137025,0.3798539338650218,0.9519226406338112,0.23147191784727653,0.2806160200032949,0.444147962522561,0.06562366222916996,0.11676452630199446,0.13424948862239627,0.9744898545606157,0.6874999980722891,4.0
2021-04-27 15:10:37.060,0.17129017981565717,0.34910238982250225,0.4503530196010065,0.9140923144635623,0.5731327280219037,0.2998242245907953,0.8895759616559485,0.22643082715712706,0.19421740298886014,0.5098847737448301,0.10775594850929697,0.061970018187986003,0.0549683431365639,0.931122398334015,0.8177710881927711,4.0
2021-04-27 15:10:37.080,0.3033831688785983,0.47225965383776436,0.29043268987277304,0.938552254723472,0.5633317656700605,0.2006544113701602,0.773293260376292,0.23573320575719206,0.09502603561451871,0.5869011468422092,0.16976555709185873,0.10404436214480219,0.03594077729395768,0.8852038230736515,0.9021084375903614,4.0
2021-04-27 15:10:37.100,0.38624545574252606,0.45200011774412363,0.18800199205930804,0.954192635703945,0.5568145868187534,0.12306241261054969,0.6442025883230416,0.2419820698439925,0.02939505858098288,0.6491206720414557,0.2605924982104087,0.16731897969693876,0.012684935649825034,0.8596936776342664,0.942771076626506,4.0
2021-04-27 15:10:37.120,0.4703661579411944,0.5607541747667397,0.06380534458177428,0.9616474509124614,0.5622912970996582,0.0846334010886338,0.5610397394303708,0.23671118605261865,0.008175131912088194,0.685627648305111,0.378524907847595,0.24983691840538272,0.012684935649825034,0.8239795785089516,0.9849397667469879,4.0
2021-04-27 15:10:37.140,0.5069886998179105,0.6463689132502192,0.017325904150142617,0.9695068022123452,0.5740213852195468,0.054996990594163554,0.48959714473798827,0.22559707484476602,0.0,0.724802906272461,0.49759856275788156,0.36594911832890825,0.0,0.841836628071609,1.0,4.0
2021-04-27 15:10:37.160,0.5536116456631222,0.6407096730894585,0.0,0.9788483220390197,0.5936510701278547,0.03259300330024392,0.4298176342520435,0.20754152968271325,0.003341581267172922,0.7822922832699155,0.599933436246484,0.4774951019459188,0.006342413702289316,0.8392857702624057,0.9683734978313253,4.0
2021-04-27 15:10:37.180,0.6601328618228693,0.6235464516794968,0.02599423547177705,0.9892919679237315,0.6234737530068643,0.01660709477515896,0.3809334301223682,0.18143010115885305,0.01828511596952569,0.82789569907045,0.6854344114365725,0.5420743599746523,0.006342413702289316,0.8622447966680286,0.9578313253012049,4.0
2021-04-27 15:10:37.200,0.7994008709091592,0.6987670447368911,0.08584692287955711,1.0,0.6601646066563018,0.006910440847644639,0.34452779728766597,0.15153350384866102,0.0417172800076325,0.8423286712398804,0.7523895744893744,0.5792563575392471,0.0,0.8673467735109941,0.9126506101204819,4.0
2021-04-27 15:10:37.220,0.8541421951701704,0.7206886022783122,0.12492111672875086,0.8917102514657976,0.6857224697638914,0.004606960565096426,0.33136160927390707,0.13717089117607825,0.055332989742409806,0.8379623967813172,0.80412764866096,0.6079582483353531,0.014799181795834025,0.9056122528946299,0.8644578390361446,4.0
2021-04-27 15:10:37.240,0.9088835194311817,0.7426101598197333,0.16399531057794453,0.7834205029315952,0.7112803328714812,0.002303480282548213,0.31819542126014816,0.1228082785034955,0.06894869947718711,0.834627044651699,0.837700336554985,0.6123613786423459,0.024312910594514247,0.9043366933777488,0.8403614534939758,4.0
2021-04-27 15:10:37.260,0.9636248436921929,0.7645317173611544,0.20306950442713825,0.6751307543973928,0.7368381959790706,0.0,0.28846791797371824,0.08586046284173751,0.11182641323758692,0.8312916925220807,0.8712730244490099,0.6167645089493387,0.03382663939319447,0.9030611338608677,0.8162650679518072,4.0
2021-04-27 15:10:37.280,0.9877817434459217,0.6197628572415044,0.31339930497054264,0.004503927907471255,0.8151947399199477,0.0007815137868568514,0.26413109910034,0.05358073196520784,0.1583390160767232,0.8599150914276261,0.9237719456692892,0.5792563575392471,0.0549683431365639,0.9285712793002528,0.6897590284337349,4.0
2021-04-27 15:10:37.300,0.9740424885853026,0.5570099324510742,0.4052623816065233,0.014526022604396102,0.861737792259535,0.009964393496792094,0.2512598328691469,0.03347234909547227,0.19652272735685064,0.8938750755807685,0.9434590357749836,0.5195694656580663,0.07188166283316114,0.8928571801749366,0.6024096385542169,4.0
2021-04-27 15:10:37.320,0.9667300723565877,0.5536084008520912,0.4574465955221524,0.016982602513202123,0.9141600131546855,0.03497642613796009,0.24093539300387498,0.016121918517295,0.2411719686079597,0.9086719056096405,0.9600076332644283,0.4302022174398303,0.10359405608034661,0.8801021074552448,0.5210843296385542,4.0
2021-04-27 15:10:37.340,0.9770921988922845,0.6206348109517514,0.3908136549346876,0.0,0.9631935051874493,0.10035668397366365,0.2352762784253185,0.005033259306453807,0.2860097536302444,0.8848999464845421,1.0,0.33382256343416855,0.14376321742107648,0.8265304363181549,0.44277109204819276,4.0
2021-04-27 15:10:37.360,0.9577045951226617,0.6051204614449355,0.3629781990687325,0.9686577286104295,1.0,0.2848107336112117,0.2303854042227542,0.0,0.3285580545387147,0.9066100510243836,0.9969090362406969,0.25277234706390256,0.22621567800329945,0.7563775363598463,0.32680722506024096,4.0
2021-04-27 15:10:37.380,0.8662031780763848,0.5387381525771008,0.44222261931597895,0.7996634141454757,0.9996489362004944,0.6607616503293332,0.22141677020875378,3.4371072887164965e-05,0.37099296142153887,0.9654335926993666,0.9938656013383403,0.21102415294812416,0.31289641438704885,0.645408037984141,0.2274095807228915,4.0
2021-04-27 15:10:37.400,0.752480009510336,0.5441073234091488,0.4922862202711924,0.7174666718610538,0.955904632900693,0.8595082498945601,0.2048268684374503,0.006365609714117782,0.4197591538215689,1.0,0.9970041250929779,0.11969995496051429,0.36522200396372423,0.5822703235318402,0.18599394698795166,4.0
2021-04-27 15:10:37.420,0.7307289727067362,0.8003333680175754,0.522228303496519,0.7011491364215356,0.8943149889895065,0.9244113781337652,0.17786328131602233,0.03654007611988904,0.5054488398128898,0.9626440223952268,0.9736078847037974,0.04370517325118539,0.4175475935403996,0.5191326090795377,0.14457831325301204,4.0
2021-04-27 15:10:37.440,0.6850432889672893,0.8935414102742799,0.5391845643036894,0.705046723976526,0.7849847799035556,0.9607373956657063,0.14770672225646408,0.089398725503214,0.5940157817902143,0.8759247876062142,0.9176851225721578,0.0,0.47568714352810865,0.43877536359846186,0.109186756626506,4.0
2021-04-27 15:10:37.460,0.6416508346779114,0.8123786751312745,0.6452802974677148,0.7141706244882428,0.6909276431057236,0.9789122965129867,0.12784511553921357,0.12840307702606715,0.6397174101518767,0.8513038152271575,0.8735555811642848,0.01793869509576292,0.5338266935158177,0.358418118117386,0.07379519999999995,4.0
2021-04-27 15:10:37.480,0.722350293536066,0.7604839745223441,0.6968662511614883,0.7203058740402849,0.6365957472746624,0.9849236843999128,0.11621032837734162,0.16121207891737532,0.6700341943298419,0.8437841126050132,0.84416759096106,0.029354233192411094,0.6131078931242726,0.2551014543938482,0.039156587951807105,4.0
2021-04-27 15:10:37.500,0.7843125061643144,0.8674328241341541,0.6934762301764864,0.7259607993048797,0.5826356024178607,0.9885907095234144,0.10457554121546968,0.1940210808086835,0.700350978507807,0.7986658373079449,0.8158257883170427,0.05283758237138887,0.6659618818695812,0.2244895933360564,0.034638496385542096,4.0
2021-04-27 15:10:37.520,0.7629123113417967,0.9762844278674981,0.7162880505790863,0.7301344836118243,0.534601032093068,0.9922572861045742,0.08318321204256865,0.2638929036815797,0.753477454850819,0.7112189165821509,0.7779733022030414,0.09328115042662304,0.6913319696597233,0.18877523298618282,0.040662669879518026,4.0
2021-04-27 15:10:37.540,0.7581157184486548,1.0,0.7348157114129483,0.7328163758621465,0.5002713197005761,0.9952640012723768,0.07097750094939809,0.29940113698928983,0.776456691431326,0.6310491142291802,0.7312758713539765,0.155577291759253,0.7082452893563213,0.18813751853388233,0.026731951807228965,4.0
2021-04-27 15:10:37.560,0.7682678572617512,0.8543584102927213,0.7623042729786563,0.7341448577769831,0.4799963502015799,0.996972588057955,0.0636186910679874,0.3212896223782195,0.7896543330068463,0.6218314070386005,0.6946597660729381,0.23157207346858202,0.7251586090529185,0.18749980408158187,0.012801233734939904,4.0
2021-04-27 15:10:37.580,0.8121904237802006,0.6453904372526056,0.7893413122483882,0.7345082040012086,0.4628995862938827,0.9975535347118178,0.059680833304544365,0.34026419491954357,0.8006732934939784,0.6647665192952328,0.6766845866921778,0.2814742271814511,0.7547567561540937,0.17602016026649098,0.013554274698795254,4.0
2021-04-27 15:10:37.600,0.8383432958771859,0.6241754422262163,0.7841004080263023,0.7343211828732706,0.43899323412939323,0.9973696914936996,0.05703600552547167,0.3675740136821813,0.8158840684980845,0.6799272200891233,0.6641304994582251,0.3173515906765836,0.7547567561540937,0.16836706438976323,0.01656628433734935,4.0
2021-04-27 15:10:37.620,0.8398428779888537,0.7726518608004446,0.7460306550611054,0.7334168899209642,0.41126744583662056,0.9966787834550676,0.05556941422748807,0.40035411196662685,0.8330983832853094,0.6298362581061047,0.6444434000110144,0.362361381979395,0.7589852484461123,0.16581594535600103,0.01054211084337342,4.0
2021-04-27 15:10:37.640,0.8352909223449395,0.7605361570072282,0.715876218102333,0.7316643639762755,0.391744086393552,0.9956156947733152,0.05649049385917005,0.4241312950619991,0.8449742424580111,0.5756215849670991,0.6300822781691607,0.4090019545230672,0.7589852484461123,0.17857101807569434,0.024096385542168676,4.0
2021-04-27 15:10:37.660,0.8583666239366202,0.6753629211397377,0.7029447381750191,0.7292704819440551,0.38192294002964855,0.9944244488781668,0.05910537909799101,0.4363043688737187,0.8509339510514595,0.5577925994913038,0.6248514067757357,0.4445531628378832,0.7610994945921219,0.19387720982914836,0.024096385542168676,4.0
2021-04-27 15:10:37.680,0.8753069375741723,0.5762239018621843,0.6911113417794619,0.7265659512093995,0.37616957652361327,0.9934966214772913,0.06141481708834394,0.443500728869781,0.8544215776722764,0.5963007830617832,0.6224261843591932,0.4665688143728471,0.7653277703936477,0.21428511720100907,0.034638496385542096,4.0
2021-04-27 15:10:37.700,0.862249909952283,0.42651132138039977,0.6932306681209041,0.7239172891235329,0.3689989043416701,0.9926899608218271,0.06323418794465036,0.452536216814004,0.858684972239534,0.6442692471520592,0.630652918710284,0.4611872105159871,0.7589852484461123,0.20918340158260237,0.030120481927710843,4.0
2021-04-27 15:10:37.720,0.8581713529484474,0.4082524035664131,0.6767166429840479,0.7228288534062773,0.3604058631047271,0.9924546128216909,0.06312493123588786,0.4635123723970294,0.8636189805235323,0.624014548238829,0.6300822782664681,0.44553163305070126,0.7695560461951741,0.21173452061636458,0.03765066024096393,4.0
2021-04-27 15:10:37.740,0.8540927959446117,0.3899934857524264,0.6602026178471917,0.7217404176890218,0.3518128218677841,0.9922192648215544,0.06301567452712536,0.47448852798005464,0.8685529888075305,0.6037598493255987,0.6295116378226524,0.4298760555854155,0.7695560461951741,0.21428511720100907,0.034638496385542096,4.0
2021-04-27 15:10:37.760,0.8442432781763972,0.5182367849654795,0.6050750430196719,0.7198091897521234,0.3369182573100985,0.9910588910534853,0.06879170527211789,0.4994689596726087,0.879505745981503,0.5736810160040773,0.6248514067757357,0.4285714255204121,0.7716702923411838,0.2270407123698186,0.024096385542168676,4.0
2021-04-27 15:10:37.780,0.8541264208884624,0.5947644333607102,0.5428948909302207,0.7171815313099804,0.32582676890510903,0.9876360468765356,0.07418819040473211,0.5056524244542671,0.8822652435491165,0.6190418377271976,0.6303675987511063,0.45172863553690973,0.7632135242476388,0.2397957850895104,0.02710839518072277,4.0
2021-04-27 15:10:37.800,0.8562002281749294,0.39413996088045167,0.543340323347061,0.7156543974197809,0.3147090585357339,0.9861789381948559,0.07958467553734634,0.5118358892359254,0.8850247411167299,0.6648878049174677,0.6385467803076149,0.47031963031474805,0.7632135242476388,0.22066304539769327,0.02786143614457812,4.0
2021-04-27 15:10:37.820,0.84974621912569,0.40563217717920746,0.5291464110348962,0.7141272635295814,0.30359134816635863,0.9847218295131763,0.0841441169497146,0.5383000200773473,0.8957018241722623,0.668526373584515,0.640829341693648,0.47619047161395156,0.7711416766820578,0.2072701276134208,0.02710843373493976,4.0
2021-04-27 15:10:37.840,0.840870669054968,0.4708809386541856,0.4966235562773256,0.7116072176009954,0.27571422291136655,0.9836538141852197,0.08604275692331517,0.5764975940539029,0.9102113609682204,0.6423286771963007,0.6403538086878383,0.4856490489957044,0.7790698291164776,0.19387720982914836,0.02635543132530118,4.0
2021-04-27 15:10:37.860,0.8367926916131069,0.4858707950509204,0.49393396247710414,0.709680801429013,0.260870147135985,0.9829288596748157,0.0877295105133509,0.5972616957799806,0.9176721672214788,0.6101879863113122,0.6355033633098314,0.49673841616116376,0.7970401636408332,0.19897944789667127,0.01656628433734935,4.0
2021-04-27 15:10:37.880,0.8279922431149331,0.4543305941423926,0.4935622070373218,0.7086521852253541,0.2562944862310679,0.9824922479152196,0.09034905404796709,0.6101961251125616,0.9222185528517044,0.6023044218587797,0.630652918710284,0.4993476789608098,0.7991544097868422,0.20153030570587463,0.013554274698795254,4.0
2021-04-27 15:10:37.900,0.8283868903219325,0.3872514190584419,0.5015877127844032,0.7076235690216951,0.2517188253261507,0.9820556361556236,0.09344408989720988,0.6184149121321649,0.9250551754534926,0.621376586451588,0.6309382389808454,0.4904598772158107,0.7986258482503398,0.19260171561840658,0.011671710843373324,4.0
2021-04-27 15:10:37.920,0.8287815375289319,0.3201722439744913,0.5096132185314847,0.7057014428569871,0.24492749468710515,0.9809293914239089,0.09653912574645268,0.6266336991517684,0.9278917980552807,0.6404487510443962,0.6312235592514072,0.4815720754708116,0.7980972867138374,0.18367312553093856,0.009789146987951613,4.0
2021-04-27 15:10:37.940,0.830508169943716,0.2940515704690206,0.4950416965312022,0.7035568305379878,0.22852914935056215,0.9785491470298365,0.10500249534934415,0.6534783554767157,0.9367771246310984,0.6545785250420267,0.6318893073278439,0.4585779477163411,0.8054969317343782,0.16326534877135654,0.003012009638554095,4.0
2021-04-27 15:10:37.960,0.8245915321372806,0.39173521882386775,0.4753948025961718,0.7017722599781511,0.20694000515181094,0.9753078125968118,0.11320735806803806,0.67489530455178,0.9435524577562973,0.6240145480402816,0.6283703565457911,0.4504240014674473,0.7928118878393068,0.17346878000816993,0.01656628433734935,4.0
2021-04-27 15:10:37.980,0.877430052475542,0.5830173990597483,0.5036592979275798,0.7587049537641568,0.25066810661287175,0.9876539062984059,0.0,0.5059872958713583,0.8787132822281749,0.5958762828875926,0.6244709795147825,0.45238095123682126,0.7980972867138374,0.17729545855881323,0.013177715662650481,4.0
2021-04-27 15:10:38.000,0.8661005197118514,0.5309240643791637,0.4724531766838065,0.8156376475501623,0.2943962080739326,1.0,0.0638396252375504,0.5969407540740743,0.9168063765152599,0.6058217029181188,0.6226639512124049,0.45629484543629023,0.8033826855883686,0.18112213710945654,0.009789146987951613,4.0
2021-04-27 15:10:38.020,0.849263347407145,0.4263501565091339,0.46376790766581577,0.8070181678329689,0.20902804407463682,0.9725681177299976,0.12349130890325495,0.6718280126042349,0.9427625212842005,0.6425712474480337,0.626278007895006,0.46086105266603133,0.7991544097868422,0.17346878000816993,0.012048192771084338,4.0
2021-04-27 15:10:38.040,0.8405570294330204,0.3516787389244804,0.4654191141505162,0.8043129124349224,0.17361131337452732,0.9619572464410758,0.1632892517941253,0.7244883684518683,0.9582411880988193,0.6630685185984705,0.6277997160046679,0.46412262983076913,0.8033826855883686,0.16836706438976323,0.019578293975903664,4.0
