2021-04-23 16:46:05.740,0.19405466391179557,0.28866766189266374,0.18707557151117815,0.9843961129413479,0.00983428074274784,0.9746573835729052,0.15674583270545084,0.9682359727057852,0.9952457509218936,0.5683139607252751,0.6385954837717431,0.7264151012269966,0.9868421407202167,0.039215472554504846,0.02972404699077495,4.0
2021-04-23 16:46:05.760,0.909877683954018,0.4972642137474083,0.803538532198268,0.9891703472309255,0.021942633156813437,0.9768207352116658,0.1707249593559134,0.9748181866062212,0.9955381772111993,0.5728065611518809,0.6493771546930651,0.7448542104612252,0.9842104610748005,0.04481792877778564,0.010615684480325049,4.0
2021-04-23 16:46:05.780,0.05288594247360716,0.21340596817645582,0.5685934804239008,0.9905125025082557,0.02017919588141626,0.9816425331342817,0.13286277244855677,0.9738086630972649,0.9975062608216824,0.5564217837679997,0.6216944871990979,0.7474271091792634,0.9921049610637519,0.030812361889071375,0.03184705344097483,4.0
2021-04-23 16:46:05.800,0.8026856016899548,0.49691844096824356,0.3146052194659646,0.9904734255561671,0.022944343802254852,0.9741540157825017,0.1807600787998042,0.9702298263108038,0.9941925302052314,0.566331931160293,0.6452976031855484,0.7371355143071111,0.9907893907146924,0.028011133777430162,0.03821650761112501,4.0
2021-04-23 16:46:05.820,0.44792631613268796,0.3415479503006301,0.9699777898836731,0.9904635673674691,0.01940261112473837,0.9762604995874896,0.16787220118182344,0.9748140382291771,0.9957022709778757,0.5798097313585678,0.6033365080985253,0.7560034382393903,0.9842104610748005,0.04201670066614443,0.03184705344097483,4.0
2021-04-23 16:46:05.840,0.28858584568844065,0.24767662398164492,0.15760152408232853,0.9956732796279825,0.035464630199015176,0.9750672121659181,0.17223408504084822,0.9540580804377649,0.9919387038389174,0.5745243205552363,0.6228600731737375,0.7427101267922289,1.0,0.030812361889071375,0.03184705344097483,4.0
2021-04-23 16:46:05.860,0.910943246780183,0.49371269138790075,0.8067083433778127,0.9947141214228256,0.029402676217483957,0.9719609004548472,0.19353486517859592,0.961881393017991,0.9920279333507627,0.574260049312067,0.6307277785025542,0.7555746210844017,0.9921049610637519,0.030812361889071375,0.008492460620350058,4.0
2021-04-23 16:46:05.880,0.07280024217414992,0.2621376484441456,0.6198897529767111,0.9956520050801264,0.028727692746391854,0.9760524215045625,0.16730428412051362,0.9627533180514569,0.9937164369440733,0.5652748486751639,0.6202375047307985,0.7555746210844017,0.9815787814293849,0.039215472554504846,0.016985138650474914,4.0
2021-04-23 16:46:05.900,0.7203687729506435,0.47727055375264354,0.25037029169955743,0.9961109782985502,0.03269188138613907,0.9680946999009356,0.21767215454118694,0.9576349068568891,0.9898342587857217,0.5737315087725051,0.6540394979953448,0.7431389439472176,0.9894735508919843,0.028011133777430162,0.010615684480325049,4.0
2021-04-23 16:46:05.920,0.5859000217976189,0.4459781179708379,0.994384495971967,0.99546961325289,0.026711576348595348,0.970309868024769,0.2047460973208559,0.9653584031033179,0.9919442589836237,0.5683139607252751,0.6106214204400224,0.7542881717253827,0.976315691612201,0.028011133777430162,0.023354592820625086,4.0
2021-04-23 16:46:05.940,0.19762762524006164,0.288125876430265,0.22034318243768092,1.0,0.04060135751123181,0.9722704249700553,0.18909785254755293,0.9474388662051554,0.9897876476496704,0.5675211488343896,0.617032142107983,0.7345626155890731,0.9736840119667856,0.039215472554504846,0.023354592820625086,4.0
2021-04-23 16:46:05.960,1.0,0.5442672806718267,0.6291824325601842,0.9992291350393336,0.03625257586347243,0.9667543432651863,0.22546622180011133,0.953042110989094,0.988554058328325,0.5745243205552363,0.6429664313555249,0.7328473497770477,0.9684209221496016,0.028011133777430162,0.023354592820625086,4.0
2021-04-23 16:46:05.980,0.436280759168239,0.34960376725543346,0.8656534839768891,0.9992572925291431,0.03150456544750105,0.9687392020170268,0.2137971963216143,0.9591673173369469,0.9903366521850988,0.5755814018506685,0.6409266558283524,0.7409948623841682,0.9499997035789866,0.04481792877778564,0.016985138650474914,4.0
2021-04-23 16:46:06.000,0.5605035498877232,0.3612069145764516,0.6649240233614895,0.5551353157555756,0.0,0.9740703383171135,0.18591088714341147,1.0,0.9986802191365708,0.5667283369380965,0.636847104750156,0.7521440894603508,0.9657892425041853,0.036414531277608714,0.014861914790499923,4.0
2021-04-23 16:46:06.020,0.5441983097151455,0.4365194367607922,0.6097099193763128,0.5515966370264611,0.024948128965628997,0.9693351183692983,0.21140393237599875,0.9676381437078543,0.9919242951823355,0.5695031783425908,0.636774255686369,0.7566466625240348,0.9657892425041853,0.022409251223637905,0.023354592820625086,4.0
2021-04-23 16:46:06.040,0.5076665326118348,0.4345730785970904,0.5644125520737321,0.5520127114809986,0.02389993360944243,0.9694998226807038,0.21057027804449216,0.9689937695046518,0.9922029204090114,0.5722780197470849,0.6367014066225818,0.7611492355877186,0.9789471017839686,0.022409251223637905,0.016985138650474914,4.0
2021-04-23 16:46:06.060,0.5004029455366507,0.3796993770838628,0.5692534563841136,0.5522812566387111,0.022583362075890942,0.9698369421962298,0.2071555740265216,0.9718055394650824,0.9928802574670692,0.5704281252629162,0.6361186133967507,0.7714408305476186,0.971052601795018,0.02520990566578895,0.019108253805562504,4.0
2021-04-23 16:46:06.080,0.49881108326861134,0.3638648690961815,0.5705958540229913,0.5523648518704395,0.020870230172395875,0.9703673516590017,0.2030267485932175,0.9743220088011649,0.9935484806158433,0.5635570898125798,0.6345159329201328,0.7757289950776821,0.9657892425041853,0.022409251223637905,0.023354592820625086,4.0
2021-04-23 16:46:06.100,0.505894654740717,0.37695959946317287,0.566634776626536,0.5523705968571947,0.01978263551147268,0.9708066048044235,0.20188628225344055,0.9740969593465273,0.9935798151039523,0.5605179779787771,0.6343702346733028,0.7740137292656567,0.9631578323324178,0.014005566888715897,0.014861914790499923,4.0
2021-04-23 16:46:06.120,0.5129782262128226,0.39005432983016425,0.5626736992300809,0.5523681522472407,0.020377496281526394,0.9709967131159599,0.20159694962709943,0.9734495133658554,0.9934898694992349,0.5638213602986692,0.6356815188947722,0.770583197641606,0.9631578323324178,0.011204338777074684,0.03397027730094983,4.0
2021-04-23 16:46:06.140,0.5270403244125026,0.37199198583484294,0.5635118289500014,0.5523586559957755,0.02111487377728231,0.9710535140149,0.20130761700075814,0.9728020673851837,0.9933999238945176,0.568842501697454,0.6378669925972213,0.7662950331115425,0.9657892425041853,0.019607736277251608,0.03184705344097483,4.0
2021-04-23 16:46:06.160,0.5244418235550218,0.35426484767467087,0.5602264111804115,0.5523304923714366,0.020659123482110877,0.9712855190693188,0.19975202438746534,0.9731873479031462,0.9935572473285829,0.5664640663492606,0.6377212944696471,0.7662950331115425,0.9789471017839686,0.0,0.046709185641249866,4.0
2021-04-23 16:46:06.180,0.527913873265609,0.3684122741153352,0.5606383621117514,0.5523374427932132,0.020463865460329564,0.9714543733403453,0.1990118377033236,0.9730851981072616,0.9935847192551384,0.5599894365739813,0.6369928031162417,0.7654374002055299,0.9789471017839686,0.014005566888715897,0.019108253805562504,4.0
2021-04-23 16:46:06.200,0.5226630531656008,0.3966079873076817,0.5593985649885691,0.5525097801268117,0.02117006110510737,0.9715652174231227,0.19827165101918184,0.9729830483113768,0.9936121911816937,0.5589323544133149,0.6380126908440513,0.7624356850695846,0.9565789026925265,0.00980401155599753,0.03290866537096249,4.0
2021-04-23 16:46:06.220,0.5234518614744104,0.39243548846868515,0.560999646769144,0.5527550692836815,0.022085746229098365,0.9717307338771637,0.1965787384996163,0.9713408574149679,0.9934407628880225,0.5631606839212143,0.640343862829107,0.7585763369574283,0.9499997035789866,0.014005566888715897,0.03184705344097483,4.0
2021-04-23 16:46:06.240,0.5189383734669583,0.3699934028487239,0.5642414417589577,0.5530222771139911,0.02238428339295253,0.9721543599703356,0.19378305068847052,0.9709545637356889,0.9935433594668172,0.5636892251097017,0.640343862829107,0.7590051534104347,0.9605261526870023,0.01680679500035548,0.040339731471099996,4.0
2021-04-23 16:46:06.260,0.5198824973206915,0.36921581666468983,0.5625280865798666,0.5532632046204784,0.022615362639974164,0.9725678476675303,0.19106654483935542,0.9706555614825937,0.9936550699548956,0.5573467308478527,0.6381583890908813,0.7568610707944119,0.963157764964006,0.025210049083160675,0.02866243506078761,4.0
2021-04-23 16:46:06.280,0.5209132718832544,0.38782376983275474,0.5632200401247407,0.5536570874150191,0.02381284679322609,0.9727323020888943,0.1897537093564562,0.9691064138966929,0.9934740503566925,0.5504756943159737,0.6361186133967507,0.7525729059133572,0.9657893772410105,0.0336133031659675,0.016985138650474914,4.0
2021-04-23 16:46:06.300,0.5166727161567887,0.38625986431626885,0.5662295875500452,0.5542669669886865,0.02633543326843325,0.9727064295449352,0.1893872213630907,0.9658445290716907,0.9929472230005211,0.5524577248543441,0.6353901224011124,0.7457118426652557,0.9578947425152348,0.03361301633122242,0.023354592820625086,4.0
2021-04-23 16:46:06.320,0.5197468041149731,0.3778412260195749,0.5712161048060668,0.5549724378662659,0.02840303762372822,0.9725664732723012,0.18984899551094725,0.9631726072835323,0.9924673973765136,0.5656712545665296,0.6380126908440513,0.7367066978541047,0.9578947425152348,0.014005566888715897,0.014861914790499923,4.0
2021-04-23 16:46:06.340,0.5174161420842749,0.34147438162421206,0.569989032807239,0.5556269737464841,0.028198622144252845,0.9726794503450773,0.1891648387503495,0.9634367950800504,0.9925528945255091,0.5775634323890388,0.6401981645942026,0.734133797732102,0.9657892425041853,0.005602169388537342,0.0,4.0
2021-04-23 16:46:06.360,0.5192189683400671,0.33799866533146095,0.5711393772934895,0.5561427588414058,0.025565539722564982,0.9730212106756632,0.1875207997407117,0.9668396928139563,0.993225935026333,0.5751849966082285,0.6409266558283524,0.7324185333240414,0.9631578323324178,0.019607736277251608,0.008492460620350058,4.0
2021-04-23 16:46:06.380,0.5122921471820014,0.3807588070504317,0.5621719202247758,0.32914575022196263,0.019343926577970467,0.9687463774310809,0.2164054602838767,0.9748901130820459,0.9928285685815598,0.5659355251607732,0.641072354110959,0.7324185333240414,0.9552630628698184,0.014005566888715897,0.008492460620350058,4.0
2021-04-23 16:46:06.400,0.5215539046380826,0.4180184853570715,0.5593476169768244,0.3302630259216379,0.021479049495513002,0.9735872830172416,0.18472388149688362,0.9721260494576212,0.9942754233801459,0.5614429250586301,0.6419465435084597,0.7324185333240414,0.9499997035789866,0.036414531277608714,0.014861914790499923,4.0
2021-04-23 16:46:06.420,0.5183210231669009,0.4175114255993353,0.5652891391999395,0.33113860729865446,0.02134744894454532,0.9738379852015654,0.18313228063303297,0.9722963243799817,0.9943973761662767,0.567190810591585,0.6442777155471805,0.7290952053745032,0.9657892425041853,0.014005566888715897,0.014861914790499923,4.0
2021-04-23 16:46:06.440,0.5208940138390323,0.3792630569565294,0.5685746977399528,0.3318590648314854,0.021035792155871348,0.9742867341685711,0.17860104942879698,0.9738432302467488,0.9949189087751497,0.57293869612454,0.6466088875859013,0.7257718774249651,0.9631578323324178,0.011204338777074684,0.023354592820625086,4.0
2021-04-23 16:46:06.460,0.5373108008494024,0.35120959373050115,0.5727262312168238,0.33242824487004585,0.01926935293242211,0.9748680498026926,0.17425405742414857,0.9786025435646203,0.9959550734615807,0.5654069839722857,0.641946543746971,0.7204116726398638,0.9684209221496016,0.019607736277251608,0.014861914790499923,4.0
2021-04-23 16:46:06.480,0.5437856135657806,0.4003288483938007,0.5767255551347379,0.3331017241769593,0.016478087052773902,0.97536542915674,0.17372453710036823,0.9808786942274839,0.99635669306402,0.5541754837169282,0.6380126908440513,0.7191252215258889,0.9631578323324178,0.02520990566578895,0.019108253805562504,4.0
2021-04-23 16:46:06.500,0.5371082555089102,0.4272095832175505,0.5837555444048705,0.3341641694531233,0.014722038410461026,0.97550182449628,0.1750060689282599,0.9805437925576617,0.9962279699452783,0.5253699889443639,0.6281052100596153,0.721698120594918,0.9421052035900351,0.03361301633122242,0.023354592820625086,4.0
2021-04-23 16:46:06.520,0.5304308974520399,0.45409031804130034,0.5907855336750033,0.33548684146517344,0.014980428309457733,0.9752958704787071,0.18077574872190616,0.9733702753754908,0.9947138458162642,0.4599630157875036,0.6085816437918463,0.7452830258612583,0.9499997035789866,0.047619156889426854,0.019108253805562504,4.0
2021-04-23 16:46:06.540,0.5049042926031801,0.5786514133398428,0.6124161285976962,0.3387588767406804,0.029279798498734813,0.9728968636059903,0.19419900931350706,0.9507359484138466,0.9900623669152246,0.35002643776669556,0.5814817710740342,0.7671526663685464,0.9421052035900351,0.10364142444428717,0.04458596178127487,4.0
2021-04-23 16:46:06.560,0.4861195886781583,0.6227359298441132,0.6067396752600142,0.34448162582695757,0.07758810677102419,0.966108600623531,0.20688581975550865,0.9253966562453586,0.9845735367488446,0.2531712747102593,0.5501566420428128,0.7963121848219866,0.9263156646648364,0.17366925888786178,0.06369432429172478,4.0
2021-04-23 16:46:06.580,0.447017638562291,0.6278475975270317,0.6391446653179492,0.34900473702223445,0.12561457052999117,0.9591495422599,0.21957263019751042,0.9000573640768706,0.9790847065824644,0.1835359633931593,0.5313615682017503,0.8327615868374377,0.9263156646648364,0.26610634455507265,0.0785562390822247,4.0
2021-04-23 16:46:06.600,0.46894530127037765,0.5938369200321969,0.6542944875897505,0.3535278482175113,0.17364103428895813,0.9521904838962691,0.27610929296587694,0.7799123313906111,0.9478735166461647,0.10425478512004682,0.5140234815992147,0.878216134366022,0.8999998113684462,0.41736692588878505,0.16135876282706813,4.0
2021-04-23 16:46:06.620,0.4523014073316006,0.7019597385491441,0.6706885648132831,0.36533807483377423,0.2987887816817208,0.9329567686747268,0.33837723879036014,0.62932411466095,0.8998020285305288,0.018102534624151487,0.4641946883387159,0.8966552453552065,0.8723683203545842,0.5336133748746525,0.22929934460518955,4.0
2021-04-23 16:46:06.640,0.372849516408423,0.7244635483032721,0.6654065473461305,0.3769246549127857,0.403588829906955,0.912910705550878,0.39040452862920116,0.5104865147989442,0.8511468596246181,0.0,0.40824655201556387,0.8919382573523131,0.8447368293407221,0.6498598238605201,0.297239926383311,4.0
2021-04-23 16:46:06.660,0.31370823807424825,0.4292717367709535,0.7288420379578905,0.39106016261778526,0.5130849760727557,0.8850706344992855,0.45284725017837657,0.3942598396272536,0.7914681136429841,0.0732029957041238,0.3674510429031805,0.9545454665110629,0.8111841938614984,0.7212883440686011,0.3667728445277482,4.0
2021-04-23 16:46:06.680,0.28649273259641045,0.37447782320528367,0.8395134946594882,0.40466962829475606,0.6068778207951431,0.8542038238656111,0.5093478504123903,0.3019256622640632,0.7328718396868565,0.17494719611880236,0.3077147617029046,0.9982847236582392,0.777631558382274,0.7927168642766822,0.4363057626721855,4.0
2021-04-23 16:46:06.700,0.2608215326792103,0.6620887394136968,0.9093566983678313,0.416475198803227,0.6777415437144889,0.8212326713415916,0.5677842469585516,0.23697899036895237,0.6814272069461529,0.2330867268524182,0.22364686254901717,1.0,0.7289472365207932,0.8683474417782827,0.5010614814841226,4.0
2021-04-23 16:46:06.720,0.22413133455929085,0.8026762675669757,0.8946630037798755,0.42798680266427513,0.7358527285120257,0.7821356072398963,0.637717082704908,0.18700457707990092,0.6312878422533332,0.2595137754613636,0.14424130013834677,0.982847345389658,0.676315799401661,0.8963585755557129,0.5774947141161471,4.0
2021-04-23 16:46:06.740,0.18622300840004155,0.8085538201901548,0.851725287035768,0.4408513708434039,0.7881092251420203,0.7349202761074339,0.7140049946881498,0.14470456559049213,0.5781661807651031,0.2603065894071798,0.08523352806057327,0.9601200839100571,0.6473684011966782,0.9327731068333215,0.6348195407557667,4.0
2021-04-23 16:46:06.760,0.15837184632240928,0.8082883956585251,0.768187154647167,0.3434653060771286,0.8499218624255521,0.6299362040540679,0.8811976351373356,0.09801833145478334,0.4817229923620232,0.2477537415883164,0.04137831164015797,0.9223842290256753,0.5763157455069308,0.957983299333854,0.7070063691497964,4.0
2021-04-23 16:46:06.780,0.1914207921094699,0.6907740029894875,0.7060966789012364,0.352893390651922,0.8893917382103999,0.6065935915002687,0.8484710209218429,0.07016373468684459,0.45073014565242225,0.25475690260189177,0.01413278837778936,0.845626080427628,0.5368421676675819,0.9887956612229253,0.7813163779218462,4.0
2021-04-23 16:46:06.800,0.21053848739783015,0.5652787642572279,0.6896766091255868,0.38112157477785796,0.9302453806488322,0.5232583237502733,0.8989292557662778,0.04297957947040321,0.3787022175096078,0.30126852069952914,0.0016026771374588276,0.7748713621716694,0.4842104610748008,0.9831932049996429,0.8471337521457258,4.0
2021-04-23 16:46:06.820,0.23371243566796165,0.5227929928216694,0.6688069778013068,0.4100036445238988,0.956176106846548,0.4362079675244331,0.9339945968081996,0.026610083654735495,0.30953186448363373,0.4053250644791329,0.0,0.7476415168792799,0.47631569161220144,1.0,0.8938428943050205,4.0
2021-04-23 16:46:06.840,0.2758790077943582,0.6432798178966466,0.5853840944882202,0.434254132326338,0.9696422393537883,0.35143262808741044,0.9498272979162693,0.01838353287053503,0.24529692769250053,0.5433403893529362,0.05653093885092657,0.7525729059133572,0.43421043412743615,0.9943975437767176,0.9108280329554954,4.0
2021-04-23 16:46:06.860,0.2646659176113327,0.3086110956245539,0.44369350226571946,0.4525915227306705,0.9770717878781863,0.2708178864473413,0.9380494153345784,0.013925623077855569,0.18562202691259294,0.6247357345430834,0.10985648765023018,0.6796741060943493,0.4026313562770378,0.9831932049996429,0.9235668978138403,4.0
2021-04-23 16:46:06.880,0.1418989159239317,0.15437457797096535,0.4005692228586353,0.45648762981354285,0.9849374982286485,0.2124902485989134,0.8758491433076258,0.006699309820151407,0.13127817456556165,0.6371564503094526,0.18197717349610876,0.6457976098167599,0.37368422754570374,0.957983299333854,0.9087048960594304,4.0
2021-04-23 16:46:06.900,0.019131914236530777,0.0001380603173768281,0.35744494345155103,0.44339607484592053,0.9973404357470117,0.15738810216215313,0.8061600598945682,0.0,0.09555855764834059,0.5591966246830958,0.2508924335136593,0.6886792586273061,0.3394737395235386,0.9551820712222143,0.9405520364643152,4.0
2021-04-23 16:46:06.920,0.0,0.5544563445510792,0.03745089037415881,0.44542335583417364,1.0,0.08856281570315805,0.757145267343347,0.0005329068971921401,0.06165846067634582,0.46894821599178976,0.3305893852626485,0.6595197398228747,0.3368420598781223,0.9607842406107501,0.9639065858029852,4.0
2021-04-23 16:46:06.940,0.135415159002792,0.33392233793956866,0.0,0.4621996005317165,0.9862856458083769,0.03146892068912229,0.7162381576282699,0.008477368042399817,0.02109525406627911,0.5245771760800904,0.44467112564861755,0.5840480230342875,0.3236842005983391,0.949579614998932,1.0,4.0
2021-04-23 16:46:06.960,0.22651297500000886,0.0,0.08544646528864287,0.4678348528255857,0.9733445206604578,0.0,0.7073830955051715,0.011713381354414196,0.010547627033139556,0.6988636329838159,0.5549646853807576,0.5647513001985609,0.2973684820387733,0.9439777324451397,0.97664545066133,4.0
2021-04-23 16:46:06.980,0.3367059324207821,0.1902006552315556,0.16701167483617657,0.45157051620040256,0.9773773801253411,0.007377111016408727,0.6985280333820729,0.01494939466642829,0.0,0.7973044347473099,0.6439863190833346,0.5844768289575585,0.2868420329307576,0.9327731068333215,0.9299363085020353,4.0
2021-04-23 16:46:07.000,0.46764537947077806,0.6463826108909335,0.169949847520865,0.4242653517671033,0.9875296854253584,0.03741996278548255,0.721931876298378,0.007748530106359875,0.02525096234202123,0.7780126683890087,0.7244117476365357,0.6093482042913971,0.26842108383379054,0.9271709374447842,0.8874734401348705,4.0
2021-04-23 16:46:07.020,0.59924765266003,0.8212040427460238,0.16179903320901817,0.39962174491903013,0.9917640493897878,0.07179278425190817,0.757863043867531,0.005280086212209805,0.04855375279536619,0.7107558097247828,0.7972608829770745,0.6560892081988239,0.27894726346815824,0.899159803667354,0.8492568999122795,4.0
2021-04-23 16:46:07.040,0.6405722360856172,0.799276811559059,0.1915406379938142,0.3842647542639427,0.990764916174492,0.10049426197577725,0.7942158879547735,0.005860858998371476,0.0671792936841824,0.6671511616745709,0.8418445488921502,0.6946826854594831,0.28421062275899006,0.899159803667354,0.7749469237516962,4.0
2021-04-23 16:46:07.060,0.5961060375723356,0.6955358055348818,0.2749897290275211,0.3744347414593395,0.9895885972711423,0.1258690338964508,0.8234917899017377,0.006545819869523083,0.0839974682428001,0.659751582872662,0.8636992859166414,0.7079759990125916,0.2868420329307576,0.8655462136666431,0.7707006499595661,4.0
2021-04-23 16:46:07.080,0.5683062620676885,0.5614405482382896,0.330869294538797,0.3646474556518002,0.9900203926273127,0.15327728603136176,0.8466936609121501,0.006294523952433829,0.1028772090814117,0.6659619472451019,0.8824943633353743,0.7088336319186042,0.30526298202772395,0.8627449855550019,0.7303609619704212,4.0
2021-04-23 16:46:07.100,0.5722054466925481,0.5416428672267078,0.36116540381958073,0.3534177211462564,0.9903815360747839,0.18450729399134136,0.8682791776482782,0.006083914040968688,0.12468063559882551,0.6946352991497464,0.9055146696387092,0.6929674231573696,0.33157897006093845,0.8459381905546464,0.6836517763291717,4.0
2021-04-23 16:46:07.120,0.5866091820626834,0.4409882437372302,0.38109273496597484,0.3372466723092068,0.9903860844809232,0.22448577381793686,0.8889826550971253,0.006081281417075218,0.15292013125418155,0.7677061303550997,0.9359655948782689,0.6603773727288874,0.3394737395235386,0.8095239461117828,0.6199575390013567,4.0
2021-04-23 16:46:07.140,0.5402338250237981,0.19747032765460612,0.415788729936645,0.2016010017441081,0.950894679573682,0.3531544775703741,1.0,0.02988801950783874,0.24799585134849403,0.8331130970227049,0.9486413650110538,0.5977701635701377,0.3434209895180143,0.7969188498615157,0.5859872617004069,4.0
2021-04-23 16:46:07.160,0.5505691241291002,0.2068188243502795,0.5093565161885495,0.18720430418211112,0.9789066351299726,0.35897721897961643,0.9217986566280729,0.012833642597501116,0.2500926146781506,0.8483086832302817,0.958257439761375,0.5295883370123936,0.34736823951248924,0.7843137536112487,0.5520169843994571,4.0
2021-04-23 16:46:07.180,0.5836485290774677,0.3938751703226216,0.4986787078309125,0.15072219667190745,0.9539680072793905,0.43185880984173725,0.9435295453667043,0.027977133443700432,0.3067295109771395,0.8235993621191866,0.9700590061024982,0.4558319106052142,0.3947368562880864,0.7142856323329291,0.44161360491234775,4.0
2021-04-23 16:46:07.200,0.5880290551379244,0.4773862855884443,0.45488912076536575,0.12368211138722637,0.9193175417793341,0.4924148421369193,0.96761960782781,0.05008503135845964,0.35899256409161406,0.805628964955242,0.9973774124761516,0.38829334558105344,0.41578948503046903,0.677871101055322,0.3864119586507481,4.0
2021-04-23 16:46:07.220,0.507440539071891,0.36743046708783433,0.4233740154440764,0.10390745596220746,0.8838806669653387,0.5442309702240576,0.9763169574323852,0.07395981878804093,0.40748528841443327,0.8880813936039067,0.9951190974019071,0.2757289827929909,0.439473793418268,0.6134454360002847,0.34182588816458587,4.0
2021-04-23 16:46:07.240,0.3748782675412302,0.20024894081106207,0.5542101572926071,0.08236875527147786,0.8401471759108002,0.5992536337782725,0.9691496870575419,0.10515433773529849,0.4629329410706778,0.9521670181157186,0.9971588704724126,0.17753003962392064,0.4578947425152343,0.5406163734450689,0.2717622184075986,4.0
2021-04-23 16:46:07.260,0.37901806041969627,0.1849984809335735,0.6314889059710688,0.06017181957931977,0.7779903961111896,0.6557734688940402,0.9586375216248542,0.1526959512621859,0.5280263994364306,0.9691794362682291,0.9985794352362063,0.12028305367730911,0.48157905090303327,0.4481792877778564,0.20382166380569894,4.0
2021-04-23 16:46:07.280,0.4273473020623474,0.3021491474876136,0.5905884336638952,0.041582048502165736,0.697647127697695,0.707319117784984,0.9384207707748787,0.2606953417060452,0.6329018895477522,0.9861918544207398,1.0,0.0630360677306975,0.5157892694515505,0.3501400327221082,0.12101908570841198,4.0
2021-04-23 16:46:07.300,0.4426956219000297,0.4548432431141456,0.5046132225525741,0.02900227584905108,0.6069356360909599,0.7511086617127216,0.9224597126182127,0.3066555832668914,0.6671155339321547,1.0,0.9817148658488936,0.0,0.5421052574847649,0.24649889511256612,0.09978760804287448,4.0
2021-04-23 16:46:07.320,0.39925588490015446,0.552653662891504,0.5399012948138056,0.023770013058572695,0.5316822261913074,0.7795927284068386,0.9064986544615465,0.3526158248277377,0.7013291783165575,0.9365016446771102,0.9651376433634773,0.020440259896410264,0.5635964995013836,0.1974791719731092,0.07678692210054129,4.0
2021-04-23 16:46:07.340,0.3558161479002792,0.6504640826688625,0.5751893670750372,0.01853775026809431,0.45642881629165494,0.8080767951009558,0.8905375963048805,0.39857606638858395,0.73554282270096,0.8730032893542203,0.9485604208780611,0.04088051979282053,0.5850877415180022,0.14845944883365397,0.053786236158208094,4.0
2021-04-23 16:46:07.360,0.3720891316911774,1.0,0.4823080037168513,0.01858905947174713,0.3027220815899966,0.8549090046386107,0.7651476637436893,0.6167058845191072,0.8495826003146296,0.8095049340313307,0.9319831983926449,0.06132077968923079,0.606578983534621,0.09943972569419708,0.030785550215874893,4.0
2021-04-23 16:46:07.380,0.36960526931522286,0.8482687734375612,0.49777898836731127,0.03218795535461297,0.20613051160189239,0.8859044640205328,0.6140781909570725,0.7644574011378328,0.9158230658635317,0.574260049312067,0.8784148052687949,0.21869642613235324,0.6842102993906116,0.047619156889426854,0.014861914790499923,4.0
2021-04-23 16:46:07.400,0.40554258795747405,0.6343374800757607,0.5944455723147365,0.048236025281377104,0.1676520266343343,0.910705042173273,0.528811268852581,0.7869810781194763,0.9299094372534255,0.5607822483567124,0.8644277711880068,0.2607204244873278,0.7078946077784105,0.05882349566650154,0.03184705344097483,4.0
2021-04-23 16:46:07.420,0.4053370712287385,0.5786198012268431,0.6310988734230168,0.052538811787056515,0.15937386681514823,0.9180993018937926,0.4880116772404261,0.7972416021012998,0.9360390186420241,0.5836416538935592,0.846943981568414,0.30360206978796217,0.7473684550914083,0.056022267554860325,0.03397027730094983,4.0
2021-04-23 16:46:07.440,0.40513155450000293,0.5229021223779254,0.6677521745312971,0.05684159829273601,0.15109570699596211,0.9254935616143122,0.44721208562827136,0.8075021260831232,0.9421686000306227,0.6125792882894153,0.827566113547475,0.37392799616029676,0.7960525074792412,0.022408677554147736,0.026539319905700017,4.0
2021-04-23 16:46:07.460,0.43235697795644384,0.5222298649704894,0.6600069060719075,0.06371017931290701,0.13092043285139499,0.9395730002127725,0.3690179439064558,0.8326765681300008,0.9543681318013632,0.6193181841164597,0.8055656818538244,0.4476843839584465,0.8210525209529231,0.01680679500035548,0.046709185641249866,4.0
2021-04-23 16:46:07.480,0.4434092299970369,0.584554328914402,0.6167722026322051,0.06938723228990518,0.1107709936536999,0.9524723777125821,0.29589228010611845,0.8579958364016035,0.9653463997280757,0.5907769610196818,0.7807969798927346,0.49914237937867856,0.855263008975089,0.022409251223637905,0.02972404699077495,4.0
2021-04-23 16:46:07.500,0.46278814481511393,0.6495142247548706,0.6130221012026591,0.07503222621641434,0.09663317274292617,0.963359676295296,0.23188173399521933,0.8758623698053803,0.9734116018502798,0.5558932425795123,0.7542798941994578,0.5510291701924461,0.8631577784376885,0.047619156889426854,0.05520164626159992,4.0
2021-04-23 16:46:07.520,0.4835308865928069,0.6669319495604011,0.6398925457358626,0.08044846354270667,0.09020603228624435,0.9721238109127391,0.1782880671625167,0.8840113938047467,0.9783997746000036,0.5298625901280495,0.7303853769491202,0.6007718752312703,0.8789473173628872,0.0728290625552158,0.046709185641249866,4.0
2021-04-23 16:46:07.540,0.4789134343283002,0.6283368050490882,0.6680070581177513,0.022802904503351876,0.10285591793527103,0.9597203402006598,0.2529821707409189,0.8679883193828466,0.9703909919162228,0.52312368781175,0.7123187955347644,0.6385077266057403,0.9052630359224537,0.07563029066685702,0.03821650761112501,4.0
2021-04-23 16:46:07.560,0.5259534589126804,0.5702117044526046,0.6470533436692996,0.024049502216681506,0.09358531611159869,0.9844023276793301,0.09959556401514211,0.8797246524310216,0.9819820617433502,0.5346194597428938,0.6984774644710336,0.6680960653730897,0.9105261257396375,0.08963585755557128,0.046709185641249866,4.0
2021-04-23 16:46:07.580,0.5444212557654331,0.5329378070688202,0.6347898074532401,0.026985144439641184,0.09530944505038201,0.9888218026348281,0.07109338709021344,0.8775393512254217,0.9830320708919792,0.545190281349557,0.6852189252020658,0.68567753994635,0.9131578053850531,0.09803896822100475,0.05520164626159992,4.0
2021-04-23 16:46:07.600,0.5554458900502238,0.5247699183967919,0.634502200528773,0.029448869587205693,0.09522235823416561,0.9922646359102538,0.04918064763896625,0.8776496661441999,0.9841624560405775,0.5457188241603582,0.6683907747118155,0.7178387739218257,0.9078944460942213,0.08683462944393007,0.04458596178127487,4.0
2021-04-23 16:46:07.620,0.5648325177178727,0.49421280014382596,0.6340354030475345,0.03139590786403113,0.09518421226800955,0.9948627962215519,0.026948212825480246,0.876803756221389,0.9850750187572932,0.5425475764886625,0.655787878149861,0.7367066978541047,0.9289473443102527,0.10364142444428717,0.04458596178127487,4.0
2021-04-23 16:46:07.640,0.5767229600642005,0.4986609958760662,0.616255069507797,0.03293892603653154,0.09659597688827484,0.9965934364791964,0.014146393116872767,0.8731770455683104,0.9849422594787262,0.5574788661449745,0.6531653085143652,0.7401372294781556,0.9157894850304694,0.09523802694410863,0.046709185641249866,4.0
2021-04-23 16:46:07.660,0.5822548299292208,0.4731126561200648,0.5995276465430448,0.034244016487406555,0.09875394291220653,0.9976414842386809,0.008612341181901538,0.8735869052202586,0.985285723660021,0.5721458847744259,0.6517083260460658,0.7418524942372073,0.9236839850194201,0.10364142444428717,0.05520164626159992,4.0
2021-04-23 16:46:07.680,0.5919699429555063,0.42638019987207176,0.598571209745272,0.03516582154322804,0.09843015704049403,0.9985188749489812,0.0039846476742868425,0.877538617281791,0.9863088250764785,0.5726744253139877,0.6476287756118502,0.7487135585382824,0.9342104341274358,0.08683462944393007,0.04883219209144975,4.0
2021-04-23 16:46:07.700,0.5841095415178839,0.45804930478626443,0.5808444772892354,0.0361489228165171,0.09357358122375899,0.9996255219232415,0.0010445287797481056,0.8819417684974897,0.9873365268471463,0.5609143838701427,0.6428207332279506,0.7572898875984093,0.9157894850304694,0.06722718000142354,0.06369432429172478,4.0
2021-04-23 16:46:07.720,0.5775366872942502,0.45577240333598273,0.5688049265610697,0.0366588571040519,0.09270168714332151,0.9998127609616209,0.0,0.8828935338337565,0.9875762660608781,0.5529862660428315,0.6393239750655207,0.7632933180106963,0.9342104341274358,0.08683462944393007,0.04458596178127487,4.0
2021-04-23 16:46:07.740,0.5857376349246816,0.4203267908591689,0.5677483074067597,0.037168791391586714,0.09182979306288411,1.0,0.0009298452159112805,0.8810087825449953,0.9871535542683822,0.5556289719852686,0.6375755961035614,0.7645797674399135,0.9263156646648364,0.08403340133229048,0.0594478765717748,4.0
2021-04-23 16:46:07.760,0.5929660818387535,0.3913095450046231,0.5735274064602941,0.03757577140633292,0.09385702778679932,0.9995486985847112,0.0029514099238593717,0.879380353091665,0.9867307556767502,0.5638213602986692,0.6371385013630717,0.7632933180106963,0.9394735239446196,0.08683462944393007,0.04458596178127487,4.0
2021-04-23 16:46:07.780,0.5930006650672209,0.36714823795254314,0.5667612310080562,0.037606628089065335,0.0938899784623872,0.9991618331016006,0.005418897911579424,0.8793384704388167,0.9866081952966673,0.5726744253139877,0.6374298978567315,0.7645797674399135,0.9315787544820202,0.10084019633264596,0.046709185641249866,4.0
2021-04-23 16:46:07.800,0.5834021531378428,0.362514022334782,0.5592722515251853,0.037428174629684625,0.09231978780250083,0.9989333265077653,0.007193797055907537,0.8813295318669788,0.9869287011064807,0.5747885900679375,0.6367014066225818,0.7641509508465109,0.9394735239446196,0.08683462944393007,0.061571100431749785,4.0
2021-04-23 16:46:07.820,0.5769460983706888,0.3669058701166337,0.5524416986908303,0.037206166011775045,0.09036993662837124,0.9986850607513482,0.009171029998093603,0.8838034643830639,0.9873351380609697,0.5698995840744289,0.6340788381796428,0.7654374002055299,0.9394735239446196,0.0924370856672125,0.061571100431749785,4.0
2021-04-23 16:46:07.840,0.5727614981629281,0.3839980911118973,0.5594041997937534,0.03710062143395977,0.0890865179217916,0.9982740719545702,0.012057154611393828,0.8854324682270617,0.9875272245490178,0.5643499015628646,0.6307277785025542,0.7667238495645489,0.9355261392133195,0.09523802694410863,0.04352445855617493,4.0
2021-04-23 16:46:07.860,0.5760618285641732,0.37762879555065554,0.5604679563138022,0.03702182340419884,0.08903824417129834,0.9975256602043585,0.016857832478472203,0.8854937844308315,0.987314045870913,0.5652748486751639,0.6301449855152346,0.7675814824705616,0.9315787544820202,0.08683462944393007,0.05520164626159992,4.0
