2021-04-26 19:04:40.760,0.9289274028872772,0.5591868843955812,0.44117181476039735,0.8208699819704682,0.4203707389356042,0.18850909544770733,0.7998793786711834,0.5695728790445856,0.8874180891700875,0.5121107263005963,0.3919731810478202,0.26641293115148074,0.30590959492675074,0.33423916521739044,0.06811153166616865,3.0
2021-04-26 19:04:40.780,0.6934925427065686,0.4682898049634519,0.7705762046890194,0.8169400834462343,0.3985145649924766,0.19314887555643262,0.7955762337066058,0.591945786570416,0.899012903906723,0.4719723247973448,0.36713646918255005,0.2790992625661105,0.30243333469787553,0.34239109565217285,0.08049543210420602,3.0
2021-04-26 19:04:40.800,0.5511831897539936,0.43641721272745626,0.16284683740687897,0.8480560679022464,0.44241699787036387,0.1947884462231636,0.7925279183123201,0.547063447292816,0.8912648198656097,0.47024222104011676,0.3661051856221144,0.2787821037939991,0.3070683878883237,0.3369566608695649,0.07120762566112235,3.0
2021-04-26 19:04:40.820,0.9547275079300889,0.5468734640071878,0.36155759571876916,0.8476030266376477,0.4373751854723703,0.18759672802195976,0.8003309292457647,0.5522062854739752,0.8821979228580052,0.5114186904621439,0.3806290773584927,0.283856636359851,0.30590959492675074,0.33967387826086887,0.07739949662317798,3.0
2021-04-26 19:04:40.840,0.7733610564652178,0.4805444958567352,0.7956305943730054,0.8410058777518896,0.4165709591533872,0.19001178966943985,0.7983933957142465,0.5734582083691323,0.8904461744702992,0.5058823556067948,0.36249569878803123,0.30003170725856876,0.29895707446900033,0.3206522434782607,0.08049543210420602,3.0
2021-04-26 19:04:40.860,0.513668087443777,0.36732827493278203,0.29393076936063156,0.8562811445121962,0.4345428710957949,0.195300383573517,0.7922161838539757,0.5550962030457325,0.8938112537472062,0.4833910095950499,0.371261597796851,0.28607674413026324,0.29895707446900033,0.3288041739130431,0.07739949662317798,3.0
2021-04-26 19:04:40.880,0.8715052375461789,0.495429144906681,0.5022128469982937,0.8616512478552327,0.4431219563825745,0.18695903618187346,0.80083030765213,0.5463446441474573,0.8799468216098313,0.515916954566498,0.3849260863317228,0.2844909528397233,0.29895707446900033,0.30978253913043335,0.06191966070411301,3.0
2021-04-26 19:04:40.900,0.7504584726646504,0.4521168196073602,0.41489217912114057,0.8536457622301016,0.42636825643041376,0.18616732361605823,0.7991051059678889,0.5651701662447525,0.8872745889877035,0.5332179978032173,0.355534542844538,0.2873453772457664,0.29432213993439504,0.30434782608695654,0.08049543210420602,3.0
2021-04-26 19:04:40.920,0.6294117077831217,0.40880449430803956,0.3275715112439875,0.8569405813849753,0.4229887276839889,0.19205363580289356,0.8033200963973856,0.5380772664042147,0.8742931458758049,0.515916954566498,0.3536438560825959,0.26133840040281253,0.29084587970551984,0.3016303304347821,0.06811153166616865,3.0
2021-04-26 19:04:40.940,1.0,0.5448840846662838,0.6335667691802619,0.8765068352465936,0.4380016919244299,0.18123118457356036,0.8107792923470829,0.565077718292437,0.8710715667812814,0.5183391026588366,0.36765211025933764,0.23977163920452219,0.28273468494203974,0.29347839999999964,0.08049543210420602,3.0
2021-04-26 19:04:40.960,0.6779288356703851,0.42781045006741525,0.7838267425470914,0.8741652783166353,0.4009023876967008,0.17888453634493265,0.8106912969487684,0.5894988374834459,0.8776348485100975,0.5522491391327257,0.3544173212149284,0.24389469649243062,0.2746233715227164,0.28804340869565076,0.08049543210420602,3.0
2021-04-26 19:04:40.980,0.6049476118818138,0.3992458591288301,0.21058506096092133,0.9011010670412275,0.4171077332490751,0.1765748207465243,0.8126248303606591,0.5729094413487105,0.8705119160699833,0.5460207684389242,0.3385183866071164,0.23184268547759795,0.27230590425541373,0.27445648695652103,0.09287933254224341,3.0
2021-04-26 19:04:41.000,0.8624497208196841,0.5378927358615594,0.2915358204505917,0.9075321533568333,0.3978180667024316,0.16513454539826372,0.8252700475877884,0.5926597912452485,0.8570798360950174,0.5304498289594329,0.3344791953585593,0.22518235957038457,0.26419470949193363,0.2717389913043466,0.11455103942336446,3.0
2021-04-26 19:04:41.020,0.7427321345810465,0.5446473248802323,0.36200343751354036,0.9146696902613557,0.37850097943571986,0.1570568012443097,0.8343460803173169,0.6124823890810803,0.8482781829729161,0.5591695541616378,0.3316431736568086,0.21947351101789597,0.24333720744660328,0.24320639999999832,0.10061925050177567,3.0
2021-04-26 19:04:41.040,0.747181519004277,0.5394977774873739,0.4114078849647329,0.918279746134232,0.34914154845706236,0.1492170629644545,0.8434796554548678,0.6426933660274283,0.8414906243461482,0.5975778632365392,0.3307837669381511,0.21630192589275898,0.22247970540127326,0.2364126608695638,0.09287933254224341,3.0
2021-04-26 19:04:41.060,0.7725310500281222,0.4843522504882506,0.4452714367996434,0.9200791722598327,0.3129847789802959,0.1413326086699858,0.8528601674528922,0.680034251018248,0.8354207980832077,0.5948096915605354,0.3293227845906831,0.22232793529414027,0.21205092471464726,0.19836939130434747,0.10216729749925274,3.0
2021-04-26 19:04:41.080,0.7631119113586116,0.5293088366188244,0.4180178938831557,0.9194100670764978,0.276025308424599,0.1332025982713049,0.8624903505703756,0.7183546044565601,0.8283888262425727,0.5494809787855998,0.32717428362121914,0.2334284741462015,0.20278105564543747,0.18478246956521616,0.10526323298028079,3.0
2021-04-26 19:04:41.100,0.7667372093738857,0.5651508542097898,0.3915425556603597,0.918988478942378,0.2477924070286086,0.12413661729649576,0.8727542886264472,0.7477262747315927,0.8172703395306895,0.529065754450309,0.3279477452364005,0.24643196511173554,0.18539975450106105,0.17119554782608642,0.1238390043803738,3.0
2021-04-26 19:04:41.120,0.7645428329216796,0.5453258282624188,0.37867211636820386,0.9193424303975,0.22770507953538852,0.11507272974948417,0.8826900143353655,0.7686753909181396,0.8039657895565196,0.5570934381496226,0.3338776183228883,0.25943545088531633,0.18424108019533136,0.17391304347826086,0.13931884029943922,3.0
2021-04-26 19:04:41.140,0.762908493546385,0.5266993827221669,0.3656560413883929,0.9162498158664034,0.20585286569625322,0.10710972726604384,0.8915112329344851,0.7915121634939519,0.7925340558336063,0.5768166181498028,0.34255757785567365,0.282588003218388,0.17497097381443505,0.16847805217391199,0.1547988347324303,3.0
2021-04-26 19:04:41.160,0.7586253245146027,0.5526386397547484,0.3416901638652734,0.9066138713284797,0.18200223937880608,0.10054541235219629,0.8989446342610513,0.8164930397507814,0.7837512428967408,0.5231833988435142,0.3526125746324509,0.3139866716848626,0.17033603927983015,0.17119554782608642,0.15789477021345835,3.0
2021-04-26 19:04:41.180,0.7511115244947797,0.6124051780857215,0.30588748576426583,0.893828879202136,0.16902443858175706,0.0948598311189134,0.9050956174888282,0.830109822091868,0.7745186263236734,0.40311418959523,0.36773804973537205,0.36124325266734003,0.1714948322414031,0.18478246956521616,0.14860680525644857,3.0
2021-04-26 19:04:41.200,0.7420766176541587,0.684949617840033,0.23987276360070484,0.8806218839927222,0.18126055990230291,0.08930936031097024,0.9102164577934521,0.8172706241600862,0.7610465051687838,0.30899654803424426,0.3889652747665591,0.4142086835002945,0.16801845335668464,0.21739130434782608,0.1671827351704677,3.0
2021-04-26 19:04:41.220,0.7460875033147232,0.7289836374090288,0.18481123803249536,0.8653671157105899,0.216688250233451,0.08449945694895498,0.9137183346723667,0.7801820845426655,0.7449075951406209,0.2517301179183255,0.43657613383823396,0.458135100231177,0.17844723404331062,0.2309782260869558,0.12074322741327187,3.0
2021-04-26 19:04:41.240,0.7512182426968839,0.7024873782144884,0.16613532120757551,0.8538331946712258,0.2737518487235474,0.08332610555062951,0.9127406924151377,0.7207166902704334,0.7321703337906821,0.21626298381460202,0.506961141874889,0.5328258648989381,0.20046346972229195,0.25000013913043445,0.10526323298028079,3.0
2021-04-26 19:04:41.260,0.7126530972349493,0.6943187309698984,0.18031340059462908,0.8445292092940264,0.34117657929697215,0.08974618229708163,0.8958410550078982,0.6113536649818166,0.7376871867298436,0.1238754460108444,0.5597284106592947,0.6397082194954314,0.2294322258590237,0.2907609043478252,0.08359136758523407,3.0
2021-04-26 19:04:41.280,0.6993039114142997,0.759734837102246,0.14036018473693038,0.8234091375908479,0.41819160171146086,0.10286555540375723,0.8712759984854664,0.5041438759471537,0.7512218404037261,0.07577852474105165,0.6122378722704805,0.7212178878988759,0.2746233715227164,0.358695513043477,0.08049543210420602,3.0
2021-04-26 19:04:41.300,0.6970482727328842,0.8222123352432232,0.08934443752557382,0.7861203310462732,0.5187738630016422,0.12300924193804585,0.8467109419630346,0.3969340869124907,0.7647564940776085,0.2785467190748113,0.6790133628738382,0.8062162892964665,0.32908450491146174,0.38858685217391253,0.07739949662317798,3.0
2021-04-26 19:04:41.320,0.689134935082841,0.7869005124301302,0.044738410491376335,0.7523553539825762,0.6639864962853922,0.15139152923710034,0.7783521670671592,0.18820104469281884,0.7995331615034373,0.5179930904040495,0.7573908023249748,0.8598160158674399,0.39397453764267637,0.3967390608695638,0.03715185982803825,3.0
2021-04-26 19:04:41.340,0.7071593618740156,0.7930174402950114,0.0,0.7014491677161415,0.8028117818373909,0.19681312823296937,0.7087844301571535,0.0998087287081172,0.8444235829125537,0.5173010404044999,0.840323100128374,0.9321281131081556,0.4727693739777057,0.3749999304347812,0.04643982478504759,3.0
2021-04-26 19:04:41.360,0.6264509760177384,0.7529311458651254,0.0044256675494287155,0.6249707979675803,0.8946110124851878,0.2614973286968373,0.6136168433912405,0.02699774307421552,0.8781127966981994,0.5449827090168069,0.8853557457266632,1.0,0.5654692512282362,0.3668474434782595,0.08359136758523407,3.0
2021-04-26 19:04:41.380,0.5457425901614611,0.7128448514352393,0.008851335098857431,0.46280654872434335,0.9782706993885657,0.4040759783327247,0.4996573998807943,0.013867463728738172,0.8812133264453244,0.6328719713873326,0.9668270752511986,0.881065642176604,0.6651216489365172,0.3369566608695649,0.17647070012747704,3.0
2021-04-26 19:04:41.400,0.1924093318875862,0.16692867114355042,0.21618820009761647,0.2999315334231004,0.9468118432790045,0.5722064520635295,0.37875871231751235,0.05014363002553881,0.8266862660141575,0.8889273189604238,1.0,0.7431017891782458,0.7555039402639021,0.27717398260869547,0.3312693763459817,3.0
2021-04-26 19:04:41.420,0.009214014353249443,0.0,0.38476065784133795,0.2565158396388283,0.8293039175208737,0.6835043346357232,0.26245784543914624,0.16255724425385562,0.7226884435136991,0.922145316763641,0.9922653627452793,0.5629559119058447,0.8447276759414007,0.22010879999999894,0.5077400764734588,3.0
2021-04-26 19:04:41.440,0.07508891974998672,0.2013812450269988,0.5431457141034808,0.26388035361949563,0.7074751582976566,0.7850114538280609,0.16153759766508177,0.28136156988154826,0.5647050886090481,0.7031141952596689,0.911739380118866,0.4725657968448916,0.9084587970551992,0.1874999652173906,0.6873065535680377,3.0
2021-04-26 19:04:41.460,0.0,0.5258194993547382,0.7496827376794037,0.267714896874812,0.6268841019765179,0.8712821788872747,0.08446523125857973,0.3611433013883539,0.3777020852891018,0.2996539764163349,0.7717428256607375,0.4297494301052503,0.9687136579401223,0.18478246956521616,0.8885449594632339,3.0
2021-04-26 19:04:41.480,0.020579721463841977,0.7480814398905363,0.9073171662733313,0.22582351806169051,0.6107210575349707,0.9375865238016293,0.03459364215127289,0.37725319874655405,0.19983772906795216,0.03771627040422968,0.6112925324066607,0.4021566672935085,1.0,0.19021746086956504,0.95975236320486,3.0
2021-04-26 19:04:41.500,0.06463906108105831,0.5054170677682002,0.984470184288651,0.15184372192611,0.637601343411278,0.980796133567837,0.008441424239193692,0.3504808289976992,0.068397510318126,0.1515571061264929,0.48006186499903813,0.3143038286397903,0.9965236211152818,0.19021746086956504,1.0,3.0
2021-04-26 19:04:41.520,0.2501638937338422,0.2735943865325964,1.0,0.10549205683970708,0.6720043268336227,0.9993419790909226,0.0,0.3163625426360068,0.006796816703050804,0.40311418959523,0.41045031963270984,0.19029495174962077,0.9930474795422496,0.22010879999999894,0.9721362636428974,3.0
2021-04-26 19:04:41.540,0.4817847964992621,0.3319782554397095,0.9751283425517109,0.10939581358003424,0.70336811044658,1.0,0.0020894078745524055,0.28540505524674503,0.0,0.46608996919055,0.3778789916156254,0.11671422668919425,0.9942061538479793,0.24184765217391269,0.9721362636428974,3.0
2021-04-26 19:04:41.560,0.6042131190450833,0.6926688409995169,0.9540649878098434,0.1245469276142303,0.7318329779340005,0.992557725279371,0.008687247142302503,0.2574315199726176,0.018081578464973876,0.23287197705177168,0.33636988212050134,0.09546462633979654,0.9907298936191037,0.27717398260869547,0.9318885951449722,3.0
2021-04-26 19:04:41.580,0.6278196861219113,1.0,0.9016628959630043,0.10105579611068341,0.7818673918377094,0.9824337000998993,0.018727026595959984,0.20855081643170423,0.04005529848963736,0.0,0.2785321476716956,0.11449412151475864,0.9826186988556236,0.3206522434782607,0.8730650601385984,3.0
2021-04-26 19:04:41.600,0.6493785063654683,0.9140845554227276,0.8541708072999624,0.04250176871990294,0.8610032899463939,0.9677282726750227,0.034172877307495395,0.13201552111728518,0.06893378438680975,0.051211088207266844,0.23487452524879399,0.11259116680530916,0.9710312438632679,0.358695513043477,0.8204335229054208,3.0
2021-04-26 19:04:41.620,0.6919487946483696,0.6216921616347776,0.8156844169858288,0.0,0.9479374128364609,0.9452309680873303,0.05559979658125838,0.049077673016545684,0.11534452079271344,0.5873702326594672,0.20062737463531805,0.07706943728676001,0.9582849959093397,0.37228243478260836,0.730650220952561,3.0
2021-04-26 19:04:41.640,0.7084603919016047,0.4481987846602536,0.7819008163664892,0.017466653664932878,1.0,0.9122463839507308,0.08177793931927753,0.0,0.19246205114531656,1.0,0.1601925071837635,0.059308582911391974,0.9362687602303583,0.3505435826086946,0.6625387526919629,3.0
2021-04-26 19:04:41.660,0.6896696625322352,0.46962687017176913,0.7378674430494597,0.09590221313022958,0.9907194362923968,0.8694426412193156,0.12831473068538177,0.03707385397576978,0.36679815449507386,0.9823529501729326,0.11550362793077429,0.08214398490927637,0.903823743864751,0.331521669565216,0.5448916826792153,3.0
2021-04-26 19:04:41.680,0.5902235301435402,0.5958282305043657,0.6700606746308759,0.1983443121909928,0.9306931400018562,0.8207034056300111,0.18435341200131594,0.1368956043397907,0.5611847745380681,0.832525961964765,0.06918186205476058,0.09134156645591147,0.8655851186588092,0.29891283478260766,0.4582044747213092,3.0
2021-04-26 19:04:41.700,0.5039158756792826,0.6615350614111574,0.6076486681849981,0.2884802702147567,0.8559272766502849,0.7688965839723002,0.23167352516592984,0.18911755256332627,0.6791356752563096,0.747750863699494,0.025953922943426615,0.0897557751913313,0.8157589198046686,0.2961956173913036,0.3529412417410284,3.0
2021-04-26 19:04:41.720,0.4644931486578855,0.5662985477031012,0.5647855287494501,0.38816885102710236,0.7820111856137341,0.6843730873287792,0.2882957393036829,0.22776358283993423,0.7853406231425982,0.7439446156080557,0.004984527595226147,0.07611796771996518,0.7555039402639021,0.26902205217391306,0.21362224292766352,3.0
2021-04-26 19:04:41.740,0.4556139750762344,0.42368779538807844,0.5859235526362594,0.44899018023307696,0.7395401953255291,0.6229715527965963,0.3513771773521864,0.26855135625963866,0.8758133220014476,0.7442906561850376,0.0014609964160722676,0.06343164019930042,0.6929316121116763,0.2608695652173913,0.13931884029943922,3.0
2021-04-26 19:04:41.760,0.4409738263361615,0.4399963751787424,0.522322935941411,0.5098115094390515,0.6970692050373242,0.5615700182644134,0.4163028513861777,0.3147499082631114,0.9444013172390933,0.6688581352021149,0.0,0.0659689062226287,0.6187717103112519,0.25271735652173843,0.09287933254224341,3.0
2021-04-26 19:04:41.780,0.45153893730941747,0.5762102493752727,0.4099836217153565,0.5920710724563113,0.6349462136875713,0.47213733223681376,0.48093770008622794,0.3531207617339776,0.9869183382123393,0.527681668612307,0.0023203841421140883,0.06914048875178908,0.5504055360070054,0.2391304347826087,0.02786389487102846,3.0
2021-04-26 19:04:41.800,0.4906592502999764,0.6268192008696883,0.35357759312077663,0.6388722102463343,0.623542554227474,0.4148994919518615,0.545188495926484,0.3644710793956287,1.0,0.4913494868782988,0.004554823180752037,0.039010441744882614,0.47856310147388353,0.20923909565217322,0.0,3.0
2021-04-26 19:04:41.820,0.5283999370449779,0.5877761217671188,0.3380800341274137,0.6928962399400815,0.6196251713569997,0.35700591408234994,0.6102927685746956,0.3683740934059051,0.9899637824055815,0.5429065816759138,0.03394638143997134,0.014589258866324593,0.4009269394445839,0.2119563130434772,0.012384058951963489,3.0
2021-04-26 19:04:41.840,0.5797952031679803,0.516940130987401,0.32582115011905405,0.7530957059007813,0.6044329524093301,0.3020494162064846,0.6717310110080652,0.38353056562842025,0.9640298276701679,0.593079590635527,0.07399447834012812,0.0,0.3105446481171989,0.18478246956521616,0.01393202669247751,3.0
2021-04-26 19:04:41.860,0.6110978819547982,0.623278919581543,0.25724702620432977,0.8099408075321533,0.5692407682625745,0.25319341496908027,0.7261008901564583,0.4187605105611336,0.9307560700577148,0.5975778632365392,0.10622206322510948,0.006343165058320743,0.22711475859172142,0.16032612173912955,0.06191966070411301,3.0
2021-04-26 19:04:41.880,0.639893196894574,0.7955642215696349,0.21297751502231677,0.8450168573011304,0.5012401425661437,0.20836577402310094,0.7762917293175758,0.4872986516781538,0.8956223649200379,0.5498269967048259,0.13226195940922075,0.013003480581627539,0.18539975450106105,0.12228257391304277,0.08049543210420602,3.0
2021-04-26 19:04:41.900,0.6592043150715868,0.8167911110245126,0.2130835372739864,0.8726594285738001,0.43071717063290066,0.1650674664156141,0.8242550588248876,0.5590017323833005,0.8496365742155167,0.5190311469939474,0.16285665767117766,0.013003480581627539,0.14484354337197364,0.09782594782608572,0.11145526245626253,3.0
2021-04-26 19:04:41.920,0.6563952702099635,0.777131703126803,0.23032630901204126,0.9028768410766267,0.3681001263093168,0.1262795730161324,0.8663729042949209,0.6231736522948926,0.797323582727392,0.5124567498842614,0.19998282504790907,0.020615299419425432,0.11819237315838707,0.08967401739130329,0.13931884029943922,3.0
2021-04-26 19:04:41.940,0.6574778930338907,0.7600131487955532,0.2337859191535922,0.9301398170490078,0.3051398729730641,0.0929187870064211,0.9021137923289285,0.688155236713098,0.7459168180362137,0.5096885838726964,0.23573392704343998,0.050428157021696264,0.09154120294480085,0.05978267826086939,0.1547988347324303,3.0
2021-04-26 19:04:41.960,0.6918065473064829,0.7868190715317658,0.21494867906800388,0.9459510318743033,0.23771034227358803,0.06302100680383878,0.9338066750357898,0.7582354282494665,0.6952457695220423,0.4916955019653055,0.26641457744317515,0.08785283346176496,0.07184243453312181,0.05434768695652051,0.1547988347324303,3.0
2021-04-26 19:04:41.980,0.6985387320912329,0.7335237176354944,0.21512561496806928,0.9608721811999079,0.1853460671877243,0.03797878851646711,0.9595473580365411,0.8129870991765495,0.6472255628447475,0.49930796416154777,0.2983843270177282,0.12527750730585707,0.05793739361762093,0.03532605217391234,0.18266257108953313,3.0
2021-04-26 19:04:42.000,0.7156192554300354,0.6702777422705054,0.25463566900975265,0.9725384709546108,0.14248142156213017,0.019790006372552956,0.9780193534974106,0.8580109546373298,0.6103984629741753,0.5474048486124872,0.3426435159248476,0.17982872940339165,0.04982619885414048,0.019021356521737722,0.21052646596056157,3.0
2021-04-26 19:04:42.020,0.7188631371371375,0.6898401450466011,0.2963141564544269,0.9713156163962933,0.09182341128278029,0.008742055267882878,0.99001846098609,0.9114475737588286,0.5904397401072826,0.5079584801154685,0.37332416210400143,0.24294322432965917,0.04055621112908743,0.008152486956521739,0.21052646596056157,3.0
