2021-04-07 23:02:55.320,0.5386543406635493,0.849536983692208,0.2665000138262015,0.7111733892484311,0.7533007658169698,0.8132147736286709,0.3164645942491351,0.23251201473680663,0.9706660366562441,0.35665594768930764,0.5254044757380308,0.45060114809815893,0.9506065470343482,0.9040589506569935,0.020491751106332428,2.0
2021-04-07 23:02:55.340,0.2583490029824652,0.7411878458964272,0.059851760813868296,0.7133677492178488,0.7689778185572136,0.8211549245910751,0.3131943196622014,0.22472437954061814,0.9689895078431874,0.3650761564349974,0.5366165105185166,0.4307370603629732,0.9410745612283741,0.9040591395868744,0.00819661650810554,2.0
2021-04-07 23:02:55.360,0.7871643906766772,0.9108967923218811,0.34279163028127935,0.7132313149490949,0.7661254573647092,0.8152104739560433,0.3099240450752679,0.21693674434442967,0.9673129790301307,0.3660785620348891,0.5544989963709369,0.42577103757344087,0.9436741372532836,0.9086716736863555,0.021857923803039806,2.0
2021-04-07 23:02:55.380,0.3235028289156794,0.7430803956255436,0.45368854744346176,0.7141373932694336,0.7673632888203379,0.8232725046869263,0.3026046561407493,0.21712010137291532,0.9711220265258629,0.3554530609366183,0.5469769983536489,0.42211186437269527,0.9462737132781933,0.9132842077858375,0.03551923109797407,2.0
2021-04-07 23:02:55.400,0.544275511711566,0.8394750808729752,0.004275802477027199,0.7158151996306341,0.7788859319782613,0.8143665670399717,0.3131205317821952,0.20590601444477238,0.9607561770894254,0.3700881850908403,0.5965086479983719,0.4197595373377926,0.9376083119704194,0.895756332598963,0.006830583702110942,2.0
2021-04-07 23:02:55.420,0.6787833125043742,0.8251014214033675,0.6537952914448956,0.7159458694144288,0.7744976002783617,0.8220992759656154,0.30288402180581137,0.2101720024119019,0.9679128290294585,0.3480352582831086,0.5413000175562918,0.4380554080480684,0.9324090711857552,0.8985238719516399,0.013661307294934267,2.0
2021-04-07 23:02:55.440,0.2575101124089872,0.7211408631528311,0.14056342008098524,0.7180964153373567,0.7885046328693747,0.8297638930201537,0.28898190298524135,0.19657665618339715,0.9687108113012918,0.3303929168369233,0.5506670351168468,0.43387349526852886,0.9376082232355739,0.9095940293623481,0.019125718300337827,2.0
2021-04-07 23:02:55.460,0.6989478725781276,0.8774629262295124,0.30313560173032505,0.7185262624998986,0.7915720976917899,0.8263117618120467,0.2933345014582343,0.1936076616548746,0.9651762406234338,0.3448275598383476,0.5847289140926489,0.44119184316755805,0.927209741666245,0.9132842077858375,0.019125718300337827,2.0
2021-04-07 23:02:55.480,0.39645243197511887,0.7091593830442241,0.6131916670520098,0.7190670120157824,0.794287832351894,0.8371687807499298,0.27709048793879126,0.19098163531322174,0.9719397441223492,0.35004006899060364,0.5602469383682388,0.4630162029326499,0.9324090711857552,0.9225092759848017,0.016393372906923467,2.0
2021-04-07 23:02:55.500,0.43745586119112206,0.7372784539929352,0.0,0.7215481688223869,0.8168232844628261,0.8362152054462263,0.27138378790425954,0.16952650585358142,0.9644615037687152,0.3364073497798889,0.5664206538382174,0.48876110611575246,0.9341420627124646,0.9280441657602754,0.013661307294934267,2.0
2021-04-07 23:02:55.520,0.7486091255486927,0.7560070816891149,0.6063325378663035,0.7210249778301929,0.8163174541914583,0.8396371730292643,0.25011183774739454,0.1589734620445962,0.9693020920149149,0.2892942805134233,0.5586148066068114,0.5002613717148029,0.9254765726698452,0.9261992654784111,0.016393372906923467,2.0
2021-04-07 23:02:55.540,0.2790795592133412,0.5897344531447647,0.4183848387434377,0.721547507673742,0.8275946459564882,0.8510623034012427,0.24775829158414378,0.14666400332122906,0.9640525703138163,0.2975140077781233,0.583451593674619,0.5047046544976733,0.9341420627124646,0.9280441657602754,0.019125718300337827,2.0
2021-04-07 23:02:55.560,0.6173998644900853,0.7798592014165552,0.07617582335328799,0.7225759350546068,0.84856150063487,0.8462674709822762,0.245404745420893,0.13435454459786192,0.9588030486127177,0.2957096790439065,0.5442804318650284,0.5018295913069206,0.9376082232355739,0.950184480581692,0.019125718300337827,2.0
2021-04-07 23:02:55.580,0.41459433374074617,0.6645125737828435,0.41952707399933864,0.7229836017464805,0.8704214583570274,0.8594490233221956,0.21927291486691264,0.107135903351515,0.9558789551468382,0.316359236141094,0.5393130746838006,0.47124934669907337,0.9393413922319742,0.9464946800179636,0.04371584760607961,2.0
2021-04-07 23:02:55.600,0.6797311356873937,0.7538048018172767,0.273726208469299,0.7236188894250523,0.8820369876399804,0.8614373100885914,0.2225368283074391,0.09787139725638419,0.9491766051868153,0.3396150498656111,0.5579051841523502,0.444589647883904,0.9306759021893548,0.9464946800179636,0.03551923109797407,2.0
2021-04-07 23:02:55.620,0.4802747426661401,0.7169768624191606,0.5810126670610991,0.724254177103624,0.8936525169229332,0.8634255968549872,0.21564311140534545,0.09602382451582493,0.9511650462616977,0.3502405509638818,0.5628725413684281,0.43439623399158683,0.9341420627124646,0.942804501594473,0.05737715490101388,2.0
2021-04-07 23:02:55.640,0.48341208857867485,0.7580555382235187,0.40058733173896355,0.7248308632474658,0.8976728871299142,0.8723508978696553,0.2087493945032519,0.09417625177526567,0.9531534873365801,0.34843622058870377,0.5684075964783749,0.4289074733347324,0.9402079767301739,0.9529519254694289,0.040983642103377634,2.0
2021-04-07 23:02:55.660,0.4741883254726557,0.776189390199034,0.3102969971913389,0.7256254146270331,0.9020556543888338,0.8784149704755795,0.19463617355754703,0.08884526028691295,0.9561595343348356,0.3456294844495379,0.5756457460947125,0.4307370603629732,0.9376082232355739,0.9446494018763373,0.03278688570455971,2.0
2021-04-07 23:02:55.680,0.4664913953682958,0.7758714801803509,0.2932961733924545,0.7264694363777876,0.9073826518429685,0.8855994613665914,0.18318416693213993,0.08390951157289396,0.9580886623196869,0.346030446755133,0.5827419700584897,0.43544171272130666,0.9393413922319742,0.9612546379924003,0.05464480950759952,2.0
2021-04-07 23:02:55.700,0.4597653876961485,0.7856621757245341,0.28439734852642073,0.7272244132884661,0.9129222889679085,0.8941345144588395,0.1697444757982065,0.07878864733895845,0.9605744692811873,0.3450280409911452,0.5881351018740625,0.44119184316755805,0.9462737132781933,0.9594095487806551,0.05464480950759952,2.0
2021-04-07 23:02:55.720,0.4573177503515722,0.7864466285468142,0.2787151724427306,0.72789300214072,0.918950139056612,0.9036792436179841,0.15473924767338415,0.07323069197610589,0.9632320514697682,0.3426222671575745,0.5921089876190447,0.4474647134065372,0.9514732202673939,0.9557195592870467,0.03278688570455971,2.0
2021-04-07 23:02:55.740,0.46094241657471574,0.7864559588593727,0.27817211617070603,0.7284525258407053,0.9254573729222846,0.9138835387805234,0.13867333207018126,0.06724740617525307,0.9658143927331084,0.3416198613935867,0.594521701640876,0.4511238872490848,0.9532062117941033,0.9557195592870467,0.0464480531087816,2.0
2021-04-07 23:02:55.760,0.4670957353495317,0.7858715823608612,0.27961206879403344,0.7289215056907835,0.9320693250499409,0.9244111670778751,0.12211294902619788,0.06118589868465342,0.9682766341589211,0.336808312085484,0.5943797794733202,0.45164662640001074,0.9705373693490326,0.9594095487806551,0.02459012930574179,2.0
2021-04-07 23:02:55.780,0.47560220299083644,0.8042497010133046,0.27680447985849355,0.7293450917451905,0.9388494423865481,0.9346879595702244,0.10587961542480286,0.05498898735387742,0.9702805486371954,0.3305933979897208,0.5931024590552902,0.45086251767362184,0.9653378623598319,0.9704797061913645,0.04371584760607961,2.0
2021-04-07 23:02:55.800,0.4824212686711346,0.8137019236169524,0.2707748419951056,0.7297957696601994,0.9462530440418113,0.9444978973433955,0.09020674349881973,0.04824439947916722,0.9715076443825735,0.313552498360967,0.5898381957647691,0.45399895257917755,0.9757365213988517,0.9870847533775465,0.0464480531087816,2.0
2021-04-07 23:02:55.820,0.49660853007039524,0.8293865160062146,0.2575846244400928,0.7303048723973974,0.9559049878478565,0.9532279057503875,0.0756854730946271,0.039486862722081836,0.970871439837832,0.29370486423400843,0.5858643088581186,0.4602718232460247,0.9705373693490326,0.9870847533775465,0.08469948970945725,2.0
2021-04-07 23:02:55.840,0.5070046123489087,0.8531692251833072,0.2481972105447334,0.7307970899466224,0.9680376456813256,0.9610330569376078,0.06207073342344458,0.02853576379963046,0.9683153257822545,0.29901761724458564,0.5813936873950135,0.4695504433888942,0.9740033524024513,0.9907749318010358,0.0683059769118214,2.0
2021-04-07 23:02:55.860,0.5200428655550753,0.8579902564723563,0.24461296812743702,0.7311639025270684,0.980760257456623,0.9681803217025644,0.04934722085768422,0.017121919727884256,0.9649095540652911,0.3242782416889049,0.579832517995199,0.4704652369030145,0.986135180437871,1.0,0.08743169521215922,2.0
2021-04-07 23:02:55.880,0.5358920541565073,0.8601875635593574,0.2506926097912676,0.7312354284514381,0.9908450778115206,0.9751759836198437,0.0373908753134602,0.008126225861836573,0.962598184002946,0.34953886613322416,0.5782713485953845,0.4713800304171349,0.9896013409609807,0.9944649212946454,0.1010930025070935,2.0
2021-04-07 23:02:55.900,0.5615268484941135,0.8635198076919315,0.2513495310605861,0.7310417515064591,0.9966812524148082,0.9816049934112236,0.022359514719841662,0.0019148724525007948,0.9628024121536911,0.37550117720095116,0.5774907638954774,0.4670674313523259,1.0,0.9944649212946454,0.06284156590641744,2.0
2021-04-07 23:02:55.920,0.5734907790139164,0.8537359809789168,0.2566521731068797,0.7306855690993869,0.9989972097100439,0.9878772239409478,0.014031540138216845,0.0014035006500930634,0.9647519278974481,0.3736968458411964,0.5757876711664389,0.4597490832393628,0.9948006704804904,0.9815498636020727,0.08196714431604289,2.0
2021-04-07 23:02:55.940,0.5865138532298856,0.8475500447166553,0.26368018236723395,0.7302723451027744,0.999155827077461,0.9938373690226153,0.005703565556592028,0.0008921288476852212,0.9667014436412054,0.34903766486757704,0.5681237478450909,0.44171458253241797,0.9948006704804904,0.9907749318010358,0.0683059769118214,2.0
2021-04-07 23:02:55.960,0.6293598568280339,0.8559562030870979,0.28487931610646317,0.7299599051431452,0.9988298247548099,0.9984953568805652,0.0,0.0,0.9676251087700408,0.33540494565686224,0.5505251106259546,0.41035023347686167,0.9913345099573806,0.9963098215765096,0.06557377140911942,2.0
2021-04-07 23:02:55.980,0.6856663052148001,0.9076749266927305,0.34349686270434093,0.7299971092265699,1.0,1.0,0.004237331947128148,6.362995234212666e-05,0.9665473263361836,0.372493958924411,0.5317910755048444,0.35520125091483523,0.9913345099573806,0.9963098215765096,0.09562831172026477,2.0
2021-04-07 23:02:56.000,0.7623986130225465,0.92950468215013,0.41341685871754047,0.7308821633246769,0.9956693249431695,0.9929714416965488,0.017560650268865222,0.007623122710624934,0.9679249039320423,0.44587006413024066,0.5131989695212995,0.277835839463077,0.9826690199147612,0.9815498636020727,0.06557377140911942,2.0
2021-04-07 23:02:56.020,0.8935086242554796,0.8232308604127991,0.5362426020047082,0.7324930238154272,0.9741173723756963,0.9793031928644566,0.04076002778707604,0.026169470383786607,0.973271878536441,0.535886090249617,0.4659381105691839,0.20883429721293212,0.9618717018367227,0.9686346169796193,0.08469948970945725,2.0
2021-04-07 23:02:56.040,1.0,0.7662126137999199,0.7749576429158421,0.7341038843061775,0.9525654198082231,0.9656349440323643,0.07589671705134302,0.05899642719438906,0.9826647245324103,0.6549718917294456,0.3736871972975787,0.1714584457823876,0.9107451686095159,0.9252767208725385,0.036885263903969075,2.0
2021-04-07 23:02:56.060,0.9804968076313455,0.6639930791908376,0.9085242187765643,0.7366295178313007,0.8817271293827186,0.9270519917643255,0.1281036597100687,0.10778392615114209,0.9926711833198998,0.8077385531346436,0.2798751006861405,0.10428646702774447,0.8162911851692127,0.8118080797374774,0.0,2.0
2021-04-07 23:02:56.080,0.9496271372954073,0.31536951951028147,0.9833387755706579,0.7379641118765877,0.8097315173653575,0.8885294080476003,0.19862725751377272,0.17609387271245827,1.0,0.9376503499932303,0.20011354377471932,0.040773658050902974,0.7331022677964385,0.7306271772987897,0.03278688570455971,2.0
2021-04-07 23:02:56.100,0.8258607094358845,0.16437127389891634,1.0,0.7387622858632464,0.7208553420491643,0.8429106491198348,0.2822296559935991,0.2627831476757158,0.9997243546431659,0.9759422616642928,0.119642358600496,0.0,0.6516463419503737,0.6531364532835914,0.04371584760607961,2.0
2021-04-07 23:02:56.120,0.6697966665738411,0.08783076139191313,0.964498861433356,0.7393225255536997,0.6280147181311888,0.7894150126303126,0.37577368240978787,0.3556239873396599,0.9826542076817727,0.9923817063479254,0.05847286004422309,0.0018295634955016941,0.5493932754959608,0.5553505036587216,0.08469948970945725,2.0
2021-04-07 23:02:56.140,0.5055816924016342,0.0,0.8846799931762535,0.739250713233143,0.5371643263811975,0.7305957647737265,0.47201328893834654,0.44818717243108475,0.947331183542779,1.0,0.022707872076027424,0.034239407967629226,0.454072707557458,0.4704798006563044,0.1612020831293842,2.0
2021-04-07 23:02:56.160,0.37617023769672236,0.024208175324943106,0.7668920382373375,0.7381497026994303,0.4513676728606424,0.6688906798914133,0.5646690525291557,0.5366559035350966,0.8955990938832101,0.9430633066585792,0.002412668716770942,0.060637728671369365,0.37088379018468376,0.39298869878134524,0.2377049563307359,2.0
2021-04-07 23:02:56.180,0.3196654667890002,0.07884992791925917,0.614142643059403,0.7369575328686848,0.3779807637480654,0.6042963575199349,0.6516191727307112,0.6127787551886098,0.8285758539583066,0.8446271147866965,0.0,0.07841087263889072,0.28769487281190953,0.3284132213886004,0.31967224053749155,2.0
2021-04-07 23:02:56.200,0.24286160966366618,0.07123086715236475,0.5020047949377753,0.7366242926242682,0.32075312675897166,0.5392236574013538,0.7294766830228265,0.6722264137784713,0.7515964024211821,0.7989174021030855,0.020579022137667238,0.08337690099070691,0.22010394399766423,0.26568264427771987,0.39617483395741854,2.0
2021-04-07 23:02:56.220,0.16807090916938072,0.15753875848071058,0.42853258261354077,0.7365102368660993,0.27128155050868746,0.47737715729461794,0.794675611246955,0.7235590858857691,0.6718163525105719,0.7656375274567679,0.04541581385214777,0.09618401660641213,0.16117832775634786,0.2140222245775487,0.5491803005786972,2.0
2021-04-07 23:02:56.240,0.1226686196454415,0.2720580546178743,0.3333552894523501,0.7364470956471252,0.22892278561993226,0.418783455156657,0.848417355992971,0.7673961321469643,0.5914762738116283,0.7181234958847073,0.0752199453228327,0.1092524953795606,0.1126515480237417,0.16420670515924068,0.6366119957908564,2.0
2021-04-07 23:02:56.260,0.08109110721123003,0.2782476390323462,0.2849311337865943,0.7367760673696453,0.19492886211268032,0.36342088163746716,0.8923332357390225,0.8024590045761185,0.5123550591502801,0.6433439996358379,0.14767243683919887,0.13303712032867102,0.08665490042619303,0.1309962329271158,0.7103825235987937,2.0
2021-04-07 23:02:56.280,0.03773655864023654,0.27105880531851734,0.24183208335370088,0.7373644896636263,0.16787452337534395,0.3126041908192499,0.9268710695189055,0.8302679003078532,0.4375660988119997,0.5342822311814693,0.21998297249963084,0.17171980893983088,0.06239159929473519,0.08118071350880779,0.7841530514067313,2.0
2021-04-07 23:02:56.300,0.014986715930605292,0.3961118069289836,0.18604154219933813,0.7381553696878153,0.1465280547307738,0.266768697090269,0.9533663434991546,0.8521392933737898,0.3687060454800634,0.4777465641431304,0.2719273268728395,0.19942498821758542,0.03986128968998674,0.07380073452158885,0.8661202237009168,2.0
2021-04-07 23:02:56.320,0.0,0.5880744999550334,0.12599350530478512,0.7380839229794124,0.12391679481136207,0.221954361154934,0.9741355928919629,0.8752296951484245,0.3001034861997866,0.46431432854665505,0.3195784778844916,0.22739152530443343,0.02426330113145785,0.04428044071295331,0.9098360713069964,2.0
2021-04-07 23:02:56.340,0.0046094569839292285,0.6811328905366282,0.10102315899213349,0.7368963233005904,0.09906700751160523,0.17885570357805036,0.9929606858884487,0.9137131451998597,0.20228459649769995,0.4508820929501797,0.3672296288961437,0.2553580623912814,0.020797140608348075,0.02583030431502715,0.9480874519513872,2.0
2021-04-07 23:02:56.360,0.021616969907573128,0.7736453853650985,0.08007608987484768,0.7325118718836513,0.06017460394475337,0.12277407659589336,1.0,0.9526954081822782,0.11882348007498057,0.4232156922231551,0.4672154286638774,0.3392577068115941,0.008665490042619404,0.01476014690431777,0.953551918913076,2.0
2021-04-07 23:02:56.380,0.04288160267579473,0.8929988649991822,0.059887211955044435,0.7265568420567072,0.025753464834693957,0.08108329348458274,0.9993112658427471,0.9743535997516861,0.07947033385284023,0.38572571500905006,0.5315072300080647,0.4066910594203801,0.0,0.0036899894936094683,0.9836065711367914,2.0
2021-04-07 23:02:56.400,0.07709854684265524,0.981957503560556,0.0953706463175065,0.9856704409824899,0.004261889531801989,0.0,0.9990894412500899,0.985716060953254,0.03973516692642012,0.3472333336719184,0.5929605322410616,0.47490852075555495,0.010398481569328813,0.0,1.0,2.0
2021-04-07 23:02:56.420,0.1058989158935706,1.0,0.08909181590449726,0.9797236678966875,0.0016208128325946927,0.05988202346793359,0.998867616657433,0.997078522154822,0.0,0.2939053486687284,0.6510076501776498,0.5258755943888538,0.01473131532548374,0.011070157410709377,0.9631147640741737,2.0
2021-04-07 23:02:56.440,0.11910871188080026,0.9587174885711823,0.08655760629040336,0.9812433043465859,0.0,0.062302272343860085,0.9943314172028576,1.0,0.049715540678386905,0.23917398410922713,0.7073516835168772,0.5682174527778152,0.015597811088838445,0.04428044071295331,0.8934426704219304,2.0
2021-04-07 23:02:56.460,0.12477254656557275,0.8972846725103774,0.08987324520536884,0.9840551360189942,0.0047118905964376725,0.07265441194711945,0.9940532854725499,0.9953202053259493,0.06574737585522913,0.219727313928825,0.7653987921601195,0.6155253523546325,0.022530132135057484,0.06457566632262578,0.8551912338212543,2.0
2021-04-07 23:02:56.480,0.14103575034855115,0.865133275996298,0.12807482402638534,0.9869225102711116,0.013629471924079173,0.0922052869964986,0.9928420437709564,0.9864480049503156,0.09605677060373637,0.22433839028893607,0.820891276230657,0.6610036627638689,0.03292879117407725,0.09225087091951609,0.7978142188109529,2.0
2021-04-07 23:02:56.500,0.15131414161675602,0.8191759699847287,0.16572776054213892,0.9890542424019547,0.025912328598021457,0.121265000483637,0.9890564170429423,0.9741940509511543,0.14108614675782843,0.21070567025774076,0.8673005603573821,0.7145844364304771,0.06065843029833532,0.12915133264525155,0.7213114855003137,2.0
2021-04-07 23:02:56.520,0.171209318897103,0.807242911480734,0.18300923892378215,0.9906689684795402,0.044981400907357104,0.16034374582772098,0.9816045857781022,0.9550987296907336,0.20170437795289548,0.17602241277318953,0.8992336114665203,0.7830632523657356,0.06585775981784496,0.1549816369602776,0.6475409856705189,2.0
2021-04-07 23:02:56.540,0.20716971156006778,0.7799769173502434,0.19194827664827904,0.9924639413489856,0.07972718716255957,0.20762513863772036,0.9707695039804963,0.9200963568497432,0.2755493795357399,0.13953485280980069,0.9301731458343524,0.857292228911938,0.1057190495078317,0.2121771353658035,0.5819672142613995,2.0
2021-04-07 23:02:56.560,0.26071116329313954,0.7888774829592258,0.19544697865833185,0.9945092671407965,0.1311621281600815,0.25995785793271275,0.9544249744196109,0.867840027764709,0.3575328914276473,0.08560541778437329,0.9608288265737271,0.9265551771063245,0.1455805166675094,0.2675279224193461,0.4918032855683957,2.0
2021-04-07 23:02:56.580,0.3109346270978542,0.8002415536394415,0.202392975105107,0.9967416035493138,0.19678278600964846,0.31658019990264485,0.9285209963004795,0.8005495447851849,0.44520304623201434,0.034883668076017234,0.980698255298639,0.9858860472036796,0.18370881483078724,0.32656851003661713,0.4289618595526906,2.0
2021-04-07 23:02:56.600,0.3151206365777127,0.7491595743609244,0.23936548559540352,0.9984875843901402,0.27718822514188146,0.3786144826866713,0.8881673585423934,0.7174362132800176,0.5379851435046796,0.025661564584631112,1.0,1.0,0.2391680930793034,0.383763819512262,0.3469945753459349,2.0
2021-04-07 23:02:56.620,0.4017408070326653,0.7169936932159895,0.3409630761450899,0.9992040014056567,0.3607580789061139,0.442989426981711,0.8318972389348283,0.6306690390171086,0.6280317559914488,0.0,0.9984388108518258,0.9702038940693006,0.28769487281190953,0.450184575046633,0.27868845854340113,2.0
2021-04-07 23:02:56.640,0.568128148623451,0.6842909295810331,0.41159315475555974,1.0,0.44336795531248785,0.5044895891989607,0.7653381458490742,0.5449395829736324,0.7061913280077705,0.05473132353547136,0.9470621521188496,0.9545217088448229,0.35355281009944495,0.5018449947468042,0.21857923803039808,2.0
2021-04-07 23:02:56.660,0.672900399024941,0.6639785220915351,0.49661100380260925,0.9995753414832749,0.5221148440251262,0.5618711569084244,0.6928238567073268,0.4636451851182637,0.77047090337406,0.10705688308313907,0.8681521212427541,0.8800313798378765,0.4055459278248518,0.549815613883248,0.1939891087246563,2.0
2021-04-07 23:02:56.680,0.6928093077838492,0.6462144947184634,0.5638938425833355,0.9974890061948714,0.5924593775788797,0.6149344939954837,0.6184540842736874,0.3916787736515227,0.8218172323554898,0.11367277917603176,0.8048538075981674,0.7898588656064527,0.44367422598812917,0.5885609758908465,0.1612020831293842,2.0
2021-04-07 23:02:56.700,0.7417603866544746,0.6769071919788444,0.6269310097930657,0.9951089929438681,0.653123488065927,0.6608854795778217,0.5491944186039124,0.3303163523589801,0.859335863297218,0.15918200496348106,0.7648665796755295,0.7273261952117722,0.4852685072048253,0.6291510492504295,0.13661209371435518,2.0
2021-04-07 23:02:56.720,0.8148129732210477,0.6184044881086163,0.703854494978858,0.9925594270565058,0.7254366736124991,0.7120808952905344,0.4905172752354868,0.2784895815743222,0.8834535206598058,0.20469123075093032,0.7248793517528916,0.6647935248170919,0.525129974364503,0.6605166212006913,0.12295092631013331,2.0
2021-04-07 23:02:56.740,0.8064550007531269,0.6245364827540676,0.6915484278591904,0.9898715683719405,0.7711267604910811,0.749921025269188,0.4238351077953347,0.2257968784756708,0.905580708234039,0.29069764694204503,0.6483110813656929,0.5857292207518539,0.5493932754959608,0.6715865896815186,0.11475416991131539,2.0
2021-04-07 23:02:56.760,0.7941486627242761,0.7995790942009372,0.6245943283310602,0.7437521681562416,0.7858710661121912,0.7579217409634887,0.37984992204723567,0.1984420539159957,0.920201292417333,0.2760625293516679,0.6001986835999016,0.5368531122796186,0.5493932754959608,0.6789667575986175,0.10655741351249706,2.0
2021-04-07 23:02:56.780,0.8017346462000502,0.8686843875209624,0.576460524306054,0.4976327679405426,0.800615371733301,0.7659224566577895,0.37324029734764014,0.18567323919259843,0.917771964838886,0.2760625293516679,0.571671860465897,0.4926816518870369,0.5580587655385802,0.7011068834901542,0.12295092631013331,2.0
2021-04-07 23:02:56.800,0.790132099380014,0.8276333566174454,0.537532073165771,0.0053094806339202905,0.8114422441723106,0.7753853750720809,0.3666306726480448,0.17290442446920118,0.9153426372604392,0.2957096790439065,0.5547828453527213,0.47255619457638826,0.5649912640544897,0.7020296170259066,0.1243169591161279,2.0
2021-04-07 23:02:56.820,0.7366277830596287,0.8099809061947406,0.5040229716557572,0.005033352054706779,0.820029264852956,0.775888285717346,0.3578973150416547,0.1662096916972914,0.9170175560864845,0.32297511254245237,0.542719262465214,0.4602718232460247,0.5632582725277808,0.7066421511253888,0.13387974832094082,2.0
2021-04-07 23:02:56.840,0.6948062128304555,0.8444255447036472,0.45523144127524656,0.004564363064324625,0.8246632943416596,0.7752251265116953,0.35767044124471453,0.16177478878023593,0.9148440216863223,0.3430232294631696,0.5383196044092232,0.45295347427732563,0.5511264444923613,0.6992619832082899,0.15573767212398062,2.0
2021-04-07 23:02:56.860,0.67884216317368,0.864252150265644,0.4059162202786399,0.004072675652722763,0.826674336697589,0.7738334145727453,0.3590784033491316,0.15985265787374384,0.9130185041559002,0.3536487302332481,0.5413000175562918,0.4553058004564924,0.5545927824851614,0.7047970619136446,0.12295092631013331,2.0
2021-04-07 23:02:56.880,0.6576062585796727,0.8289369688651637,0.3859302847582574,0.0033597928880271075,0.8285904960949637,0.7732872753639398,0.35934859251090395,0.15802294130415015,0.9118967976409234,0.3412188990879915,0.54513197997205,0.46732880092778895,0.5545927824851614,0.7121770409008624,0.14480885011317313,2.0
2021-04-07 23:02:56.900,0.6283646783767156,0.8263462246004434,0.3573776425079147,0.0025474331497981214,0.8332973561082275,0.7735251701339968,0.3578415894134867,0.15352967143747465,0.9103872140939134,0.3147553869187135,0.5454158289538344,0.4618400398430666,0.5407277854533414,0.7177119306763362,0.14207650471975874,2.0
2021-04-07 23:02:56.920,0.6106373359392674,0.8255857832922401,0.3362333828277586,0.002098248151084119,0.8412911581012296,0.7731777859480682,0.3562839949911327,0.14591940691596467,0.907190740688404,0.3175621263398018,0.5495316387250417,0.4304756907875103,0.5493932754959608,0.7103323295488791,0.1256829919221225,2.0
2021-04-07 23:02:56.940,0.5957500949913374,0.8415613781657932,0.30333480372667554,0.0021217082642910473,0.8474801511154333,0.7723950323056418,0.35575309101719754,0.1400450103965505,0.9042787805520562,0.3480352582831086,0.5579051841523502,0.39702038726759015,0.5528596134887611,0.7158672193243529,0.13661209371435518,2.0
2021-04-07 23:02:56.960,0.5923409923249995,0.885691338839341,0.2731894279381051,0.002417488496775301,0.8476451953095171,0.7719679781524493,0.3562892002101548,0.13988852960234488,0.9038790233739329,0.38572571500905006,0.5682656719874827,0.38212231718752104,0.5545927824851614,0.7047970619136446,0.15300546662127865,2.0
2021-04-07 23:02:56.980,0.5944364221504241,0.8595332309136772,0.26103660367503984,0.002560138172145213,0.8433548470500466,0.7730232231828235,0.35596605113604346,0.14396017308743847,0.9063066241114726,0.4087810525036531,0.5814646496404596,0.38290643019258974,0.5528596134887611,0.6992619832082899,0.15027326111857667,2.0
2021-04-07 23:02:57.000,0.5828968454432619,0.8145491196206944,0.24986489230799247,0.002370659673399943,0.8378708132689208,0.7764530104550623,0.3526912450300973,0.14917340177199068,0.9110365322425366,0.3967521784129159,0.5925347599300531,0.39309984149630567,0.5528596134887611,0.7121770409008624,0.14480885011317313,2.0
2021-04-07 23:02:57.020,0.5766133399610053,0.8126462277383272,0.23812369570642877,0.00219656735279674,0.834806900654216,0.7812727199486522,0.3468631158875071,0.152091799139272,0.9159428378214548,0.3648756751181037,0.5979278894222895,0.40930475731434973,0.5528596134887611,0.6918818152911911,0.15573767212398062,2.0
2021-04-07 23:02:57.040,0.5697931381674,0.798254468821139,0.25168256496082964,0.0020083380289105035,0.8365687751456009,0.7870845662766708,0.33843507203391976,0.15041217791982284,0.9198098838008882,0.3400160110225333,0.6016888901734357,0.4211970697889049,0.5719237625704002,0.7066421511253888,0.11748623552330457,2.0
2021-04-07 23:02:57.060,0.560581940990972,0.7779948147376762,0.26832225440302127,0.00182528821053757,0.8420688041279201,0.7934383253265499,0.3283159135076412,0.145181102417983,0.9226322040152585,0.3472333336719184,0.601334078365371,0.4315211690893621,0.5788560836166193,0.6992619832082899,0.15027326111857667,2.0
2021-04-07 23:02:57.080,0.5516480143327923,0.7855069329113931,0.27972530134570367,0.0014619306649455046,0.8477542460329284,0.8006120090766768,0.31699314381882593,0.13978326954790202,0.9258905710343348,0.3504410321166793,0.596366720022475,0.43622582144769556,0.5857884046628383,0.7121770409008624,0.13114754281823884,2.0
2021-04-07 23:02:57.100,0.5530588191808926,0.793116799696995,0.28341245606270987,0.0007892652371759616,0.8526735814530572,0.8083179273065724,0.3050940131343704,0.13512493844656406,0.9297060584781117,0.3366078309326864,0.589270496639532,0.43361212526519793,0.5909879116520389,0.7121770409008624,0.14480885011317313,2.0
2021-04-07 23:02:57.120,0.5544696240289927,0.8007266664825968,0.287099610779716,0.000437759618905357,0.8571902032903833,0.8123424687127766,0.29839063775974517,0.1308586823406703,0.9308551217885125,0.32833798420026766,0.5839838096442136,0.429168842107943,0.5927209031787484,0.7140221301126076,0.13387974832094082,2.0
2021-04-07 23:02:57.140,0.5692198786313394,0.8340706635479145,0.2862835689904783,8.625400063475235e-05,0.8617068251277096,0.8163670101189808,0.2916872623851201,0.12659242623477654,0.9320041850989134,0.3200681374678489,0.5786971226488953,0.424725558950688,0.597920232698258,0.7269373767350612,0.12295092631013331,2.0
2021-04-07 23:02:57.160,0.5821239656349996,0.8494477978070903,0.2856736364439235,0.0,0.870680297261061,0.8211444065584175,0.28284123377079734,0.1181417524681611,0.9318338900211821,0.3374097571848379,0.5740845768110648,0.4142707792481461,0.5927209031787484,0.7287822770169254,0.14207650471975874,2.0
2021-04-07 23:02:57.180,0.573618101166578,0.8616237396197102,0.29294058169519555,0.05862904704471736,0.8577395224399634,0.7970463822386885,0.31944257522240005,0.13033514452130637,0.9193885995383733,0.357858834606093,0.5738007271322795,0.4119184530689794,0.5944540721751482,0.7214021090998266,0.15573767212398062,2.0
2021-04-07 23:02:57.200,0.5895452023529475,0.9028976345501728,0.28396534440704596,0.05016546082700377,0.8724308786065457,0.8264415025709019,0.2750203567322395,0.11649793712742111,0.9348487594885833,0.3668804866460793,0.5725234067142494,0.41610036413704693,0.5996534016946583,0.7195572088179624,0.13661209371435518,2.0
2021-04-07 23:02:57.220,0.593065743275084,0.9409762072319307,0.2816485257545084,0.04992153658501069,0.8697670102856127,0.829197447400131,0.27180171593236274,0.11900090648362524,0.9378478796475606,0.36146749553695484,0.5699687658781893,0.42420281990672903,0.6126515480237417,0.7241697429174434,0.1625682558260912,2.0
2021-04-07 23:02:57.240,0.6018836872242367,0.9561328561141157,0.27405795953051393,0.04975624942377998,0.867831488276267,0.831300076470503,0.2693111533703034,0.12082149386366309,0.9400882285086868,0.3556535420894159,0.5681237478450909,0.43465760399491776,0.611785052260387,0.7306271772987897,0.14480885011317313,2.0
2021-04-07 23:02:57.260,0.6014871325549744,0.9330290546295417,0.278455900931974,0.04943941602476854,0.8676559722559849,0.8334513858595625,0.2663263644811512,0.12098658004146641,0.9416432941887627,0.3516439183770802,0.5654271822277216,0.4469419740416773,0.611785052260387,0.7195572088179624,0.1612020831293842,2.0
2021-04-07 23:02:57.280,0.5995752051688301,0.9372698537999808,0.2795078220981569,0.048958392300988016,0.8684676003853387,0.8356130205424612,0.2630900089168098,0.12022288342608609,0.9427982001939621,0.3560545040668188,0.5621629188791171,0.4545216917301034,0.6109184677621868,0.718173391909154,0.15232238027292497,2.0
2021-04-07 23:02:57.300,0.6005904280672248,0.9408022829589938,0.2860352190678185,0.048295720272091,0.8688773362515919,0.8377626503503895,0.2599623105266591,0.11983739965561505,0.9440989658288684,0.3712910720076257,0.5614532964246559,0.4621014094185296,0.6100518832639866,0.7167895750003446,0.14344267741646613,2.0
2021-04-07 23:02:57.320,0.6027516054927102,0.9112111812798928,0.2894839368917895,0.04732389269941392,0.8684105391990536,0.8403598334615461,0.25640311791768433,0.1202768229682028,0.9460519320084981,0.3841218657866695,0.5610275230681461,0.4691583888117657,0.6135180437870964,0.708487051407253,0.13661209371435518,2.0
2021-04-07 23:02:57.340,0.6126438463074698,0.8830134920305363,0.29716827642666666,0.046133154849604535,0.8671267959720922,0.8432141163893003,0.2526594733376413,0.12148451996251938,0.9484992421031587,0.3881314888426208,0.5583309576250269,0.4754312599064809,0.6204505423030064,0.7232471983115708,0.14480885011317313,2.0
2021-04-07 23:02:57.360,0.6134062232646235,0.862908907741797,0.3043573828345446,0.044762657690807,0.8659466006265396,0.8460765081144834,0.24886817334638814,0.1225952879114414,0.9508973437238484,0.384723307604101,0.552795902015563,0.4796131709745485,0.6100520607336776,0.7103323295488791,0.15027326111857667,2.0
2021-04-07 23:02:57.380,0.609633095641646,0.8535421671065865,0.3065589102394412,0.04331742331422177,0.8655666786654631,0.8484000021036066,0.24565120615916688,0.12295309726712472,0.9525995154751878,0.38331994117547935,0.5486800910826874,0.47830632523657357,0.6083188917372773,0.7121770409008624,0.15300546662127865,2.0
2021-04-07 23:02:57.400,0.6114163099625918,0.8361548443091507,0.31403860746361983,0.04187989726054732,0.8655070303221174,0.8501803856367839,0.2431301356240381,0.12300954359489824,0.9538038896296825,0.3815156124412625,0.5464093003900801,0.47752221651018467,0.604852553744477,0.7029519727018994,0.15573767212398062,2.0
2021-04-07 23:02:57.420,0.6147605266158879,0.8527171940956477,0.3088344256630743,0.040541056020739485,0.8653111250402371,0.8514147263305649,0.2414142146078331,0.12319336207148988,0.9546983932195895,0.38512426990969617,0.54513197997205,0.47569262948194385,0.597920232698258,0.708487051407253,0.1612020831293842,2.0
2021-04-07 23:02:57.440,0.630184657530844,0.8949395754465016,0.2991029113510413,0.03941250270476828,0.8636404375687484,0.8518632157937678,0.24114964197666758,0.12476762346393273,0.9556740713158989,0.40487166592169765,0.55272493965395,0.4860167287824011,0.597920232698258,0.7011068834901542,0.13661209371435518,2.0
2021-04-07 23:02:57.460,0.6453163962594347,0.9152839532972744,0.2936299623814933,0.03852708527958337,0.8617764858715456,0.8532645543483407,0.23955186578097382,0.12652712665094276,0.9573418182340789,0.4052475682883132,0.5560424248318476,0.49369446086387825,0.6001949282711878,0.6999537853896364,0.13541671883424514,2.0
2021-04-07 23:02:57.480,0.6509894590245437,0.9148185323958234,0.29274917395016475,0.03764166785439838,0.8599125341743429,0.8546658929029135,0.23795408958528005,0.12828662983795278,0.959009565152259,0.4056234706549288,0.5593599100097454,0.5013721929453555,0.6024696238441177,0.6988006872891175,0.13422134395413465,2.0
2021-04-07 23:02:57.500,0.6566625217896527,0.9143531114943726,0.29186838551883615,0.036756250429213475,0.8580485824771402,0.8560672314574864,0.23635631338958632,0.13004613302496293,0.9606773120704392,0.4059993730215444,0.562677395187643,0.5090499250268327,0.6047443194170475,0.6976475891885998,0.1330259690740242,2.0
2021-04-07 23:02:57.520,0.6478415622342923,0.8744856003927499,0.2973831677750938,0.03587083300402857,0.8561846307799375,0.8574685700120591,0.23475853719389256,0.13180563621197294,0.9623450589886191,0.40637527538816,0.5659948803655407,0.5167276571083099,0.6070190149899775,0.696494491088082,0.13183059419391413,2.0
2021-04-07 23:02:57.540,0.6433417061010951,0.8416075745361531,0.3102372116364713,0.030230062057178934,0.8711126399521073,0.8735402684670015,0.2084091972731064,0.11774129034160188,0.9664417033979902,0.34377503255543956,0.5800099243058152,0.5542995298372668,0.6169843817798967,0.7103323295488791,0.14207650471975874,2.0
2021-04-07 23:02:57.560,0.6076063192842723,0.796200093426322,0.330208838288282,0.05592220699583014,0.887390724183658,0.8677168096251785,0.21319438206809702,0.1024914531080675,0.9559524043123402,0.3542501736916408,0.5816065752930201,0.517511759416679,0.6135180437870964,0.708487051407253,0.1612020831293842,2.0
2021-04-07 23:02:57.580,0.6124420844616842,0.8553516303117832,0.3181682299632797,0.05217910784906535,0.8880884404036155,0.8815236170170646,0.1771670330247319,0.10075931410553074,0.970159539936032,0.38031272552447715,0.5764972930400658,0.4811813905666662,0.6239167028261157,0.7140221301126076,0.15573767212398062,2.0
2021-04-07 23:02:57.600,0.6068333533379648,0.8731572487759899,0.3088736505389144,0.048436008702300554,0.8887861566235729,0.8953304244089507,0.16914614509067213,0.10161960303390402,0.9738479033247567,0.40657575982287997,0.5720976332415728,0.45007840894723294,0.6308492013420257,0.7121770409008624,0.1612020831293842,2.0
2021-04-07 23:02:57.620,0.596731273944637,0.8945556829067732,0.29407429431898924,0.04651899754265981,0.8824729082049777,0.9027774462211202,0.163620769640848,0.10708614178549285,0.9790332949585572,0.41178826487273296,0.5685495213177676,0.4315211690893621,0.6239167028261157,0.6974168939965447,0.15300546662127865,2.0
2021-04-07 23:02:57.640,0.5953933461174483,0.9235064923394691,0.2802600648881518,0.04566946723545359,0.8746717467480412,0.9062003086629574,0.16016596507547665,0.11439435734271938,0.9843333981669043,0.4041699827073868,0.5692591436560619,0.4281233646083435,0.6273830408189164,0.6845018363039721,0.1256829919221225,2.0
2021-04-07 23:02:57.660,0.5908200547185737,0.9130613342499143,0.2660924641569883,0.04495174010971904,0.868262167794917,0.9093594217989642,0.15677011989831988,0.12041625512562834,0.9888422706618524,0.3841218657866695,0.5706783887973178,0.4438055391361217,0.6291161210804708,0.6904980928473227,0.12704912964615148,2.0
2021-04-07 23:02:57.680,0.5829993207978981,0.8939245887180107,0.26514499352219706,0.044064368944586776,0.865642732869853,0.9130881194443209,0.15176899652128267,0.1228812610214385,0.9920317328336032,0.36146749553695484,0.5715299357426712,0.4641923660222333,0.6308492013420257,0.6964943493906731,0.12841526737018089,2.0
2021-04-07 23:02:57.700,0.5708891311822655,0.8682188583697686,0.2715057098323326,0.04286930468428989,0.8673703377966788,0.9176958713059782,0.14462946421460854,0.12125514283914098,0.9938389432536562,0.3388131236134596,0.5718137842597883,0.47726084693472165,0.6343153618651355,0.6974170829264257,0.14480885011317313,2.0
2021-04-07 23:02:57.720,0.5629934767859711,0.851150095451815,0.27832926053308166,0.04152778228868699,0.8728581907144182,0.9227653978422449,0.13609962783534982,0.11609660199093155,0.994239881954506,0.3151563492243087,0.5705364641902587,0.482226871007858,0.6377816998579356,0.7066421511253888,0.15027326111857667,2.0
2021-04-07 23:02:57.740,0.5711950038694341,0.8613401243877412,0.28464832705120396,0.040354989902096995,0.881137319171838,0.9273099176044305,0.12783317270197633,0.10833625459084747,0.9930658898129641,0.3049318120725943,0.571671860465897,0.4827496058801041,0.6429808519077549,0.7195572088179624,0.12295092631013331,2.0
2021-04-07 23:02:57.760,0.5754618064978787,0.8406325219983406,0.29805571728856733,0.0392223539170742,0.8908855216469382,0.9319420922277826,0.11917000045343563,0.09923183357377684,0.9911774010163787,0.3033279612092526,0.5746522740776329,0.47307893586665406,0.646447189900555,0.725092287523316,0.13387974832094082,2.0
2021-04-07 23:02:57.780,0.5852760128537278,0.8133825433946497,0.3135523614743988,0.03826834993689843,0.9006184270425919,0.9365551719410607,0.11054828557601622,0.09017905732986371,0.9891568673173439,0.2997192988179353,0.5770649904228007,0.45295347427732563,0.6516463419503737,0.7195572088179624,0.13661209371435518,2.0
2021-04-07 23:02:57.800,0.6006520264782051,0.845103980083062,0.3198175925971864,0.0378039920337986,0.9090913869496446,0.9404119582982583,0.10328645189706054,0.08232876496382664,0.9872139765403001,0.2989173774886674,0.5793357822770762,0.4276006254574176,0.6568456714698838,0.7269373767350612,0.12295092631013331,2.0
2021-04-07 23:02:57.820,0.6163004750128468,0.8851703033869796,0.3145670350119718,0.037948591640655935,0.9158096589127038,0.9431583212548047,0.09799236120634519,0.07612459517905958,0.9854523391396766,0.32588209171945876,0.5850127630744334,0.39179299361899084,0.6481801814272645,0.7343173557222802,0.13661209371435518,2.0
2021-04-07 23:02:57.840,0.6302150573408651,0.9034006108655277,0.31521798394342776,0.03852418704157189,0.9190746100574252,0.9454173441091955,0.09406532839209128,0.07311640250467034,0.9850285490102814,0.3480352582831086,0.5855804598763341,0.364087820759256,0.653379510946774,0.7361624449340243,0.1256829919221225,2.0
