2021-04-25 21:19:23.100,0.29673873399432354,0.41541347575119614,0.19445534311948068,0.028625135481393744,0.8125573472607716,0.9269196278247795,0.08531944904935625,0.17839204199706377,0.9930713654242603,0.4561451428502756,0.6132229265205981,0.5624999912918203,0.9641848963940624,0.9746480612069477,0.016438424571957745,7.0
2021-04-25 21:19:23.120,0.8541400687573922,0.8459039174336522,0.4359509419198629,0.04387456122692478,0.8234683295689067,0.9327046287857591,0.07808559355326808,0.16782778188077746,0.9904784546499603,0.47154245026046426,0.5863426712641541,0.5705758334159126,0.9811499048336182,0.9915495460361673,0.016438424571957745,7.0
2021-04-25 21:19:23.140,0.4659666041363663,0.6634324465948762,0.7401522966745098,0.036962657128421054,0.8314126629538313,0.9428986105940054,0.0655961068865827,0.16015012658444822,0.9895065120622732,0.5169095121313996,0.5654358003852205,0.5537219018940492,0.9736099439772533,0.9718310509184848,0.027397467802568035,7.0
2021-04-25 21:19:23.160,0.3986266379509952,0.698019211099857,0.018348259119168608,0.060635672700949536,0.8596863342693379,0.9572197649844661,0.04783699513605289,0.13292626536891564,0.9815098107719588,0.519384079257113,0.617567208694356,0.551966283135055,0.9736099439772533,0.9802817933330937,0.0219178059133048,7.0
2021-04-25 21:19:23.180,0.9535198207234427,0.9388469744341693,0.5036886510120672,0.07715553730620923,0.8597100578659769,0.9621580849169956,0.041887876566909975,0.13290337543895878,0.9821179085199827,0.4850150954258984,0.5874287401407905,0.5565308902415276,0.9754950307040793,0.9746480612069477,0.008219212285978673,7.0
2021-04-25 21:19:23.200,0.4506307099928149,0.6772865985698476,0.6574125058552931,0.07358162812307117,0.8665847232382107,0.9724005809624999,0.029464895038724116,0.1263082535652372,0.9806953840875104,0.49876268838450355,0.5885826884611169,0.532303363553112,0.9868049719886269,0.9802817933330937,0.0,7.0
2021-04-25 21:19:23.220,0.49415456740078006,0.6809004851897005,0.0,0.11969502854941254,0.9043162407501011,0.9814850802247918,0.01817010859386107,0.0902862802080008,0.967063593600859,0.4979378327678283,0.5794529043960098,0.5361657229260679,0.9924600391436351,0.966197318792337,0.027397467802568035,7.0
2021-04-25 21:19:23.240,0.9829328103417727,0.9173734352506634,0.5007883175172608,0.14566772829864683,0.9064860869003829,0.9843194457110642,0.014765367731717043,0.08822409610732523,0.9664156944565458,0.4971129771511531,0.5703231203309027,0.5400280822990239,0.9905749524168092,0.9830990920723346,0.04109606142989416,7.0
2021-04-25 21:19:23.260,0.5198102740344723,0.6676423646973945,0.6823817449326897,0.14840228608604433,0.9114377075832989,0.9899431030952123,0.0034700801322368325,0.06772958686846874,0.9581753034851772,0.507561149634761,0.5734455752962452,0.5103581427171222,0.9962302125972865,0.9802817933330937,0.030137018199283473,7.0
2021-04-25 21:19:23.280,0.463951238199278,0.6352252196494855,0.05404184248045519,0.18676288456385304,0.9448482835041762,0.9974053574086877,0.0,0.05094770581234889,0.9510574245346283,0.5119603785551263,0.5395058528956287,0.5063202186804998,1.0,0.9802817933330937,0.030137018199283473,7.0
2021-04-25 21:19:23.300,0.8013733322857629,0.7771815652281393,0.6209341248948791,0.2233466603919729,0.9458994933300859,0.9964931097088608,0.0025662166399095117,0.04956110562612179,0.9503385587497616,0.5009623029909696,0.5507738405815098,0.47858145591108947,0.9830349915604442,0.966197318792337,0.04109606142989416,7.0
2021-04-25 21:19:23.320,0.4597519459691731,0.5859079602162407,0.12906326190301934,0.23650058725268372,0.9473729305220686,0.994315925257185,0.003733752069649244,0.0346290105021229,0.9433968760747665,0.46906788561031465,0.5309530418794828,0.4350421291965092,0.9754950307040793,0.9774650714954088,0.027397467802568035,7.0
2021-04-25 21:19:23.340,1.0,0.8778061314060193,0.3648000839944533,0.2757437311942485,0.9735227987712757,1.0,0.0049012874993889805,0.01969691537812394,0.9364551933997719,0.4597195217633685,0.5168341198143604,0.3774578506855838,0.9641848963940624,0.9521128442515802,0.030137018199283473,7.0
2021-04-25 21:19:23.360,0.606028694562331,0.7616831134767357,0.3385359242286706,0.3398965208777985,0.9849634228065905,0.9842578467468236,0.02494507525834811,0.0,0.9258774091085831,0.5210337905242212,0.4849307723904296,0.3153089915088637,0.9443921613515335,0.9549297103146532,0.057534345727893614,7.0
2021-04-25 21:19:23.380,0.8333947089633653,0.8367307206430933,0.520552127755638,0.4300608316457865,1.0,0.9643494952778788,0.03714336082528257,0.000372205242330452,0.924896736497653,0.5784987374961801,0.4374151729194284,0.23068821750515428,0.9019793507144407,0.932394637584674,0.027397467802568035,7.0
2021-04-25 21:19:23.400,0.9060758718110793,0.887945005055188,0.6389565381712105,0.5500953869001981,0.9860984404060767,0.923397434186719,0.04934164639221702,0.0007444104846610587,0.9239160638867233,0.582623017914463,0.36749934036268633,0.1313202416723936,0.8718191212380425,0.9126761424669915,0.04109606142989416,7.0
2021-04-25 21:19:23.420,0.9513296047043422,0.8803911348962127,0.7428512136649825,0.6518051520924456,0.9675542811833587,0.8803063980367449,0.11059262691781424,0.02195977831677694,0.923663362568773,0.6092933478155321,0.2777627302500921,0.05898874983647023,0.8152688357388976,0.8647886982677954,0.04657544277124122,7.0
2021-04-25 21:19:23.440,0.9703863989586164,0.8190145901007364,0.8175765926281104,0.7621078705191142,0.9402657388000418,0.8231100806156155,0.20371298412918412,0.056254371994041805,0.9137235270728252,0.7167995298049,0.1805593535515434,0.02879217374330332,0.7285579347124167,0.8140842437801348,0.09315088554248244,7.0
2021-04-25 21:19:23.460,0.9669216922289288,0.5179403426456207,0.9393703633680771,0.8627615140853988,0.8941110281289019,0.7537786117646655,0.2865226438710426,0.09999922306630436,0.8978679274397267,0.8751718069462565,0.09788212113135698,0.00807584519925813,0.6361923525818655,0.7492958916532733,0.1424658787104391,7.0
2021-04-25 21:19:23.480,0.8855103322018879,0.4419562402978573,1.0,0.9363490080695572,0.8210032109346884,0.6767992785763142,0.37965702002428753,0.17021270702582883,0.8732684116237124,0.9991751421159333,0.04615803282124135,0.0,0.5344015298426547,0.6647887559579496,0.1863014905370487,7.0
2021-04-25 21:19:23.500,0.7791870453732019,0.5569833571216943,0.9741422257097982,0.9755084301755881,0.7266047674834498,0.5974097654193747,0.47588889258950406,0.26235423870287883,0.835216399346784,1.0,0.013032844298869571,0.00948036250859034,0.44769082184164244,0.5802816202626276,0.24657552693561602,7.0
2021-04-25 21:19:23.520,0.6327804487199601,0.4169432867106175,0.8951903224849488,0.9921445454824187,0.631890048413396,0.517527227336884,0.5697501699414724,0.3562096582404549,0.776958044240491,0.9241132322017477,0.0,0.02879217374330332,0.35532523971109126,0.5042252269819164,0.33424675058883524,7.0
2021-04-25 21:19:23.540,0.4794042417353304,0.2594015346412784,0.7857364175565892,0.998947344564679,0.5483684206107683,0.4390623982784331,0.6568121469821184,0.4399027153588782,0.6998485462999972,0.8630739288218222,0.007195255478406593,0.03897470868695832,0.2610745708537146,0.4281688337012034,0.4410959492107276,7.0
2021-04-25 21:19:23.560,0.3344898133869827,0.10055995166369665,0.6941368114526325,1.0,0.47413249813012137,0.36474730580441833,0.7337616038102558,0.5148464712821266,0.6113177748548784,0.8803958993769703,0.038419766239759366,0.061446640757867946,0.1950990447459096,0.3521130173220463,0.5287671728639468,7.0
2021-04-25 21:19:23.580,0.22777761780533243,0.03950346048979985,0.5913545044861984,0.9838368864009343,0.4014895610470596,0.2979035209192143,0.7980228734417656,0.5885405763900371,0.5207526451548002,0.9260379156013208,0.08172685464760521,0.09129215937336976,0.1442036333763042,0.27323903685131623,0.6602740083437756,7.0
2021-04-25 21:19:23.600,0.13747863815022962,0.0,0.5062250472910533,0.9468670302611767,0.32948100639416755,0.2398044568399154,0.8492963457400163,0.6618039449278736,0.43395980543350243,0.9044541943152454,0.16046702599607174,0.16608148465095662,0.09519330873352452,0.20845068472445474,0.7315068635346205,7.0
2021-04-25 21:19:23.620,0.09388640417614864,0.010303516617961965,0.4256418038311031,0.8984947400556982,0.2647628709506841,0.1899522222917003,0.8891242963914316,0.7277196180775121,0.3535272663877226,0.8327604887897352,0.2229161253029206,0.21734551861550175,0.05937801210211793,0.14084503385835243,0.8219178620228881,7.0
2021-04-25 21:19:23.640,0.06494850761904929,0.04571317382566793,0.3456589226297815,0.8567479399495788,0.21323917688421892,0.1484572973956933,0.9302127935099905,0.7974962971967187,0.2533822128273404,0.7610667832642249,0.28536522460976943,0.26860955258004693,0.027332695898894338,0.09577459994761754,0.8767123487513584,7.0
2021-04-25 21:19:23.660,0.034945094169642685,0.18137291521751858,0.25805937102178345,0.8353234155842592,0.1791759270843703,0.11505643286806728,0.9642598179710972,0.8350001226370676,0.15895162596495158,0.7126752538876424,0.3886777290163801,0.3539325766164623,0.016022561588877715,0.05352088787456758,0.9260273980288984,7.0
2021-04-25 21:19:23.680,0.02785538234344798,0.3694489237774052,0.17643858403132642,0.8465976005961836,0.15931062094890705,0.0787567322774358,0.9845057660312464,0.8804908046935714,0.0893642352125093,0.7124003087613289,0.4602226548872583,0.4234550510776416,0.002827533577504361,0.03661997994690217,0.9561643881733904,7.0
2021-04-25 21:19:23.700,0.03658040502178326,0.5824838111878717,0.12521834652008432,0.8248613857030295,0.11446414523544911,0.04144403811913684,0.9914483581470447,0.913692003554524,0.05629542815441505,0.6788561706614128,0.5301384896664044,0.5063202186804998,0.0009424468506786417,0.0,0.9917808157688128,7.0
2021-04-25 21:19:23.720,0.02128344335034849,0.5857577866082071,0.1341770798740567,0.7773084496395816,0.06757815396661027,0.01528630692509814,0.998390950262843,0.9468932024154765,0.0232266210963208,0.5812482540241809,0.5984252100185755,0.5898876305680906,0.0,0.004225226981916353,1.0,7.0
2021-04-25 21:19:23.740,0.0,0.6426217661046191,0.09137270390439364,0.724289064301835,0.029925576649405032,0.0,1.0,0.9913065126066376,0.0,0.4616441826578153,0.6654901148299526,0.6776685282819837,0.0023562618957978627,0.011971716824410466,0.9760274050425963,7.0
2021-04-25 21:19:23.760,0.01014259569249869,0.6689641695975371,0.05356079940177199,0.6700589119094305,0.00029211323802145973,0.000698546558135219,0.9949614461927632,1.0,0.013809338507740198,0.3662358877949322,0.7316046918728406,0.7633426701497853,0.004712523791595725,0.019718206666904575,0.9520548100851925,7.0
2021-04-25 21:19:23.780,0.026699851366672547,0.7110591069967656,0.05664650285206367,0.648611457359855,0.0,0.023592978559504093,0.9860596654780707,0.9946743242018191,0.045229457208645824,0.3007973408663092,0.7971762355886125,0.8391853834093713,0.02356266721434457,0.059154836338797596,0.8952054922304359,7.0
2021-04-25 21:19:23.800,0.06667923655634708,0.758725196406725,0.08200972166979707,0.6395092407309391,0.013142931042466676,0.05350352014992676,0.9771578847633782,0.9893486484036382,0.07664957590955145,0.24938132845554234,0.8597610682251944,0.8960674147615774,0.04241281063709341,0.09859146601069062,0.8383561743756792,7.0
2021-04-25 21:19:23.820,0.11717415444691347,0.7515914794109726,0.10940555138982827,0.6324238137962382,0.035709161342191605,0.09384446727641542,0.9463433948921552,0.960049773229429,0.17794860712291416,0.22051137002858673,0.9171870786981625,0.9315308876549395,0.08011319399532545,0.169013982939866,0.7150685231270376,7.0
2021-04-25 21:19:23.840,0.16480735454730527,0.6619286462910592,0.14330814274704826,0.632155583966468,0.07203262050117172,0.14525866001329044,0.9144459803226325,0.9234154681157909,0.2698011054762722,0.21473738734524606,0.9633451226314244,0.9540027909859821,0.11215831717308061,0.21971814897674866,0.6547945708928452,7.0
2021-04-25 21:19:23.860,0.18804057712432362,0.4816812403783925,0.19123910510940528,0.6449559593815772,0.13570216127230791,0.21505851109460702,0.8658670435287301,0.8589615539064122,0.38994665167280457,0.21281270394567303,0.9896823223367114,0.9634831534945724,0.16682370897086846,0.29295753196899876,0.5342466103148773,7.0
2021-04-25 21:19:23.880,0.20528121117891593,0.3541531357597312,0.271861681445828,0.6427282653182286,0.20545616688166607,0.295690233753035,0.8008220635339959,0.7880937994489554,0.518754183253476,0.2040142798626315,1.0,0.9761235793596251,0.22148919728139094,0.360563471285879,0.4410959492107276,7.0
2021-04-25 21:19:23.900,0.2617565971391357,0.36778644101758556,0.3643373751789137,0.6236676829715385,0.2745294281270531,0.3780956863042925,0.7255926438557926,0.7177720586631626,0.6379012588562096,0.19081657622269063,0.9972848333644194,0.9978932527758687,0.28934971360328676,0.42253539002583357,0.3890411250981393,7.0
2021-04-25 21:19:23.920,0.3637410272341912,0.43886566402515054,0.42339925143384355,0.5924293063752575,0.34454316177857713,0.45816255485625257,0.6450416024105153,0.646468625570846,0.7400675944109301,0.13527628789466598,0.9748846225027196,1.0,0.35155525928290904,0.48732431905425094,0.3123289446755304,7.0
2021-04-25 21:19:23.940,0.49570747710372964,0.4861089727511522,0.4967545936326587,0.5607685877806101,0.41944481927987154,0.5324893079115849,0.5643092722113908,0.5703000963885544,0.8209228167756053,0.03711846975224404,0.9258756563801028,0.972612372305896,0.4213007658188957,0.5549296814695753,0.27397271419026786,7.0
2021-04-25 21:19:23.960,0.6786855777764255,0.5497446886692974,0.5953070842607023,0.539550701703632,0.5028827972712189,0.5962879864017347,0.49050089653126855,0.48576997160324764,0.8764373161895952,0.0,0.8605756237718788,0.939255589156931,0.47785105131804056,0.6253520541733626,0.232876793034332,7.0
2021-04-25 21:19:23.980,0.7934405687404128,0.5183864812690436,0.7155211789800718,0.5212105537506176,0.5887229605480684,0.64863927009562,0.4268385445012436,0.39937092061904683,0.9092023137452826,0.09925759864767605,0.7945968022827646,0.9160814559110894,0.5249764822594638,0.6929579934902428,0.20273991510900644,7.0
