2021-05-01 19:25:43.200,0.0,0.1496761560408728,0.39619074237316304,0.3390585412770784,0.039192698734576856,0.22009472798298765,0.757807702283408,0.9820314975227984,0.48874036605908944,0.8893352800602067,0.5229437185874094,0.3801498164081928,0.8387100089260533,0.059452884429232286,0.04903080139692558,2.0
2021-05-01 19:25:43.220,0.4908425681942197,0.2853606052976838,0.462068723183246,0.3826116085150858,0.029803477937892574,0.23931655190857073,0.7446398601337906,0.9867656969921887,0.5148525750383205,0.9209276833845726,0.7870129754258067,0.34269663403575307,0.870968227356007,0.06064211258156418,0.05473204108098381,2.0
2021-05-01 19:25:43.240,0.6586048620525009,0.2952571490721413,0.9160151264908845,0.4286740424439382,0.020924330091014846,0.26148182273049764,0.7271659508607605,0.9909952508978845,0.5418750801602374,0.9302410504023413,0.8242424162967538,0.3857677937640587,0.8817202327821073,0.0582640215563586,0.05131127391821141,2.0
2021-05-01 19:25:43.260,0.13630220832282416,0.1662678423087674,0.8139165020733268,0.4786083351028817,0.011541953330593619,0.28678137419911043,0.7020774392400553,0.9952010789300632,0.568810449777456,0.9243973676415653,0.5601731332376443,0.4606741738368676,0.8602151208540819,0.052318733113434955,0.05245156855969815,2.0
2021-05-01 19:25:43.280,0.09334346815442963,0.1729950949738172,0.285456496258096,0.5288408334763459,0.0,0.31309427880628776,0.6668249128538842,1.0,0.5909558771866741,0.9234842909490198,0.36623373908350243,0.4606741738368676,0.8602151208540819,0.06064211258156418,0.05701251360226947,2.0
2021-05-01 19:25:43.300,0.5557753956112698,0.2699023222316508,0.31150641065537416,0.5782066210183489,0.00017749752882404728,0.3346990439288331,0.6518364460860219,0.9999294141812829,0.6107833818652204,0.9300584383522273,0.6917748814363167,0.37078653614301227,0.8064517904960997,0.04756242930320509,0.0649943425693012,2.0
2021-05-01 19:25:43.320,0.644725474862602,0.25610600670041406,0.8886577617481191,0.6360975625799692,0.0014217978500288193,0.36250873581495985,0.6281786124520339,0.999431332237926,0.6349679208824899,0.9485025573482007,1.0,0.3951311046850981,0.8279569024241282,0.04875141393589818,0.06727481509058686,2.0
2021-05-01 19:25:43.340,0.19601770080608127,0.18159615645023466,0.5950738333849984,0.6941373078958265,0.0031509132017160427,0.39302533818641955,0.5952576020429673,0.9987311768684247,0.6586280889410723,0.9643900642955517,0.6770562672392325,0.4531835373623796,0.8494631154279816,0.03923904983507656,0.07297605477464508,2.0
2021-05-01 19:25:43.360,0.2754467742965352,0.21427392256723127,0.1704480305947469,0.7468444650452782,0.002520241202293744,0.4216449700548401,0.5558976813450346,0.9989875884629417,0.6744798718660052,1.0,0.5844155707944351,0.45692885559962365,0.870968227356007,0.029726442214616143,0.07297605477464508,2.0
2021-05-01 19:25:43.380,0.8185990110082684,0.3087458852188776,0.35433705981257435,0.7802296266913169,0.008326759318419306,0.43653468738360457,0.5387511495291895,0.9965796006015506,0.688069000554234,0.984295108092213,1.0,0.4082397031875226,0.8064517904960997,0.02140294098666821,0.07525652729593074,2.0
2021-05-01 19:25:43.400,0.9169601944551515,0.3121505679259086,0.8117989309792855,0.8168069952669393,0.01588707745634924,0.45404161674223664,0.5152875329841639,0.9932871379995258,0.7038032330475759,0.96877282225564,0.9333333073488437,0.45505619648100165,0.8387100089260533,0.00832350122794793,0.06727481509058686,2.0
2021-05-01 19:25:43.420,0.49300265094569506,0.26186208121510657,0.7879801788063696,0.8547200981253171,0.02571826640072096,0.4745837642750626,0.4827980883205187,0.9887416157147705,0.7214491278497248,0.9439371779959671,0.7755411069194192,0.4798689221387783,0.8494631154279816,0.010701470493334106,0.08323835626296247,2.0
2021-05-01 19:25:43.440,0.341415569925681,0.26535907637272105,0.447534349985512,0.9052823575822914,0.04427500735873708,0.5030635335704899,0.44319635550930037,0.9832509859015051,0.7379479977023558,0.9191015337362942,0.6177489064899948,0.5046816477965549,0.8817202327821073,0.009512485860641018,0.08437853414276138,2.0
2021-05-01 19:25:43.460,0.7334787569737948,0.4031696482706749,0.588934250716539,0.922219559813155,0.05623247897879422,0.5117226308457258,0.4121375862543266,0.9752975996571424,0.7560940730915827,0.8847699036077397,0.5939393870674627,0.526217221529536,0.8064517904960997,0.004756182050411155,0.07525652729593074,2.0
2021-05-01 19:25:43.480,0.6926770361196619,0.42270384541455924,0.4913692798503221,0.9391567620440187,0.06818995059885141,0.5203817281209616,0.3727891387200617,0.9602009769787473,0.7838969415194735,0.8703433144358688,0.6632034503339315,0.6217228427104291,0.8064517904960997,0.0,0.07525652729593074,2.0
2021-05-01 19:25:43.500,0.715079852010605,0.41224373378586576,0.49110568808690874,0.9556729319037237,0.08577807516828094,0.5291634977207195,0.3464094020612646,0.9476625522271844,0.8021368689902563,0.8633126361600136,0.6833333208135337,0.648876399930448,0.8279569024241282,0.009512485860641018,0.07753705819806041,2.0
2021-05-01 19:25:43.520,0.7374826679015482,0.4017836221571722,0.49084209632349535,0.9732409573664932,0.11372218085390291,0.5398202686997982,0.3200296654024674,0.9351241274756216,0.820376796461039,0.8562819578841585,0.7034631912931361,0.6760299571504667,0.774193572066146,0.00832350122794793,0.0763968219374175,2.0
2021-05-01 19:25:43.540,0.7293004204567576,0.35076584819842527,0.5220815009166616,0.9864727666550459,0.14356669854141982,0.5491112187377108,0.2791491616632954,0.9121695600485987,0.8470575331989835,0.8354638433738519,0.6961038856119298,0.6235954972306723,0.8064517904960997,0.01545777430356397,0.06955528761187267,2.0
2021-05-01 19:25:43.560,0.7570297387095005,0.3964285040928793,0.49306609304596954,0.9930200122002568,0.16431482440974818,0.5544529434818158,0.2517132361156802,0.894759584002047,0.8639946909080505,0.8117238882305199,0.6917748814363167,0.6104868879986972,0.822580899711075,0.019024971721282036,0.06499428418845736,2.0
2021-05-01 19:25:43.580,0.7727497939619442,0.4173373084924467,0.44510490728931207,0.9977445239197005,0.18608456425492684,0.559143503086033,0.22457091562377113,0.875347343291278,0.880667706077172,0.7565741477768887,0.6675324580528839,0.6123595409861474,0.8387100089260533,0.022592169139000102,0.06043328076504204,2.0
2021-05-01 19:25:43.600,0.7664607748843587,0.4829200416546196,0.386868159027778,1.0,0.21007308612800188,0.5630642717690278,0.19799210440783457,0.8526663819920514,0.898159086810164,0.686997799766269,0.6510822421855545,0.5992509332869653,0.8225814502489921,0.05826396067644925,0.055872277341626725,2.0
2021-05-01 19:25:43.620,0.7745154848518543,0.5112581524205626,0.35155923823656515,0.9997501891546963,0.2371803353570778,0.5662593403066766,0.17196042328282762,0.8255080147991347,0.9168738068304557,0.6338568277372929,0.651948043020677,0.5805243421007454,0.8064517904960997,0.092746889341024,0.04332956171286752,2.0
2021-05-01 19:25:43.640,0.8105384551324802,0.4905041636933277,0.3492370941587944,0.9976596384816051,0.2669504949325294,0.568952372380139,0.1466072322815759,0.7939558525516047,0.9357221362049679,0.5869247790112961,0.6614718522070256,0.5936329559310993,0.7956997850699994,0.1165277995930784,0.0239452533777195,2.0
2021-05-01 19:25:43.660,0.8395785483806087,0.47645364549869135,0.3565331441349062,0.9938529543003547,0.2989647573727975,0.5713637687911336,0.12199956059785431,0.7582030862680832,0.9536068034262454,0.5374361227208521,0.6545454384393659,0.5955056150497213,0.8387100089260533,0.1510106673777438,0.027366020540491906,2.0
2021-05-01 19:25:43.680,0.8707043317984074,0.5270081057406153,0.33635042090351314,0.9883699173130828,0.3328602629207487,0.5735138890134351,0.0989270636952476,0.7185398010674275,0.9697185391275814,0.49908693451789216,0.6467532309232625,0.6029962469258304,0.8172037959221999,0.1878716261876148,0.02280501711707659,2.0
2021-05-01 19:25:43.700,0.8864635108298624,0.5784939755994978,0.2935534109608299,0.98153319986164,0.36813309056928506,0.5755816718139428,0.07749971241897824,0.675588502538534,0.9830480513230598,0.4581811686449853,0.6502164413504319,0.5842696603379894,0.8279569024241282,0.22711055426287194,0.007981712205343886,2.0
2021-05-01 19:25:43.720,0.8996873707942864,0.6148783029647236,0.26911552497077657,0.9734964212589429,0.4051036516708519,0.5777311886270325,0.05751714963406439,0.6290937259698194,0.9929817050391582,0.40796202529123465,0.6372294288235928,0.5599250917959036,0.9032264457859638,0.2687276951231541,0.003420767162772406,2.0
2021-05-01 19:25:43.740,0.907612783469717,0.6329763683904174,0.25714472530819205,0.9641405983222069,0.4443835052574118,0.5799938753965006,0.03944908671262587,0.5784755270842683,0.9989742797307207,0.34441199750183027,0.6337662254831025,0.5486891370841716,0.9569897761439429,0.31985732184407656,0.003420767162772406,2.0
2021-05-01 19:25:43.760,0.917015330282716,0.6631859183400902,0.2549410704166139,0.9531092002473107,0.4863952632278216,0.5825085581444697,0.02360865311142724,0.5234873429458808,1.0,0.23986487614094926,0.5896103758051707,0.47752809517491496,1.0,0.3840666318433588,0.012542774009603042,2.0
2021-05-01 19:25:43.780,0.9422520861697761,0.7252015291035434,0.237413379016799,0.9404070725032365,0.5312042648063192,0.5853010745181603,0.01114485811406342,0.4645369691342526,0.995021789113379,0.1610664858216806,0.5073593035552026,0.4232209761364985,0.9569897761439429,0.4340071521717688,0.0,2.0
2021-05-01 19:25:43.800,0.9559471157685764,0.8174969715987077,0.22473351532233748,0.9259605161049712,0.5786503819150501,0.5884493090028682,0.0031736948294522325,0.4025807939968483,0.982983992043639,0.15695763622105086,0.49177488143631676,0.43352060128891945,0.9462366696420178,0.5005945531962559,0.010262301488317385,2.0
2021-05-01 19:25:43.820,0.9610867567684781,0.9005946537628879,0.20669750382385335,0.9099645462238966,0.6274858104218035,0.5921730981009566,0.0,0.34020687132501154,0.963168637679365,0.15284878662042112,0.4761904593174308,0.4438202264413403,1.0,0.5695600452459486,0.027366020540491906,2.0
2021-05-01 19:25:43.840,1.0,0.9476383668505715,0.23113428984651155,0.8840798116386507,0.700068167719715,0.5994518166989197,0.0014800819399238216,0.28033873445760266,0.9358698253698287,0.15814464967283004,0.4242424127534143,0.45692884027169417,0.9354835631400895,0.6242568693845891,0.05245156855969815,2.0
2021-05-01 19:25:43.860,0.9815579342578218,0.9995726342212901,0.2584951183807841,0.8693967544796315,0.735701469499874,0.6043660343971745,0.012247909432490768,0.19902991574409698,0.8815239035519741,0.1265522388598919,0.37402593951292684,0.3764044981709488,0.8817202327821073,0.6765754807382054,0.07525652729593074,2.0
2021-05-01 19:25:43.880,0.9677082864269687,0.9991993899651214,0.2546343429371072,0.8547136973206123,0.771334771280033,0.6092802520954292,0.0314653081900067,0.12599477180739996,0.8129305033722497,0.1060993633970635,0.3826839266041159,0.346441952272997,0.870968227356007,0.734839502294564,0.11288484932474004,2.0
2021-05-01 19:25:43.900,0.9538586385961155,0.9988261457089529,0.2507735674934302,0.8299683657934361,0.8192988819648075,0.6188824565280677,0.04625651362635613,0.09641872734306856,0.769732497655593,0.08637691520854125,0.3826839266041159,0.32958803553332855,0.8817202327821073,0.7871582354079989,0.14823258207057582,2.0
2021-05-01 19:25:43.920,0.9705644091526139,0.9965541321343521,0.27836502392166024,0.7768495830629175,0.8898844200268247,0.6423876212499828,0.061047719062705647,0.06684268287873715,0.7265344919389364,0.05953246104559408,0.34632033404904056,0.3164794063750453,0.7956997850699994,0.8406659531541273,0.19726338346750158,2.0
2021-05-01 19:25:43.940,0.9333039643158507,1.0,0.30758794733436196,0.691536906208721,0.9537600761219021,0.6822058227145185,0.09825655692034056,0.02345047046362779,0.6292785858401373,0.03816650291132007,0.3125540802192221,0.28838953492364483,0.774193572066146,0.890606473482538,0.25655648635274453,2.0
2021-05-01 19:25:43.960,0.916618805495438,0.9595236579673972,0.3264525720702886,0.5953701395520132,0.9853965813165011,0.7279687963687504,0.1275254645196173,0.006703769772300961,0.5587774622806201,0.0273922260401137,0.3142856748027883,0.20411985925772605,0.7849466785680711,0.9262783258998964,0.3033067218190343,2.0
2021-05-01 19:25:43.980,0.9203331173771226,0.884524705411498,0.3520518373917059,0.465223624348669,1.0,0.7905532823882758,0.1603248770963874,0.0,0.48637230619221966,0.01771362744849168,0.31861467897840134,0.1404494798804373,0.639784695633278,0.9696790045891276,0.4064994286523691,2.0
2021-05-01 19:25:44.000,0.9025411483590469,0.8883724312163206,0.3675399090926883,0.3298994264348376,0.9916119309798168,0.8565318614171294,0.195995510968958,0.0037702349824500774,0.41366715752135463,0.0018261503956410131,0.3012986622759493,0.09176031214040678,0.5268820322042634,0.9940547115570767,0.5039908724493083,2.0
2021-05-01 19:25:44.020,0.8772285618269531,0.8910169511141354,0.38114695972492313,0.2266626958068298,0.9628354849228643,0.908386278999714,0.23364062723994594,0.018339131825633903,0.3418696494548883,0.0,0.27272722763022444,0.03558053858174714,0.4838707072723846,1.0,0.5758266792871417,2.0
2021-05-01 19:25:44.040,0.8453911183795071,0.8393601521149836,0.3866804033233337,0.16190460605214643,0.921800223420383,0.9430255155775535,0.2721273294127213,0.0433685833818924,0.2734296580185445,0.017531031840352807,0.25194802176063996,0.0,0.4516135899182558,0.9976220307346139,0.6453819902513518,2.0
2021-05-01 19:25:44.060,0.8170793014378261,0.7413994965880625,0.37713003244424254,0.12439276784609812,0.8751589621798487,0.9656659320438871,0.31030515590449076,0.07758166959456143,0.21084138803889216,0.050401768856390014,0.2580086205198192,0.03932585681899113,0.36559094005449194,0.9928657269243836,0.6966932758457319,2.0
2021-05-01 19:25:44.080,0.801589079504942,0.7145893749537021,0.3607597147252137,0.10411722592141444,0.8265998747450483,0.9811877121412889,0.34767653869768084,0.11923598060460953,0.15566846478270827,0.10810807950634295,0.23290041047462182,0.12172285803835858,0.31182760969651285,0.9726516488105894,0.7616875717103581,2.0
2021-05-01 19:25:44.100,0.7706456219607604,0.6796105630307386,0.36781737092115996,0.09499341720007838,0.7793453696791507,0.9921833923738519,0.3826777159193802,0.16510757370232787,0.10996786919955148,0.21512052557485192,0.12554112109277715,0.16292135864804227,0.25806427933853066,0.9607610719247428,0.7993158470344922,2.0
2021-05-01 19:25:44.120,0.7183178167771194,0.6150847181374287,0.38083496474017847,0.09270956222490041,0.7370970429463974,1.0,0.4132119447810752,0.2100487789971466,0.07542056749961278,0.3535427345327848,0.0,0.19850189722978942,0.33333382270036627,0.9357908117605375,0.8358038744218148,2.0
2021-05-01 19:25:44.140,0.6766443984891939,0.5286241746183414,0.3695888980926349,0.09436749626672915,0.7018050533944935,0.0,0.43861755776795047,0.25006209884241953,0.051128483867632454,0.5094959902783205,0.004761918766532336,0.2565543145791417,0.33333382270036627,0.9298455233176142,0.8529076401786644,2.0
2021-05-01 19:25:44.160,0.6370717911828266,0.5326400409581551,0.31929983678788554,0.09818082352613354,0.671642798352356,0.00455487354484441,0.4608101100236092,0.2857927263573419,0.033741571580855945,0.6481007948443921,0.13939391319470176,0.19475656366461605,0.34408582812646654,0.9155767336467433,0.875712657295741,2.0
2021-05-01 19:25:44.180,0.6091403208171027,0.5871555827791811,0.2591586927430626,0.10311562859940392,0.6448080871761042,0.008786867290172744,0.4825108201016702,0.3185962643423847,0.02102624564357623,0.6879565313397492,0.1761904486874124,0.13342697752974594,0.31182760969651285,0.908442460571127,0.8962371727011099,2.0
2021-05-01 19:25:44.200,0.5775274123627728,0.5245156695748636,0.3494911528714502,0.10847744810430487,0.6234508770345847,0.013077693433647845,0.5049629188484597,0.34528439655823123,0.013073853926705684,0.7278122678351063,0.21298698418012296,0.0720973913948759,0.31182760969651285,0.9072533541786144,0.9042189257730445,2.0
2021-05-01 19:25:44.220,0.5579432079525984,0.5713174810281259,0.36559888218356784,0.11404532267318832,0.6072855010699661,0.01759993818407848,0.5287046163160435,0.3657764765549903,0.00877736167116664,0.6506574024088394,0.22510821713187645,0.12546817627560258,0.2473111728366024,0.8870392760648202,0.9270239428901211,2.0
2021-05-01 19:25:44.240,0.5371806451674301,0.5567391196915747,0.29449198927734554,0.1230364283560475,0.5788396939702118,0.02380649080025828,0.5620355489157315,0.4023712531075649,0.003665905278211768,0.5940467550912206,0.22424243755679074,0.22846444312774122,0.279570492342384,0.8727706081537681,0.9429874607101592,2.0
2021-05-01 19:25:44.260,0.4937819346902074,0.458415713667109,0.27177612610605417,0.13056514906735675,0.5552459172684647,0.027140557164041422,0.5801863198468475,0.4331670749919986,0.001832952639105884,0.5984294981040588,0.23549782715334763,0.32958803553332855,0.3010745031945846,0.8585018184828972,0.969213227475755,2.0
2021-05-01 19:25:44.280,0.4256229166493266,0.4044210864028397,0.2847319983683608,0.13809386977866597,0.5316521405667177,0.030474623527824644,0.5983370907779636,0.4639628968764323,0.0,0.6559532430403733,0.28484849601537293,0.41385769587131793,0.34408582812646654,0.8489893326222562,0.9714937291874627,2.0
2021-05-01 19:25:44.300,0.3926960194606209,0.39492517282570094,0.287504046570529,0.15031017644564135,0.4993803837407091,0.03480732515317162,0.6209915532388052,0.5064050373526487,0.0018475479009188041,0.7543827687968446,0.3774891499400963,0.5224718940955344,0.2688173858404558,0.8382878621289221,0.9897377428811239,2.0
2021-05-01 19:25:44.320,0.37316270239814725,0.3942685455730393,0.26688846929135585,0.1578168128852037,0.48389245439409323,0.03788169508710079,0.6364281531344836,0.5267771198435837,0.0050120873299979605,0.8486121277171916,0.49870129520397655,0.642322093015271,0.31182760969651285,0.8275862698757686,1.0,2.0
