2021-04-26 19:06:38.280,0.9943503472395022,0.5933996041821414,0.5218120068721748,0.10173336922730776,0.3415910189672248,0.1980770005598666,0.7941099044825091,0.6655015971861363,0.8786416647372037,0.41489167873926297,0.3703895027328865,0.27169696767754836,0.312337656120088,0.33408097591349756,0.029950126428222226,3.0
2021-04-26 19:06:38.300,0.6948760083499987,0.49948983143106346,0.720645566622778,0.09846692444264486,0.3223143523187355,0.20236504354718893,0.7933317269189715,0.6538165997876889,0.877275285564029,0.3999635886845306,0.3778605612319132,0.2748621707891053,0.3090909115088544,0.34529148187978964,0.03161391348528769,3.0
2021-04-26 19:06:38.320,0.6875747224028488,0.5032213135716822,0.2123009046772446,0.10047634172638417,0.3580157038826081,0.20207741112233196,0.7914544966862797,0.627297091984213,0.8740582100048828,0.3850354986297981,0.38533161973094,0.27802737390066223,0.30779222696306086,0.3587444563936662,0.03161391348528769,3.0
2021-04-26 19:06:38.340,1.0,0.5754964501269259,0.5615635453008111,0.10248575901012362,0.39371705544648067,0.201789778697475,0.7895772664535878,0.6007775841807372,0.8708411344457372,0.3770253029622834,0.3843818455361835,0.28262202357872873,0.3064935424172676,0.3721974309075402,0.03161391348528769,3.0
2021-04-26 19:06:38.360,0.6793652879498773,0.4883748586750001,0.4948626002837887,0.10403918624838009,0.4372472066215326,0.2035211517726398,0.7877000362208962,0.5742580763772613,0.867624058886591,0.36901510729476883,0.383432071341427,0.2872166732567953,0.30670995659481676,0.3781765817129202,0.028840821468379282,3.0
2021-04-26 19:06:38.380,0.8157669965289988,0.5190103161857003,0.49029426283279154,0.10559261348663643,0.48077735779658476,0.20525252484780454,0.7878246905264893,0.5372066700954488,0.8602539479592072,0.3610049116272542,0.38248229714667037,0.2918113229348618,0.30692637077236556,0.38415573251829754,0.02606772945147039,3.0
2021-04-26 19:06:38.400,0.9521687051081202,0.5496457736964004,0.4857259253817943,0.10443792922741345,0.4872579594856151,0.20684082231714748,0.7879493448320827,0.5001552638136362,0.8528838370318232,0.36910613390708114,0.38526431247408993,0.28840787984318983,0.30389604033868034,0.41255589525626163,0.038269572861648095,3.0
2021-04-26 19:06:38.420,0.7696029957555833,0.47456519741397724,0.8052545311349316,0.10328324496819061,0.4937385611746452,0.20842911978649042,0.7809714528762854,0.49386180893833337,0.8580946749379712,0.3656699427611976,0.380328478241224,0.2794908554663832,0.30389604033868034,0.4170403731585224,0.03383252340497454,3.0
2021-04-26 19:06:38.440,0.5786218809579072,0.42548653910085543,0.3708052752589308,0.10424072800664591,0.5280799621960512,0.2114030469280421,0.7784425330910837,0.47101389992565046,0.8556081976963624,0.362233751615314,0.37539264400835815,0.27057383108957656,0.30389604033868034,0.4215248510607805,0.029395473948300513,3.0
2021-04-26 19:06:38.460,0.6456654197909203,0.43919467185675265,0.4037127766883093,0.10519821104510135,0.5624213632174576,0.21437697406959375,0.775913613305882,0.44816599091296755,0.8531217204547538,0.38297037035350334,0.37667147388495276,0.2561006845618807,0.30389604033868034,0.4260093289630412,0.02495842449162696,3.0
2021-04-26 19:06:38.480,0.7127089586239334,0.45290280461264987,0.4366202781176878,0.1054634657514194,0.5900527325970489,0.21729120778583633,0.7733846935206804,0.4253180819002847,0.8506352432131451,0.40370698909169267,0.3779503037615474,0.24162753803418477,0.30313847989475917,0.4155458150536289,0.027454275459924835,3.0
2021-04-26 19:06:38.500,0.7797524974569464,0.4666109373685471,0.46952777954706626,0.11019431509822401,0.609438388345312,0.21663353579884007,0.7693260020974527,0.38196083604039965,0.8448543553971696,0.424443607829882,0.3792291336381421,0.22715439150648886,0.30238091945083806,0.40508230114421656,0.029950126428222226,3.0
2021-04-26 19:06:38.520,0.8672810987252217,0.498102148763183,0.4512220620305832,0.11492516444502864,0.6288240440935752,0.21597586381184378,0.770606760833028,0.3773453896871653,0.8427711195676018,0.4451802265680713,0.38050796351473676,0.21268124497879295,0.30162335900691695,0.3946187872348042,0.032445977396520095,3.0
2021-04-26 19:06:38.540,0.706010110793912,0.44402318988351486,0.4175217250547369,0.1182921995934336,0.6113579579248671,0.21560053610540858,0.7718875195686035,0.372729943333931,0.8406878837380344,0.4527580515360445,0.3731042123949855,0.21094548860089113,0.2967533085835664,0.37892368856802566,0.039933530301413236,3.0
2021-04-26 19:06:38.560,0.7118490867377391,0.4491186236568882,0.4740189435394985,0.12021874152608887,0.5999148922247107,0.21746786110989774,0.7694331009535803,0.38806647076520073,0.8461609583443644,0.4410158361394693,0.37261062825244995,0.2195221679999486,0.28441557267127787,0.3721974309075402,0.05158072123166923,3.0
2021-04-26 19:06:38.580,0.7137531995814489,0.44829226908807296,0.4722814298475302,0.12193311497995626,0.5961759794116654,0.2192028466403095,0.7676615341964368,0.3917732400015803,0.8484830700501678,0.43200436837439105,0.37341831056006247,0.21625486156221244,0.28571432371057154,0.3587444563936636,0.038269572861648095,3.0
2021-04-26 19:06:38.600,0.7135374164861885,0.4536666751755282,0.46196050607126826,0.12338705618392062,0.5978614367945019,0.22035854460166884,0.7664049301954939,0.39010189864378236,0.84919076559913,0.42463134632722066,0.37368753824078405,0.21176231521032515,0.28441557267127787,0.34529148187978964,0.02495842449162696,3.0
2021-04-26 19:06:38.620,0.7151394613301182,0.4489583877121493,0.4606658597161369,0.1252017014449579,0.602646953354132,0.22139763165515886,0.7652165844864076,0.3853583754713941,0.8491690079689839,0.42927361806071584,0.37117474998195943,0.209311835382023,0.28441557267127787,0.36322939348883,0.05158072123166923,3.0
2021-04-26 19:06:38.640,0.7272976629042864,0.4563659215540489,0.4714885099047095,0.12682639877333177,0.6033875376718493,0.22174703813036023,0.7648325167352157,0.38462483704421757,0.8493327627642939,0.4380120141471495,0.3682132495340589,0.1901164100603229,0.28441557267127787,0.3991033799352907,0.02495842449162696,3.0
2021-04-26 19:06:38.660,0.7453563448652392,0.4587307229344499,0.4948473450134269,0.1287465597728036,0.597066922052673,0.22102584713860454,0.7657107530043042,0.39088999307153055,0.8499472440451571,0.4295466928685685,0.3613030810877389,0.1598938221683535,0.28571432371057154,0.35426043768430854,0.06156412510485975,3.0
2021-04-26 19:06:38.680,0.7776065978681536,0.4804857157786171,0.5090931484677393,0.13149769274375658,0.5875296612631564,0.2179569438598773,0.769139564898773,0.40035035493212845,0.8490625100951108,0.4205352244329456,0.35170063950696384,0.1382479170183512,0.26818178312160895,0.3677134121981851,0.0415973173584787,3.0
2021-04-26 19:06:38.700,0.8016162596204515,0.49858840143898037,0.5027823404757831,0.1350392576867333,0.577471373907641,0.21231117715072395,0.7753103400928116,0.410338043983627,0.8458006977946821,0.45712724622653844,0.3390469565095775,0.1247702846485088,0.2519481265589402,0.31838553285203913,0.02495842449162696,3.0
2021-04-26 19:06:38.720,0.7991513223169614,0.499253819580017,0.5003451313623097,0.13844718569726086,0.553063757683158,0.20471754047252597,0.7838102492697644,0.434615131868833,0.8432133720287821,0.5352266457426959,0.31786773971609383,0.08842149049996464,0.23636364603541804,0.2869955651149309,0.054908636111199026,3.0
2021-04-26 19:06:38.740,0.7977132375283444,0.4572536648625483,0.5463580410210442,0.1419002997323292,0.49975913709817077,0.1941742328511714,0.7959960837953642,0.48783377446615867,0.8425778202008304,0.6100491520349184,0.2948936741663068,0.04431286696216484,0.21558442732872193,0.2556055973778253,0.07487510309218169,3.0
2021-04-26 19:06:38.760,0.815941601557689,0.37323587930455515,0.6086806304597401,0.1459928597259658,0.4208206412868988,0.18003659619633183,0.8125116993270429,0.5671328917700114,0.841465890786522,0.5955761715726875,0.2659068733629771,0.03900349065793388,0.1857142173209713,0.19282520271070838,0.07487510309218169,3.0
2021-04-26 19:06:38.780,0.8389650171173694,0.43342889923374706,0.6025223519252751,0.14966145522817256,0.34068574753152664,0.16081723669274584,0.8344213111396643,0.6482057675711159,0.8323684530532238,0.5311305348006488,0.24068924319505022,0.03165203111556932,0.15584414030022078,0.1793722281968318,0.09816982571809303,3.0
2021-04-26 19:06:38.800,0.8300838093718265,0.4895432730738154,0.5505527153955064,0.1541349696751297,0.2784097971347299,0.13694547173566526,0.8607415426336608,0.7115900590895142,0.8112028594747843,0.5051884213492005,0.2285740251082847,0.03165203111556932,0.11948057405700267,0.12556033014133075,0.08818642184490202,3.0
2021-04-26 19:06:38.820,0.7794582780885561,0.47690298321884717,0.48860914397224847,0.159425008327804,0.2293541718887475,0.11157729780952112,0.8880663222276214,0.7617432622152265,0.7821153127601504,0.5993992367638133,0.23485598840982505,0.07188075333038003,0.09870135535030658,0.08520186579260929,0.14808650431864775,3.0
2021-04-26 19:06:38.840,0.7447454627306199,0.4350807514930655,0.4351530807781191,0.16337271819765203,0.16782557531897085,0.08765226245781033,0.9138763683734987,0.8249173540691085,0.7532902317733843,0.5218459846282127,0.2490352906464129,0.1333469640475663,0.06753239430326227,0.040358923541627095,0.13810310044545676,3.0
2021-04-26 19:06:38.860,0.71268434709756,0.45257727903864725,0.4086635987978963,0.16473501312624603,0.09621056032168693,0.06636564080645638,0.936961050751874,0.8988077828289429,0.7267774143019342,0.35281267633226876,0.2734452293248255,0.24035124654051682,0.04285718845268549,0.04932742015324293,0.18469220493188054,3.0
2021-04-26 19:06:38.880,0.6539338668547285,0.5855123509121619,0.30688045625326993,0.16569994548761927,0.05223552702416325,0.046651875775911913,0.9662128851140932,0.9410587700598949,0.6791013736885918,0.23812124138811228,0.3204702726163901,0.36165000138438247,0.027272707929163715,0.07174889127873273,0.17138105656185942,3.0
2021-04-26 19:06:38.900,0.6179996224321375,0.731695041922322,0.14191907310565768,0.16634856587546523,0.05860886959913039,0.028562266361925992,0.9921420414936755,0.915842264880256,0.6216970385815572,0.23484435710477186,0.3762900689374239,0.4706963504009181,0.029870210007750645,0.17040373158521857,0.1347755263313258,3.0
2021-04-26 19:06:38.920,0.6425086208358142,0.7841824158503552,0.09342335318242567,0.16426193211226198,0.07975132583660323,0.009833817148363379,1.0,0.8681732352914365,0.5958938175888616,0.3042053605344956,0.43884054736004313,0.5830100091980996,0.029870210007750645,0.14798271965263182,0.13810310044545676,3.0
2021-04-26 19:06:38.940,0.6095226115485223,0.71270619907716,0.11281759632574825,0.16088361516033273,0.1258572502290819,0.0,0.9949668567781242,0.8166525235735103,0.5970615266960339,0.34025123740619506,0.5084806835119254,0.7194200964314114,0.046753175596566166,0.20627817722458494,0.1347755263313258,3.0
2021-04-26 19:06:38.960,0.5868454296488751,0.7181554058475295,0.07129145249235672,0.1550439831059158,0.18396762068483724,0.0003284989908515163,0.9899337135562484,0.765131811855584,0.5982292358032063,0.32277444076303063,0.5767746764856111,0.8427608943984943,0.08181812378749077,0.23766768576878494,0.09151416634173262,3.0
2021-04-26 19:06:38.980,0.5810865692000501,0.8073040906531713,0.016343963941848765,0.13905009076656907,0.3149297578790975,0.029678872016283747,0.9509159083169444,0.6269961133716424,0.6502495995250516,0.3560895673210549,0.6464148170448063,0.9317950483133606,0.1402597927636988,0.2825115464055758,0.05158072123166923,3.0
2021-04-26 19:06:39.000,0.5536767190111359,0.7979277806180598,0.0,0.11373141044744992,0.4625606834797458,0.0908060957315772,0.9029167551769604,0.5251309438976287,0.7128757773185341,0.38148552445135214,0.7130036794597833,1.0,0.19870132875290628,0.34529148187978964,0.05158072123166923,3.0
2021-04-26 19:06:39.020,0.5503911656980465,0.704343036791119,0.028955839798855933,0.09511721877176448,0.5883722395210346,0.15522608306070393,0.8346147830935334,0.3995143518842093,0.7812746666396109,0.281540151482725,0.7742977652220945,0.9893812808206349,0.2727273452656363,0.38116546832625037,0.02495842449162696,3.0
2021-04-26 19:06:39.040,0.5434676715400889,0.570436889294438,0.08241243804132485,0.0789339568024546,0.7598414280054223,0.23663829262449695,0.7463311952533406,0.23084756759056407,0.829283908181564,0.23184052974809544,0.8378354229480668,0.9759036384220635,0.3636363273671818,0.44843080008853364,0.008319531624775223,3.0
2021-04-26 19:06:39.060,0.5571950921296202,0.4574481169170309,0.12006306519081658,0.06065371043178192,0.9225413189223018,0.33058996306696087,0.6450321952107959,0.07373226858759478,0.8429953376719501,0.3560895673210549,0.9163600450180558,0.8717582624337709,0.4818181503848909,0.47533674911628415,0.02828633937115676,3.0
2021-04-26 19:06:39.080,0.5970134391217977,0.29994332618828645,0.2154798511875981,0.04269515719027024,1.0,0.4359231341133175,0.53380561566951,0.0,0.8249678814436354,0.5843801111561743,0.9947052747659834,0.8272412021908863,0.6512987111431934,0.37892368856802566,0.17970058818663512,3.0
2021-04-26 19:06:39.100,0.5304711020516759,0.24040927264573583,0.2332992351404562,0.02644504734951381,0.955645949398294,0.5534470372981103,0.411371986810469,0.04213347104173149,0.7678731116080427,0.8184052192507537,1.0,0.9027976468489872,0.7935064309853325,0.2690581126987962,0.42096496071273115,3.0
2021-04-26 19:06:39.120,0.23057612825133017,0.2890709665419579,0.4440780997004659,0.010781767723348119,0.762539829630255,0.6691973922591351,0.2907733010048357,0.22821786390419246,0.6725724012912717,0.7960130984177272,0.9401417873663145,0.7635287199692112,0.8662336964587688,0.21076265512684306,0.5840266560325146,3.0
2021-04-26 19:06:39.140,0.0,0.28687729814164065,0.6493089469070873,0.0034067419999050507,0.567121095050868,0.7686304999937502,0.19097126648640014,0.42062614714793206,0.5349631775585117,0.6490988383821056,0.8603607579449746,0.4706963504009181,0.9220778633563895,0.14349778255746545,0.7271215436059164,3.0
2021-04-26 19:06:39.160,0.010271564154158664,0.16340170263518244,0.7818458757032729,0.003892712302885245,0.45925468078660947,0.8496660231843116,0.11749499165895926,0.5284520226269234,0.37480221598485697,0.7444019306766433,0.7886565699635638,0.3265264571787185,0.9558440605080208,0.09416990321131949,0.8602330273061277,3.0
2021-04-26 19:06:39.180,0.12742915358580476,0.0,0.8303652291882081,0.014295887792417191,0.36324325686357706,0.9136953112238356,0.0640230280781234,0.6253282381479106,0.22723104371340344,1.0,0.7123754831296292,0.2195221679999486,0.9844155194764782,0.07174889127873273,0.9400999175262548,3.0
2021-04-26 19:06:39.200,0.31198032150301064,0.3744434725167367,0.98507058221318,0.036412437448354,0.2189864427413278,0.9574457567200219,0.026984810419635304,0.7723686249722711,0.123512191779264,0.43896775921101944,0.5309611630827966,0.07126813504475933,0.9909090086989455,0.14349778255746545,0.9933445110063392,3.0
2021-04-26 19:06:39.220,0.41737828520485565,0.9263094239117227,1.0,0.04668883722391381,0.1411827423395009,0.9842070063452297,0.006147765941667255,0.8523630107847103,0.05389773801607765,0.21948387960550972,0.4450103414417948,0.03563406752237969,0.9974024979214127,0.21076265512684306,1.0,3.0
2021-04-26 19:06:39.240,0.4466264046431615,1.0,0.9802853477496509,0.03432000105466728,0.19393986005543842,0.9976837341892345,0.0,0.7980691544076313,0.009812931674960576,0.0,0.359059519800793,0.0,1.0,0.30044853962880747,0.966722214266297,3.0
2021-04-26 19:06:39.260,0.549652330924019,0.6952408619021356,0.9755655317597876,0.013872844664611163,0.3142455485305181,1.0,0.009345659818139503,0.6232300637464788,0.0,0.3069361063778736,0.2948039412776694,0.005513586299499195,0.9974024979214127,0.34080700397752894,0.9267887350796934,3.0
2021-04-26 19:06:39.280,0.6736750701793182,0.5482587573562704,0.9657898382813488,0.002384185205066359,0.4166073739136584,0.9912013803884153,0.02917330408269679,0.5218156578855404,0.057595962571700035,0.37411250240418176,0.24140717975936304,0.04186236373349492,0.9831167684371845,0.34529148187978964,0.8835274773197201,3.0
2021-04-26 19:06:39.300,0.7254016639765755,0.6275685227010435,0.8819800174748879,0.0,0.4658620979499104,0.971830606794551,0.04548547262666566,0.5058639984904749,0.11792870865132714,0.4172583265151989,0.19088219388039326,0.04022870048589779,0.9610387986911948,0.36322939348883,0.7903494728061119,3.0
2021-04-26 19:06:39.320,0.6841798380132417,0.5789644523732653,0.7829722280079248,0.0006504631150941272,0.4976868398670694,0.9259281876078655,0.0617976411706346,0.4899123390954093,0.17826145473095426,0.5229382793893261,0.15480573094048763,0.055748426122602744,0.9441558331023793,0.35426043768430854,0.6605657676792708,3.0
2021-04-26 19:06:39.340,0.6613836870484305,0.5314961113304241,0.7151147707745982,0.00825115431424359,0.49478595469731546,0.8660784623361528,0.10599129181973649,0.4928128523111613,0.33070689727296404,0.6081376239096526,0.12285742160918392,0.14192363676080444,0.9194803612778026,0.3721974309075402,0.5507488021457315,3.0
2021-04-26 19:06:39.360,0.6400629389449185,0.6075408347456844,0.6456292827113289,0.014677410746697064,0.4350075771493707,0.8202150928316283,0.1408446390253579,0.5528392671016206,0.4459768292461299,0.6029492115010465,0.07816566847887532,0.21788851310962565,0.8766233058121169,0.33632298526817384,0.4409317684591127,3.0
2021-04-26 19:06:39.380,0.5893349326270776,0.6127534292509733,0.6015241438916619,0.018287842719700742,0.36001645742928245,0.770027262741532,0.18210598084053917,0.6285977996791022,0.5641642074914339,0.5559803356097949,0.039576420218353586,0.2350418725763226,0.8207791389144962,0.3049330175310682,0.3710482821121764,3.0
2021-04-26 19:06:39.400,0.5557670749033493,0.5317262071258241,0.5812187494575903,0.020452557149171543,0.30193399239520835,0.715750815309304,0.23125762111448528,0.6876094443701626,0.676522098245846,0.5314036029030558,0.01112806816549773,0.18725751692730372,0.763636353964582,0.27354259060105696,0.28785347701251984,3.0
2021-04-26 19:06:39.420,0.5210358813314535,0.4090166788067748,0.5508259891071752,0.024473525228871838,0.2679083325701967,0.6580528079790463,0.28785437563702665,0.7223103844237067,0.7766948000076999,0.5477880824336209,0.003499964623969207,0.15907700558764848,0.7051946849883739,0.2690581126987962,0.17138105656185942,3.0
2021-04-26 19:06:39.440,0.5110032789726096,0.3899250285406392,0.49973732264755405,0.029857621385124152,0.23333674942830546,0.6001151957631591,0.3477075220719802,0.7576645245641598,0.8605116041056741,0.5338612828791754,0.004128153608601964,0.15744334902587068,0.6285712993840571,0.224215170447814,0.09816982571809303,3.0
2021-04-26 19:06:39.460,0.5478679411844143,0.48996742244532215,0.4407914004210339,0.033867415480447804,0.19509887526483358,0.5433854116887735,0.40868286261545195,0.7968785610966431,0.9260870401168444,0.480065539026756,0.0,0.13743108706600748,0.5545454158583273,0.1793722281968318,0.06821961409852097,3.0
2021-04-26 19:06:39.480,0.5724101218714295,0.5468947149423518,0.3886842622795338,0.03711894691666397,0.1717667836350122,0.48693646137715774,0.47138359079479,0.8208621196558862,0.9715194911664422,0.4407427611081018,0.009602454802713396,0.10394120276503092,0.48051953233259737,0.18834118400135327,0.02495842449162696,3.0
2021-04-26 19:06:39.500,0.588166094579607,0.4903847569377782,0.33892273654018296,0.042717897228651026,0.17509474962499746,0.43237644153614685,0.5332477936984457,0.8174388137122924,0.9943146167289817,0.4634079690422981,0.03455083488607862,0.0794363844245514,0.3753246877598232,0.14349778255746806,0.0,3.0
2021-04-26 19:06:39.520,0.6166700735517002,0.4716224103998901,0.28389465366991246,0.050636468679836455,0.17972374008619468,0.38169711314635013,0.5910814566754267,0.8126782447573062,1.0,0.5114691396946631,0.06587095523274958,0.071676541663657,0.28051945254039745,0.09865484030648586,0.02495842449162696,3.0
2021-04-26 19:06:39.540,0.6507044757329474,0.5014783571713285,0.26620394477464276,0.05860661689048704,0.16332580726868526,0.3350565348713342,0.6443449402187126,0.8295489638443284,0.9954826579262983,0.5210267579695061,0.09647315370615046,0.0790279811485634,0.24188310522516565,0.10089696445938787,0.033277870925052834,3.0
2021-04-26 19:06:39.560,0.6718638869226752,0.5783102587389005,0.24752333058719095,0.06390410486607914,0.124378864614139,0.2927013069724553,0.6927267715901025,0.8696994738313526,0.9842080830122758,0.44538503172402266,0.123485617939338,0.09618134663249778,0.20324675790993385,0.10313908861229247,0.0415973173584787,3.0
2021-04-26 19:06:39.580,0.6817916047497872,0.6257680805518345,0.23195724789421088,0.06707963360505238,0.09564823974894154,0.2534262353102411,0.7372958353738792,0.8993896185391262,0.9632939618327881,0.3651010359801926,0.15292114195002554,0.0814784542910462,0.1402597927636988,0.05829591676485876,0.08485850696537223,3.0
2021-04-26 19:06:39.600,0.6860644006836802,0.6003680681840243,0.23955706521065329,0.0730829057201439,0.1032431026691985,0.21691583212645535,0.7778765515510533,0.8915352637832483,0.9309772392629445,0.34898962455203436,0.2025487071236043,0.04370022527617639,0.11168833379524142,0.08071738789034856,0.07820301797171149,3.0
2021-04-26 19:06:39.620,0.7057841367481151,0.5252519917327422,0.27646688868266994,0.08298207570384214,0.13217260067435602,0.18374247443785635,0.8137699692576217,0.8616559536217968,0.8920542130976878,0.3769115230961815,0.2296509262819932,0.05299162962994352,0.07662338560431681,0.05829591676485876,0.1214642075786055,3.0
2021-04-26 19:06:39.640,0.7307119786489075,0.5832153477811406,0.2845186765577384,0.09131041872595103,0.13561098488274553,0.1540483374005068,0.845620078620673,0.8581087215150254,0.8554212347622295,0.4048334216403287,0.2567531454403822,0.06228303398371065,0.05974028702850115,0.08071738789034856,0.11480871858494428,3.0
2021-04-26 19:06:39.660,0.7116812011100001,0.6209635159191212,0.30353172197385025,0.0966180613048891,0.11599151780484365,0.12987384016876108,0.8715442521524204,0.8783609155304081,0.825259433687593,0.46095029577162416,0.2973167265982855,0.08025322440562417,0.03896106832180504,0.03138996773710824,0.14808650431864775,3.0
2021-04-26 19:06:39.680,0.7315029129438279,0.5613475016664186,0.3240961479928985,0.10190502221098943,0.09123609923574139,0.10992341136659359,0.8928349001351756,0.903954374660034,0.7990969140614947,0.46996176443076193,0.32145743722870046,0.11088423228813,0.0350649481909246,0.03138996773710824,0.14309480238205202,3.0
2021-04-26 19:06:39.700,0.763951224374158,0.525976826894522,0.35614950699615416,0.10699339985088616,0.06243341670485497,0.09428220476945749,0.9095474539496521,0.9337874380464148,0.7782389046650154,0.4404696851826749,0.33707261993943527,0.13130489083816183,0.03116882806004416,0.03138996773710824,0.13810310044545676,3.0
2021-04-26 19:06:39.720,0.7649728804182437,0.550398951756193,0.3700333605158036,0.1108409163274897,0.03343419275387956,0.08286480019664538,0.9264392595518001,0.9756622785092852,0.7571522111243165,0.39814308996551284,0.3509827014735468,0.14764142971266211,0.014285729484228496,0.02466371007662277,0.1597337804402536,3.0
2021-04-26 19:06:39.740,0.7694986600728017,0.5786476590683731,0.3606169242957354,0.11553128448528041,0.004738656511901313,0.07075539199172803,0.9383228174949058,1.0,0.7405320155110832,0.3678317818235706,0.36480303689708254,0.1607106487777875,0.0012987510392932769,0.017937452416137305,0.16139782307136807,3.0
2021-04-26 19:06:39.760,0.7816320967231798,0.5671999086316049,0.3592447054622818,0.12093510174378364,0.0,0.062053424206367794,0.9435225947683311,0.9986519587361015,0.7311008844396495,0.36537411078804527,0.37907208450969404,0.17663877100466113,0.0,0.004484937095166369,0.17470880105869002,3.0
2021-04-26 19:06:39.780,0.7916802958062775,0.5210346637837205,0.39938880509951824,0.12389980974331248,0.007563027422341899,0.06132019702522724,0.9440801433177601,0.990782659244645,0.7288791727455862,0.3872200954162579,0.3904693744060411,0.19093323666975692,0.0012987510392932769,0.0,0.16139782307136807,3.0
2021-04-26 19:06:39.800,0.7982229326640026,0.4594204278830839,0.462029563106104,0.12686451774284146,0.015126054844683932,0.060586969844086715,0.9446376918671893,0.9829133597531887,0.7266574610515228,0.39432004265557563,0.3972898001207251,0.2244231276565529,0.007792240261760886,0.02690594902775314,0.1980033533019017,3.0
2021-04-26 19:06:39.820,0.8073756890259319,0.4761949343031997,0.48585070012683085,0.13067368000815902,0.028971130487368994,0.06395668727964884,0.9409579072995321,0.9685197157504172,0.7309918672612334,0.3560895673210549,0.4012384681191446,0.277516857269766,0.0,0.02242101193258677,0.1281196965722662,3.0
2021-04-26 19:06:39.840,0.8293873104568886,0.5146333148055868,0.4730361072005961,0.13161243192017236,0.0519496280812786,0.06686310466573311,0.9375200336443081,0.9446607955736804,0.7332835182848318,0.3063899545270197,0.40778966534509964,0.3114151649041886,0.010389609353348053,0.05381143886259803,0.1247921224581353,3.0
2021-04-26 19:06:39.860,0.8329821751135251,0.5119616557142039,0.45948763891110184,0.13299428132142554,0.09624207614832964,0.07043977635896964,0.9328951589765648,0.8987754005901356,0.7338831127661212,0.2861824254513688,0.41326395478637695,0.3142740546942981,0.027272707929163715,0.08968634369487002,0.16139782307136807,3.0
2021-04-26 19:06:39.880,0.8157841920443041,0.4865132249280402,0.46930835064394866,0.13506162525896817,0.15081522755987578,0.07533131782484623,0.9266759672355718,0.8424339136433117,0.7350358091084926,0.31075914921751363,0.41371266624090064,0.277516857269766,0.03116882806004416,0.08520186579260929,0.09151416634173262,3.0
2021-04-26 19:06:39.900,0.802564620794502,0.447568604793581,0.4953378382776294,0.13785403335993035,0.1966428499032429,0.08082868615119884,0.9200329869008999,0.795293160871164,0.7379538508526137,0.363189512325224,0.411738332608967,0.23626711282476462,0.03116882806004416,0.08968634369487002,0.10815322959128355,3.0
2021-04-26 19:06:39.920,0.7889924892694545,0.4403635668764161,0.5053830899618887,0.14047104911314087,0.22075478900473716,0.08645020998221975,0.9137875063420186,0.7705549821926174,0.7438094016941429,0.40496995971479954,0.41111013480970865,0.21012866199145705,0.03376619715163095,0.06726487256937762,0.10149739983222396,3.0
2021-04-26 19:06:39.940,0.7769101092812641,0.44869456027282045,0.49641648371965297,0.14131463592487925,0.22084775693249464,0.08956139177478889,0.9106500715173134,0.7704597822090269,0.7488461213022005,0.4249044211350733,0.4118280735776778,0.21094548860089113,0.051948046766740266,0.08520186579260929,0.08485850696537223,3.0
2021-04-26 19:06:39.960,0.7648277292930737,0.4570255536692248,0.4874498774774172,0.1421582227366176,0.22094072486025185,0.09267257356735803,0.9075126366926082,0.7703645822254366,0.7538828409102584,0.41234297997385105,0.4110203923718935,0.2272820191181172,0.05584416689762071,0.07174889127873273,0.09816982571809303,3.0
2021-04-26 19:06:39.980,0.7544135919129369,0.4625648674858663,0.48144441742727995,0.1435948638682795,0.2271738633758829,0.09901881559570029,0.9009328421555202,0.7639770194361808,0.7630692558994698,0.3754778786785936,0.40904605800540766,0.2346334589373146,0.054545415858327055,0.08520186579260929,0.07487510309218169,3.0
2021-04-26 19:06:40.000,0.7328872256160829,0.47112848656594575,0.47073789636195024,0.14556217124042842,0.24683018667109952,0.10527025997838722,0.8941001400762943,0.7438540694882962,0.7698940519070868,0.36291643751737135,0.408687088254147,0.226465194180138,0.0701298963818492,0.10313885901584097,0.06489186960169036,3.0
2021-04-26 19:06:40.020,0.7372106865689075,0.46436264072878036,0.4648476421764077,0.14823471385459874,0.27110587268094943,0.1111002725613468,0.8842935108043941,0.7094252684402131,0.7781018315950953,0.3769797923569318,0.4095396417806672,0.23790076671221466,0.08311687482678443,0.09416990321131949,0.06489186960169036,3.0
2021-04-26 19:06:40.040,0.748328252253354,0.4742491534881179,0.4603113737251824,0.15025759709641073,0.2899646725635361,0.11706186802746181,0.8747552829673001,0.6843553142577572,0.7871107501278519,0.36455488412933873,0.4049179066004622,0.24361855297825297,0.08311687482678443,0.11210781482035982,0.08485850696537223,3.0
2021-04-26 19:06:40.060,0.7493152937971065,0.5101919982665891,0.456325862841966,0.15133324011877947,0.3051290503525505,0.12281334434148257,0.8718221523743661,0.6750529226442443,0.7894304570429543,0.3525395970541189,0.40231537663837447,0.2346334589373146,0.08701299495766486,0.12556033014133075,0.0415973173584787,3.0
2021-04-26 19:06:40.080,0.7441528201124943,0.5169862726895984,0.46193996246215535,0.15240079670508602,0.32341590191582764,0.12809567034664315,0.8688890217814325,0.6657505310307317,0.7917501639580572,0.35062807563429893,0.40222563493511143,0.22238105912722197,0.08701299495766486,0.13452928594585223,0.07820301797171149,3.0
2021-04-26 19:06:40.100,0.7676163359840316,0.5219185487429535,0.4547118133171788,0.15410752480122192,0.3450054466343598,0.13234441855897067,0.8620047916768064,0.6340550853219763,0.7950075102186146,0.3716548291335078,0.4031230578441588,0.21666327486692943,0.09220786612783896,0.13452928594585223,0.06821961409852097,3.0
2021-04-26 19:06:40.120,0.786356360905704,0.540158075472883,0.43853516356284394,0.15617069319723428,0.3642684614390886,0.13578133405585277,0.8564046870295313,0.6139769339698613,0.7985344220652966,0.40851993266391384,0.40402048369141474,0.21829692674863366,0.1012986579483933,0.13901376384811034,0.06988348634693578,3.0
2021-04-26 19:06:40.140,0.7863817258616939,0.5357573486003882,0.4420141815317895,0.15791240370586168,0.3744511573322341,0.13903714726092822,0.8685228160829743,0.6283903064480351,0.7850953064932661,0.44593118133972803,0.40384099808123225,0.22564836757070394,0.10649359561206746,0.11659229272262055,0.06821961409852097,3.0
2021-04-26 19:06:40.160,0.7978754290195952,0.527655322077188,0.44516062375865684,0.707372560585662,0.35938685545574495,0.13696842521236732,0.849197442133131,0.6300807827651281,0.8109005429295965,0.4636810438501508,0.40150769469803793,0.23585869885146568,0.11168833379524142,0.13004480804359148,0.06489186960169036,3.0
2021-04-26 19:06:40.180,0.7902962751527396,0.5167468596907904,0.4582198912995638,0.6989188533002388,0.3405664537342588,0.1504332181009838,0.8453147951472442,0.648326607450536,0.8192229509743224,0.45166575006948523,0.3980077388886943,0.24851951263485728,0.11298708483453507,0.11659229272262055,0.0415973173584787,3.0
2021-04-26 19:06:40.200,0.7915174942289742,0.5217737357090074,0.4577264041745084,0.6975843463064761,0.3271930624564328,0.15397966878218364,0.8418879106511883,0.6619110990740771,0.8259776645100999,0.4178044761309042,0.3945077845484549,0.2575046053386318,0.11298708483453507,0.11659229272262055,0.06821961409852097,3.0
2021-04-26 19:06:40.220,0.7983066542931161,0.5344538005968668,0.4418521978747461,0.6969759522623865,0.32540989848932755,0.15641127741180855,0.8393728126035721,0.6637232699337845,0.8293615485670327,0.4033315106441687,0.39298216237104494,0.2685317645659914,0.11168833379524142,0.11210781482035982,0.038269572861648095,3.0
2021-04-26 19:06:40.240,0.8078688780206743,0.5463351793967625,0.4266448432033286,0.69672669399686,0.32858239141566065,0.15812011793057287,0.8375102883294645,0.6604987681454496,0.8309961191602192,0.4191698501701675,0.3910078291063873,0.2709822443942936,0.10909083171665448,0.11659229272262055,0.06821961409852097,3.0
2021-04-26 19:06:40.260,0.8155560290006117,0.5347321698004445,0.43327028596454686,0.6962908105887616,0.32758027838854836,0.1595462278811576,0.8360307112260761,0.6615174791918,0.832946289904367,0.4519388271124865,0.3885847829181017,0.27629161735561486,0.12077919210929619,0.12107631143197566,0.054908636111199026,3.0
2021-04-26 19:06:40.280,0.8122424574284465,0.5116796133189809,0.45017663452812223,0.6948872013231957,0.317828950671526,0.16121446823918156,0.8344735376602257,0.6714310024705465,0.8366182907899714,0.4696886873877607,0.38454637321641927,0.2820094036216532,0.11818182301770902,0.11210781482035982,0.07487510309218169,3.0
2021-04-26 19:06:40.300,0.8121753191721163,0.5171603244488835,0.4532679865352238,0.6928690229169109,0.30131646271326074,0.16244372601933124,0.8335103838029208,0.688238523962477,0.8408207197957687,0.4634079690422981,0.38122590301725806,0.28241781692637025,0.11558445392612186,0.08071738789034856,0.09816982571809303,3.0
2021-04-26 19:06:40.320,0.8131005925877788,0.5222935612365989,0.44737876680230004,0.6910569751171542,0.2865829265829793,0.16296867224463144,0.8332495425510364,0.703253246960438,0.8438379305278181,0.4456581065318753,0.37889259963406374,0.27955892379335107,0.11818182301770902,0.06726487256937762,0.07487510309218169,3.0
2021-04-26 19:06:40.340,0.8173347428834604,0.5290991800094005,0.4422502102999556,0.6898175450080005,0.27705566962387657,0.16275974658807596,0.8336594658290004,0.7129719070308774,0.845099644048606,0.45084652564592725,0.37709775087776043,0.28282623023108727,0.11558445392612186,0.06726487256937762,0.06489186960169036,3.0
2021-04-26 19:06:40.360,0.8300678922952711,0.5106397765069614,0.4405157625783239,0.6889242143623042,0.26848464346216794,0.16197456505426092,0.8346601666026753,0.7217222337021427,0.845484868616035,0.4707809888543199,0.3749439323701964,0.29099449799688254,0.11688307197841537,0.0627803946671195,0.05158072123166923,3.0
2021-04-26 19:06:40.380,0.8298122182550633,0.5086949239966914,0.4489057835277329,0.6872536056805792,0.2534022519524862,0.1611846734755516,0.8357933797525079,0.7371329981280977,0.8468718602809276,0.4825232122974299,0.3709055226685139,0.2995711757244852,0.11168833379524142,0.05381143886259803,0.06156412510485975,3.0
2021-04-26 19:06:40.400,0.8280101977140373,0.5048757802086756,0.4595944576895706,0.6848995216211451,0.23493299972188603,0.16009524648522752,0.8373086436086815,0.7560303135740267,0.8483758850932371,0.4758328727995941,0.36556584725123537,0.304063727090737,0.11038958275594814,0.0627803946671195,0.07820301797171149,3.0
