2021-04-07 22:48:15.140,0.4319812913075256,0.644164338272513,0.9855594159555556,0.7379045837585205,0.41545839893378317,0.6647263693598157,0.21539373994568511,0.48720995892033664,0.4374455548552001,0.49958460372427477,0.5012897783896086,0.5720610869364038,0.8552632784487377,0.3426725517241382,0.9388888924286419,2.0
2021-04-07 22:48:15.160,0.2480388370360516,0.6472337985263819,0.07393389242018097,0.7367734548080942,0.40599034767124054,0.6960728558568854,0.20466105066509863,0.5011624710455348,0.41819598155160137,0.4923843865002591,0.48495271776768073,0.5829089997060282,0.8499999191579051,0.3168105931034483,0.8722222265204937,2.0
2021-04-07 22:48:15.180,0.8797963626769443,0.6460297717411367,0.6066124941058078,0.73746505133339,0.3988988143581513,0.6791210562478288,0.1972084897337879,0.509141114013915,0.435123437131691,0.5156466368755085,0.6147893547061242,0.5955279921389562,0.8657894580831054,0.3081897931034486,0.9055555594745679,2.0
2021-04-07 22:48:15.200,0.1113646899388175,0.5831741188541637,0.75929015096911,0.7380298781279123,0.38762814337463963,0.662028560799954,0.1861579976129113,0.5218932979603234,0.4517258427559249,0.4890612072275901,0.3963886542911677,0.6143457815141345,0.8763156377174716,0.29525870344827626,0.8888888901530864,2.0
2021-04-07 22:48:15.220,0.4746534574526296,0.578242419856699,0.0,0.7371234216625698,0.37576976321533534,0.6913493004138459,0.17737921848783128,0.5354048999355899,0.4178470640472803,0.4796455326216945,0.4204643275397081,0.6236439950481962,0.8894734969972556,0.2887931586206895,0.9000000068266667,2.0
2021-04-07 22:48:15.240,0.6403977957441983,0.5827858513003995,0.9158112306815647,0.7383907014151946,0.36454193204379004,0.6438018474410889,0.16515922575288453,0.5482848117341271,0.46819464394532767,0.5101080047543933,0.47291488606996274,0.6320566578781942,0.8999999461052706,0.27586206896551724,0.8500000045511111,2.0
2021-04-07 22:48:15.260,0.048881641666677585,0.5175816574428678,0.4714376270184566,0.7384290886481187,0.34995225107549244,0.6393924671721088,0.15273166006469374,0.5651441010622614,0.4710714312656311,0.512877320814951,0.3215821270318509,0.6398051649284187,0.9157894850304693,0.27155200000000057,0.8833333375051852,2.0
2021-04-07 22:48:15.280,0.8114168176098031,0.5607607661814376,0.14361301396415457,0.7381655278639813,0.337547529894042,0.6603930285894856,0.1437184964799088,0.579585158385181,0.44599093146148655,0.4829687118943635,0.44797937463754656,0.6298427919904463,0.9105263952132855,0.2650862344827592,0.9500000034133333,2.0
2021-04-07 22:48:15.300,0.5899564704672341,0.5557116117378891,0.9960722901385535,0.7394585735504673,0.32588969956795655,0.6121933206357993,0.13215028281814897,0.5932432937865681,0.49852436272864636,0.49681528766371735,0.5167669923821429,0.6287358644827785,0.9078947155678707,0.2521553655172415,0.8277777825817284,2.0
2021-04-07 22:48:15.320,0.15063185017621794,0.523808076933396,0.27122129413148394,0.7391446110810997,0.31211530113671715,0.6269351938574652,0.12220667347044702,0.6094863162144843,0.48033085699486827,0.43561340204538107,0.5447119656098509,0.616338258819832,0.9342104341274358,0.23060347586206953,0.8111111189491358,2.0
2021-04-07 22:48:15.340,1.0,0.5408977950372688,0.29226454283246917,0.7388554792221517,0.30303153058838667,0.6474708670825011,0.1164117555482524,0.6202589951863264,0.45595076439130594,0.46524508457336156,0.7515047308976461,0.6139030134103772,0.9236842544930696,0.2133623172413793,0.8277777825817284,2.0
2021-04-07 22:48:15.360,0.586481131541886,0.5025454711178665,1.0,0.7397463079916541,0.2937637865780211,0.6230154715336801,0.1084240023524936,0.6312979901121546,0.4827332443877779,0.45139850472391735,0.365434233344031,0.6099180696713943,0.9157894850304693,0.22413815172413862,0.8388888935664197,2.0
2021-04-07 22:48:15.380,0.5110798974801124,0.507465688825756,0.2713940230045175,0.7392682185278555,0.2822620490662431,0.6617366966165157,0.10218245662590184,0.6450649247990432,0.437072118446315,0.44364441930101295,0.7042132577740994,0.6061545063601526,0.9210525748476532,0.20905180689655214,0.8611111155358024,2.0
2021-04-07 22:48:15.400,0.4347905066618875,0.4967674796002756,0.988952739667912,0.7390858471589077,0.27276842976190385,0.6690319352234536,0.0921049627233574,0.6622136649959306,0.4414276120550993,0.35945720652663055,0.5107480758294907,0.6094752925072937,0.9184208952022369,0.20689655172413793,0.8388888935664197,2.0
2021-04-07 22:48:15.420,0.24447058909094002,0.4861670792479842,0.16792743434837168,0.7398585913438822,0.26327642766450937,0.643920505485089,0.08211828198785694,0.6817565060429172,0.4243732865969824,0.3057324885521162,0.44453999093514407,0.608811143975795,0.9289473443102534,0.181034593103448,0.8388888935664197,2.0
2021-04-07 22:48:15.440,0.920996594525236,0.5143084683907447,0.35609884613702386,0.7386834632198811,0.25189038513755896,0.6695194076022195,0.07774939025445013,0.6925805713379364,0.3981523985174737,0.26419273404345195,0.6044712050065031,0.5959707638668509,0.9236842544930696,0.1767243034482767,0.8500000045511111,2.0
2021-04-07 22:48:15.460,0.6838737210829738,0.4891707153479392,0.34555730787870026,0.737640577582268,0.24300441517064122,0.6911252798549511,0.07450692774731466,0.7010633303717116,0.37938196907407773,0.2104680206023714,0.5219260637129876,0.5975204649144821,0.9289473443102534,0.1681037241379316,0.8833333375051852,2.0
2021-04-07 22:48:15.480,0.5620348863843424,0.4749528183977588,0.5647292107791966,0.735463109813486,0.22914342339354504,0.721741650567086,0.07126446524017918,0.7095460894054869,0.36061153963068177,0.19939075636014136,0.4883921000624969,0.6079255968958684,0.9210525748476532,0.1443968,0.8888888901530864,2.0
2021-04-07 22:48:15.500,0.5732557148035472,0.445269585638938,0.5254755812627824,0.7332523796048047,0.21409113229266594,0.7250297897257431,0.06259587275777984,0.7280598510699394,0.354760866405967,0.21157573342629293,0.5064488497204535,0.613017469954588,0.9342104341274364,0.13362085517241462,0.8861111166735802,2.0
2021-04-07 22:48:15.520,0.5445879586863964,0.3830067980889115,0.5507445988129344,0.7320704648184491,0.20437116870433908,0.7252690181843682,0.05710228157271108,0.7400725171959386,0.35323569616192074,0.2198836725410978,0.5030094688332236,0.6152313213457865,0.9210525748476532,0.10344827586206896,0.9388888924286419,2.0
2021-04-07 22:48:15.540,0.5008960987245759,0.3682433130978727,0.5589948862650808,0.730968826393447,0.19450669150342906,0.7235028983798125,0.051562159450623826,0.7523054631323978,0.3541066523164499,0.21434505855371808,0.4625967434082732,0.6258578482514634,0.931578754482021,0.07758631724137903,0.9500000034133333,2.0
2021-04-07 22:48:15.560,0.4851738092576886,0.35094982281059106,0.5571594014689669,0.7298817355884056,0.18379597842453813,0.7184928971367713,0.045532857068724265,0.7656334002048393,0.3587877425549584,0.2320686768078524,0.4307824702013975,0.6254150801477061,0.9394737934182683,0.06250019310344841,0.9111111121224691,2.0
2021-04-07 22:48:15.580,0.5441735400426944,0.3255804817840575,0.5612584415160906,0.7290500493243931,0.17401266884018526,0.7097244501592956,0.039925100759371224,0.7778476143628881,0.368141714615836,0.27416228546176047,0.45657782685562104,0.6236439950481962,0.9421052035900359,0.043103558620689375,0.9055555594745679,2.0
2021-04-07 22:48:15.600,0.6224179037782932,0.31033645690342065,0.5719262943795385,0.7286471643192369,0.1654096130561826,0.699993670963885,0.03501876805452269,0.7886191495032185,0.37887237431627135,0.32622542740024185,0.5176268376039503,0.6108036149392522,0.9421052035900359,0.043103558620689375,0.8888888901530864,2.0
2021-04-07 22:48:15.620,0.6923886144402385,0.29296371968697726,0.5867965871204232,0.7287373172507438,0.1591674206584082,0.691241114875648,0.03144799432633952,0.7964523413806717,0.3887443904863859,0.37551923967786416,0.5889939910139689,0.5939782929033938,0.9342104341274358,0.025862179310344548,0.9055555594745679,2.0
2021-04-07 22:48:15.640,0.7330384204400848,0.291323277686515,0.597616847964539,0.7292167373234864,0.15519632048935877,0.6847976097188495,0.029168324367335016,0.8014425338864083,0.3961055285942503,0.42536693330133335,0.6380051686569939,0.576488809651556,0.9236842544930696,0.019396413793103168,0.9000000068266667,2.0
2021-04-07 22:48:15.660,0.7362224692446855,0.28305402775993205,0.599444357924455,0.9680105186028874,0.14373258734078254,0.6712858006025786,0.023109788794520292,0.8158788682921183,0.4113625149948987,0.4541678203311315,0.6500430017622981,0.5682975290613682,0.9236842544930696,0.010776275862069803,0.944444450765432,2.0
2021-04-07 22:48:15.680,0.728658445031483,0.3007986250534537,0.5965870637544365,0.9689066753755673,0.15195082873228122,0.6757167633400375,0.02709864904602969,0.8055210311810805,0.4067257568500313,0.4685682638460307,0.6302665616607267,0.5640911976463693,0.9263156646648371,0.012931089655172274,0.9388888924286419,2.0
2021-04-07 22:48:15.700,0.715967523033823,0.29627367174154984,0.5908788995880029,0.9701714776345515,0.1512117813305985,0.6701789022719415,0.026421096331148215,0.8064548773658263,0.4133201225466681,0.5109387995725606,0.5950129110855868,0.5521363609932145,0.9184208952022369,0.0,0.8888888901530864,2.0
2021-04-07 22:48:15.720,0.7016247059727877,0.27874262801176913,0.5879052902683249,0.9716152161757954,0.15161436882742532,0.6628558887583109,0.026172181764716303,0.8059479263201792,0.4221611450335078,0.5160620342845921,0.5657781724884438,0.5479300295782155,0.9236842544930696,0.00646576551724138,0.9277777814439506,2.0
2021-04-07 22:48:15.740,0.675090218813858,0.2756784725790884,0.5833301040741883,0.9731601144011918,0.1527885419296633,0.6529466216379274,0.026146581100482656,0.8044707970652136,0.43417436809402604,0.5211852689966234,0.5365434338913005,0.5437236981632165,0.9105263952132855,0.0021552551724142114,0.9277777814439506,2.0
2021-04-07 22:48:15.760,0.6704644369188054,0.29189834791204355,0.5761152574020055,0.9746286278788409,0.15412694239714084,0.6407921403388629,0.02622269118333905,0.8015555087718901,0.4568962792180151,0.52727776432985,0.5227859091107433,0.5344254909713951,0.9236842544930696,0.008620799999999722,0.9500000034133333,2.0
2021-04-07 22:48:15.780,0.7128738891622359,0.2979409287256945,0.5768319494399506,0.9760733128783293,0.15608533149102843,0.6276099874921858,0.02716593727837274,0.7963549558117593,0.48172128625415644,0.5527554720869792,0.551160801254441,0.5193712513169435,0.931578754482021,0.0021552551724142114,0.944444450765432,2.0
2021-04-07 22:48:15.800,0.714463126156717,0.28962277929264824,0.5781196858573956,0.9776534249178294,0.15924216796339466,0.6137990289710487,0.028506599090138706,0.7918726982927551,0.49240874542600965,0.5599556938444287,0.5735167812441938,0.5078591863916834,0.9236842544930696,0.017241600000000697,1.0,2.0
2021-04-07 22:48:15.820,0.7160523631511981,0.281304629859602,0.5794074222748405,0.9793380649193526,0.16376413733403528,0.6014432934300503,0.02984726090190467,0.787390440773751,0.5030962045978629,0.5721406845108818,0.582115232054682,0.49988929528958015,0.9289473443102534,0.015086344827586485,0.9777777780306173,2.0
2021-04-07 22:48:15.840,0.6572957274910272,0.2972065314496669,0.56818708790562,0.9817913264450846,0.17184240137843088,0.5869506658464717,0.033390358236322075,0.777024203265698,0.5201852097833554,0.6120188403163439,0.6070507434870981,0.4903697031398456,0.9210525748476532,0.02370692413793159,0.9277777814439506,2.0
2021-04-07 22:48:15.860,0.5924124472059241,0.28457626493436583,0.5632673841512083,0.9844712925574254,0.18138283073778602,0.5745401090142321,0.036517098822023565,0.7686424519339552,0.5301848884255251,0.6640819822548253,0.6302665616607267,0.4815142685819532,0.9289473443102534,0.02801743448275876,0.8833333375051852,2.0
2021-04-07 22:48:15.880,0.5472324968456835,0.26702057054850636,0.566606671651111,0.986698447992203,0.18908927464747868,0.5663060330284624,0.04026655826745802,0.759039863401427,0.540462523312982,0.6867903830182646,0.6087704311155404,0.476422393711165,0.9263156646648371,0.03879326896551808,0.9055555594745679,2.0
2021-04-07 22:48:15.900,0.46661504215852834,0.2583591977055485,0.5551881100550063,0.9889723974360781,0.1969779616077756,0.5569274032238016,0.04420819567210406,0.7492356899390584,0.5520747070883196,0.6790363071155712,0.5494411129222055,0.47288021988800805,0.9394737934182683,0.02801743448275876,0.9111111121224691,2.0
2021-04-07 22:48:15.920,0.40385108035581574,0.2760569883333079,0.5355917918328714,0.9910363166606548,0.2045748235748918,0.5452742362242152,0.04805703066890401,0.7398194598480763,0.5663254480141898,0.684021066957707,0.5030094688332236,0.46203231074252105,0.9381578188587358,0.06573285517241512,0.8916666693214814,2.0
2021-04-07 22:48:15.940,0.3615562406041485,0.2847713995278847,0.5180976914343202,0.9929969884255395,0.21289315390420124,0.5316139907213596,0.052410959851931414,0.7295382348497885,0.5829245735952135,0.7238992136963015,0.4488392163403882,0.44166481125936835,0.9499999730526361,0.0840518620689658,0.8666666681837036,2.0
2021-04-07 22:48:15.960,0.27061583404536593,0.21266783608721754,0.540232322227481,0.9953580120279255,0.22376777090694291,0.5108033003874373,0.05830395599453396,0.716142688725527,0.6079823291078379,0.7305455722416395,0.41702493961454656,0.4119990964300852,0.936842113772852,0.11422455172413877,0.8222222242449382,2.0
2021-04-07 22:48:15.980,0.3283051240800725,0.23776552688376398,0.5434782093525355,0.9977616819253365,0.23753354962516676,0.48708762800930894,0.06627164380481244,0.6992624783500676,0.6363627185436794,0.7089449115027248,0.4290627797577825,0.38344032360501923,0.9526316526980508,0.13362096551724192,0.8222222242449382,2.0
2021-04-07 22:48:16.000,0.4206689554629751,0.28823040916963394,0.544179768263006,1.0,0.25391370509027844,0.4647962164202519,0.07644375637854418,0.6792972067966567,0.6628602734492599,0.7028524297697997,0.458297517299236,0.3535532301600635,0.9394737934182683,0.16163795862069022,0.7666666750103703,2.0
2021-04-07 22:48:16.020,0.4693247913663842,0.2969874166979146,0.5383815008116251,0.0,0.27340468749017804,0.4452005188898961,0.08938091366694939,0.6557149186168184,0.6859451976229358,0.7294378458174166,0.5038693140550311,0.32964355685375374,0.9578947425152347,0.19181020689655146,0.8444444462143209,2.0
2021-04-07 22:48:16.040,0.5080478793298392,0.27408846582096313,0.5234455300399149,0.1109537175794208,0.24764128709470654,0.48432493544610833,0.07262562488107818,0.6869276453142308,0.6399054111308183,0.778731685295642,0.5408426585927515,0.29842817359407525,0.931578754482021,0.23060347586206953,0.8111111189491358,2.0
2021-04-07 22:48:16.060,0.5013481448008446,0.3524691906486573,0.490365680240906,0.11145759524668632,0.31935493826180683,0.41665301446526215,0.12292245420421728,0.6009349457389084,0.7188622939159984,0.8463029926398115,0.5760963126868571,0.2643347360496399,0.936842113772852,0.28663812413793116,0.8111111189491358,2.0
2021-04-07 22:48:16.080,0.5075167692169728,0.3855639822125204,0.4746589997649278,0.11383131252435397,0.34656759866081877,0.40349927398215224,0.144644790783761,0.5690747489096118,0.7334767524195802,0.9177513379353277,0.6156491999279317,0.23688289254431052,0.9131578053850531,0.31465533793103534,0.7611111166735802,2.0
2021-04-07 22:48:16.100,0.4850093493374797,0.43963469187010223,0.46850609938449,0.11680909285818758,0.375441890679356,0.3888022504048993,0.1691672865025691,0.5357797199927518,0.7493037485177911,0.9872611415880015,0.6405847043224162,0.218839934666227,0.8789473173628879,0.36206918620689726,0.694444450765432,2.0
2021-04-07 22:48:16.120,0.45583381757039626,0.4748290454815352,0.46402025917496403,0.1202626911560325,0.40508042618377527,0.37171403502461275,0.19590925602394046,0.5021838264905498,0.767104353594374,0.9936305707940009,0.618443690388719,0.21717954974696543,0.8842104071800717,0.40517252413793076,0.6833333397807407,2.0
2021-04-07 22:48:16.140,0.41932035324136013,0.49944782431781104,0.4587090028121601,0.12405450909131606,0.4342660790553858,0.35116315389984715,0.22381363408347893,0.4697089985630894,0.7878431329802962,1.0,0.596302676455022,0.21551916482770386,0.8526315988033214,0.45905191724137945,0.7055555617501234,2.0
2021-04-07 22:48:16.160,0.35515074884697373,0.514708163988667,0.4458432892139773,0.12794985285636376,0.4627722624291584,0.32878431965366045,0.26726597879296354,0.4237857253787715,0.8217896311220868,0.941567415255218,0.458297517299236,0.21762230607227648,0.8394737395235389,0.4849138758620694,0.6277777848572839,2.0
2021-04-07 22:48:16.180,0.2927333175843362,0.5372868141007945,0.42652222905738724,0.1316690440398713,0.4904894105345859,0.3028102286330149,0.31200925429416576,0.3807115274023718,0.8603307885360132,0.8723345817427876,0.38950989251670803,0.21961480240469483,0.8315789700609387,0.5193966344827591,0.5722222299338271,2.0
2021-04-07 22:48:16.200,0.3194082100487155,0.5745730217954496,0.4072718451138441,0.13494690731128417,0.5174804327218195,0.27372033947310564,0.3423599315009255,0.35388035185388833,0.88399210303842,0.8252561860461405,0.365434233344031,0.22736328046182086,0.805262982027725,0.5603449379310342,0.5055555640256789,2.0
2021-04-07 22:48:16.220,0.4051186218991703,0.6460032279146712,0.3943808469574841,0.13871329614049369,0.5564641441051191,0.23328849886646472,0.37305836259535413,0.328263199714175,0.9043454989482428,0.8141789218039105,0.39122958999825463,0.23311931654858833,0.786842032930757,0.5948276965517239,0.48888888332641983,2.0
2021-04-07 22:48:16.240,0.4627663952812107,0.6442946909418571,0.3933496769392826,0.14185037374800974,0.5946077811688972,0.19711077224713142,0.4044530279704556,0.3034589059035125,0.9215026838363692,0.7859318979862236,0.4256233988705528,0.23533319330874805,0.7684210838337907,0.6206896551724138,0.42777778713283937,2.0
2021-04-07 22:48:16.260,0.4402547751354943,0.6331156972922704,0.39330828815762064,0.14364123976899515,0.6197847823262013,0.17786913647815064,0.4364345539776169,0.2794254930353514,0.9337016530520503,0.6845749211029509,0.4453998389721242,0.23378347595249896,0.7499998652631756,0.6594829241379319,0.39444445417876534,2.0
2021-04-07 22:48:16.280,0.3984925904353454,0.6153739101735417,0.39640976274501694,0.14451991490115554,0.6453714220026112,0.1695348431651192,0.46152952292816257,0.26152442533505127,0.9313857198882314,0.5366934344023118,0.43250216064501246,0.22359974070747185,0.7052631976066428,0.6896551724137931,0.3500000102399999,2.0
2021-04-07 22:48:16.300,0.3792506825689912,0.6409967979882383,0.40434414777103583,0.14404287210882757,0.6719311997859568,0.17630964376633168,0.4866244918787083,0.24362335763475118,0.9290697867244123,0.39490445663520063,0.4256233988705528,0.21629400538514185,0.6828947290415519,0.7176724965517246,0.3500000102399999,2.0
2021-04-07 22:48:16.320,0.374603024525598,0.6943377117598588,0.40734329923403967,0.14209578480345492,0.6987960798314996,0.20151450646950464,0.5390540554565743,0.20806458776232375,0.8956657801466463,0.31127111160636356,0.44797937463754656,0.21430152717341008,0.6315788622714799,0.7650864551724138,0.34444446896987624,2.0
2021-04-07 22:48:16.340,0.387557100692423,0.6979904854186489,0.4008284814165452,0.13889839831984732,0.726030798933238,0.24391558796062554,0.5753554859801769,0.1849610607160403,0.8557584282405141,0.35502630536317237,0.4866724096188819,0.21385876631792738,0.5921052844321308,0.7909484137931038,0.4055555651634567,2.0
2021-04-07 22:48:16.360,0.39241693336012906,0.6703992131352815,0.40842730511790265,0.13585792904580704,0.753388296386222,0.28655143571224617,0.6131353375655154,0.1625580136276086,0.8178766409313436,0.4945998375353316,0.5468615772567832,0.22647775875085557,0.563157886227148,0.8060345379310343,0.41111113487802436,2.0
2021-04-07 22:48:16.380,0.39117623669823254,0.6501903883561976,0.42907009134020885,0.1342833008967247,0.7792572357069079,0.3141150709831002,0.6502060161560951,0.142133635163821,0.7936935303756427,0.6712822040122748,0.6319862591422732,0.24241753008265007,0.5157895389251989,0.8168103724137936,0.34444446896987624,2.0
2021-04-07 22:48:16.400,0.3893067122678581,0.6756182401799995,0.4537058285903751,0.134925918207858,0.8027309298217202,0.31894881540022957,0.6849153275328227,0.12425281820098158,0.7875033843100346,0.801993940204325,0.6835769724507205,0.2563648413233994,0.5092106092853076,0.8351293793103449,0.31944446214320965,2.0
2021-04-07 22:48:16.420,0.36415459641891224,0.7200078400918646,0.43050629339762386,0.1908581208427866,0.8354552740694922,0.0,0.745733856878449,0.10038400637711895,1.0,0.8546109408214839,0.6809974297473664,0.2756254096747469,0.5026316796454163,0.8534483862068962,0.29444445531654306,2.0
2021-04-07 22:48:16.440,0.35593617461617083,0.7860472435345496,0.4573421911027308,0.1762214642143303,0.8416228161946968,0.28230324096734966,0.7445017384234836,0.09602527036210438,0.8077966228316198,0.8463029926398115,0.654342234909267,0.30152755394451375,0.4499999730526345,0.8836208551724146,0.20555559588345623,2.0
2021-04-07 22:48:16.460,0.3374546716028771,0.8370673276171487,0.4525186650062385,0.17971901436283794,0.8556792393450317,0.25944995667569876,0.7666608430921452,0.08626027005419235,0.8206163776113357,0.8141789218039105,0.6268271807734969,0.33606375234443175,0.41578948503046936,0.8943966896551727,0.1500000125155554,2.0
2021-04-07 22:48:16.480,0.30699685219035594,0.8632358231932284,0.4569557134369345,0.18298319852891445,0.8655765296748507,0.2393564053260433,0.7825069969382992,0.07952605427411667,0.8317672916018565,0.7864857611983352,0.6259673425896211,0.3756918183668634,0.4105263952132855,0.896551724137931,0.11111110984691361,2.0
2021-04-07 22:48:16.500,0.29257649087323206,0.8820089740417646,0.46334745191876975,0.18601030603950042,0.8710769092470668,0.22366699799246592,0.791484319593157,0.07583406133699315,0.8406499776162806,0.7527000961926658,0.6362854782133789,0.42240423928388354,0.39999994610527057,0.9116380689655175,0.07222226406715991,2.0
2021-04-07 22:48:16.520,0.2566409205098989,0.8902789733482924,0.4709944363153434,0.1886973566701729,0.8715352256952098,0.21479992732991632,0.7924297625019462,0.07552805565948095,0.8462081454273457,0.6305732715223809,0.6195184963881336,0.4994465239240992,0.39999994610527057,0.9137933241379317,0.06666666590814817,2.0
2021-04-07 22:48:16.540,0.2067290071711912,0.9137286297423042,0.47111958715076674,0.19052265706906046,0.8664216173359008,0.2204016251507698,0.7758344086765495,0.08253125633373652,0.83763957589141,0.4309055640624182,0.5339638982258782,0.5769315759432447,0.3947368562880867,0.9181036137931042,0.0499999852088891,2.0
2021-04-07 22:48:16.560,0.18329097273934591,0.92923003705319,0.4868221820687045,0.19105627857851556,0.8559039179058662,0.24286742672774678,0.7513998590233694,0.093271987968467,0.8121988213312609,0.28911658765533726,0.525365444740976,0.6327208100338301,0.41842116467588564,0.9094828137931034,0.06666666590814817,2.0
2021-04-07 22:48:16.580,0.19091744060545673,0.9051664831852599,0.49630231997026225,0.18985331623101848,0.8406280398588403,0.2847615478727833,0.7269653093701891,0.10401271960319727,0.7867580667711119,0.20271391296564117,0.5752364674650498,0.698693808362541,0.44210520359003586,0.887931144827586,0.06666666590814817,2.0
2021-04-07 22:48:16.600,0.19854390847156758,0.8811029293173301,0.5057824578718202,0.18543169296716394,0.8068665807973981,0.3814506879298,0.6703495182577711,0.13124292015953976,0.71660375951441,0.16449736946368282,0.5640584816929323,0.766437886354556,0.4710526017950172,0.8814656000000004,0.13333333181629634,2.0
2021-04-07 22:48:16.620,0.027330776671421853,0.7750438118575553,0.5016959998623465,0.18027115026577945,0.7597789483815246,0.48760260209896333,0.6213205099375553,0.15744332797606114,0.6632732265692008,0.12018829436102713,0.4754944217353851,0.8233340515769465,0.5078947694626001,0.8448278068965525,0.07777780533728357,2.0
2021-04-07 22:48:16.640,0.030274119231160676,0.7390844405167294,0.49746239681847315,0.17688236765549106,0.7204411171935324,0.5480369743200496,0.5663547940703328,0.1896383230588771,0.6118321560348791,0.04541675619254033,0.4058469587689814,0.8684967641980609,0.5236840389141502,0.8318967172413801,0.1500000125155554,2.0
2021-04-07 22:48:16.660,0.1423290685479103,0.7174661701051653,0.5078688057018225,0.1733149438352192,0.6769031084727666,0.6018111971121382,0.5226917887599247,0.21887940093632577,0.5739015735134949,0.0,0.39896818995659006,0.900597741651451,0.5894736047867145,0.7909484137931038,0.18888891518419718,2.0
2021-04-07 22:48:16.680,0.24335481404141793,0.6730693820619879,0.5283331258055654,0.16989618633558154,0.6308684718427606,0.648070987197589,0.47902878344951655,0.24812047881377447,0.5359709909921108,0.017723595586965173,0.44625968419393164,0.9200796904305397,0.6684210299390613,0.7381467586206901,0.23888888617086423,2.0
2021-04-07 22:48:16.700,0.3218363710303624,0.6080414048984738,0.5471421262633972,0.16709326694615398,0.5841205660897711,0.6849924893920348,0.39362975904239705,0.3136461030318411,0.4671574789953444,0.09138740733122894,0.5322442070784701,0.9302634437962535,0.7210524670581944,0.67025875862069,0.31111110757135807,2.0
2021-04-07 22:48:16.720,0.3678486007693039,0.5643747594280847,0.5723682847358597,0.16538785775356135,0.537486932179498,0.7113322074630715,0.3405918596806838,0.3601651156454861,0.43090831574699573,0.20492937034752104,0.6397248591006087,0.9364622226178171,0.7499998652631756,0.633620744827586,0.3166666772859258,2.0
2021-04-07 22:48:16.740,0.36975203151427843,0.5079945518894783,0.5935277558558506,0.16493446249884688,0.49157188800305646,0.7286831461410862,0.2913395374582694,0.40782258499255425,0.40259668093524237,0.3278870125031425,0.7282889169467763,0.9357980994552797,0.786842032930757,0.5991379862068964,0.3500000102399999,2.0
2021-04-07 22:48:16.760,0.346857893249382,0.4530411378332659,0.5968340570016357,0.1655630777953603,0.4469782151049642,0.7399421826614462,0.24647333552438147,0.45576106791356935,0.380473048695814,0.42259761542740226,0.7781599609254035,0.9229577084739234,0.8131580209639724,0.5625001931034485,0.32777778827061715,2.0
2021-04-07 22:48:16.780,0.34876302788672586,0.4232030995458866,0.5910675137371447,0.16690206567852345,0.40462545735400784,0.7475711754750302,0.20674127761152727,0.5026949346872823,0.3627846097979843,0.48130711953796873,0.787618251327354,0.9041399190987452,0.8473682395124903,0.5215518896551733,0.37777777347950625,2.0
2021-04-07 22:48:16.800,0.2995695396098827,0.4663866493466555,0.5645352182521539,0.18025116329461227,0.43611637403708603,0.640685593975486,0.23022538963173106,0.46767125657553993,0.4822330826620406,0.48463029881063774,0.7747205659623105,0.8842151732228006,0.8684211377285201,0.48922438620689657,0.38888891290864164,2.0
2021-04-07 22:48:16.820,0.33980688930113173,0.38918873892163774,0.5720749879823649,0.1875732983195746,0.331271343806289,0.751100683126107,0.14451834425974305,0.5869278187338471,0.3437081509937817,0.4386596501653377,0.720550316988441,0.8614124274241589,0.9052630359224544,0.45905191724137945,0.37777777347950625,2.0
2021-04-07 22:48:16.840,0.4190262202505252,0.39499221330145656,0.5685025807713614,0.1891067416165095,0.2921127153198449,0.7608612406641024,0.1157786580408573,0.6332695989595118,0.32538872749178355,0.34948766417518967,0.6620808419055341,0.8313039463031869,0.9157894850304693,0.4094830344827592,0.3555555515101235,2.0
2021-04-07 22:48:16.860,0.5790404577007119,0.41055147077202764,0.5821643252090806,0.1895242159971375,0.2602876513378418,0.7628182332700579,0.09400806074968449,0.6715640694283096,0.31760199796172073,0.24646912032275148,0.6259673425896211,0.7994243855189115,0.9421052035900359,0.38577611034482756,0.41111113487802436,2.0
2021-04-07 22:48:16.880,0.6550215457761892,0.3702579155746385,0.5998692137166977,0.18902924338847424,0.23233049354974342,0.764128662474325,0.07637733303350566,0.7056325252352292,0.3115750930334242,0.16394347451753444,0.6388650138788012,0.7710869840612435,0.9447366137618034,0.34698284137931074,0.4555555788167898,2.0
2021-04-07 22:48:16.900,0.6696228364483573,0.3281357096316,0.6120315859151823,0.18782140956471782,0.207586354003272,0.7675021753215859,0.06215789382643451,0.7360939268192096,0.3039148462232994,0.09554138595549906,0.70593295173668,0.745074149577606,0.9631578323324186,0.3275864275862076,0.5111111052958026,2.0
2021-04-07 22:48:16.920,0.6734949810306463,0.3128332528357942,0.6162087309310359,0.1868676580241482,0.19683297091914378,0.7721945409103887,0.05127173029354311,0.7627875351047118,0.2897964701617261,0.0969260530526455,0.6835769724507205,0.7303519887190755,0.9605261526870023,0.2909484137931037,0.522222244724938,2.0
2021-04-07 22:48:16.940,0.6773671256129352,0.29753079603998844,0.6203858759468895,0.1859139064835786,0.1860795878350155,0.7768869064991917,0.044515403642905696,0.7806896390179672,0.2838695533794133,0.16449736946368282,0.6775580488601366,0.7219393331373521,0.9684209221496024,0.27586206896551724,0.5444444666943207,2.0
2021-04-07 22:48:16.960,0.7017657688205947,0.231417706856153,0.6251213213170205,0.1840454587235363,0.1662093704065713,0.7828257279416019,0.037759076992268284,0.7985917429312226,0.2779426365971004,0.2586541155226384,0.6766982036383292,0.7223820939928348,0.9710526017950187,0.23922427586206924,0.5833333409185184,2.0
2021-04-07 22:48:16.980,0.7225477266542215,0.166286798413117,0.6341432772053578,0.18201115807461668,0.1405590289486075,0.783415147887718,0.02640483644981094,0.8302267955913191,0.27661990184661783,0.3278870125031425,0.6672399061984472,0.715740536195102,0.9789473712576173,0.23060347586206953,0.6111111326024689,2.0
2021-04-07 22:48:17.000,0.7418932403250532,0.15255667878515927,0.6295254812759552,0.18142387029491253,0.12560459706146415,0.7784160061778675,0.019914635622978474,0.849119546763282,0.2809533141513394,0.38105787633241306,0.6560619253528819,0.7064423226610402,0.9657895119778348,0.20689655172413793,0.6055555628879011,2.0
2021-04-07 22:48:17.020,0.7427508699628452,0.1532744960299083,0.6325804617440461,0.1808365825152084,0.11065016517432079,0.7734168644680172,0.014062894604833221,0.8664769808643507,0.28908758868537293,0.4447521456799016,0.6423044018039628,0.6940447106558535,0.9815790509030337,0.17456904827586248,0.5944444519032098,2.0
2021-04-07 22:48:17.040,0.753442988984919,0.12382625038308354,0.6366189126125383,0.18080635570094394,0.09233999855418465,0.7586401587814011,0.011565878466035908,0.8738032032472612,0.29515320942258383,0.5150927736633969,0.6259673425896211,0.6778835299032191,0.9842104610748011,0.16379321379310316,0.5888889106330861,2.0
2021-04-07 22:48:17.060,0.7679352682826565,0.09183408660972518,0.6412451624865148,0.1811176583442738,0.08655605589476677,0.7484131877078279,0.0090688623272389,0.8811294256301722,0.30121883015979467,0.5372472976144232,0.6457437826911925,0.6486605994863112,1.0,0.14870731034482843,0.5666666886637034,2.0
2021-04-07 22:48:17.080,0.7486699747794198,0.04878665575977025,0.6445381104182013,0.18142896098760367,0.08077211323534891,0.7381862166342553,0.0035813253533068194,0.8959211964536646,0.3251877043775151,0.5594018442326187,0.6612209966837267,0.6139030134103772,0.9921052305374006,0.12500016551724222,0.6222222293649382,2.0
2021-04-07 22:48:17.100,0.7236229284814163,0.029084579447827132,0.6465829037542882,0.18207200977234847,0.07636438740630301,0.7196243375570923,0.0007637819792081697,0.9015652424090758,0.3475131340473903,0.6203267884980165,0.6663800609766397,0.5809165251184337,0.9947369101828162,0.11853462068965545,0.6222222151427161,2.0
2021-04-07 22:48:17.120,0.6806047189493575,0.018536366506506755,0.6431339107396368,0.18284646314956476,0.07804404279722767,0.7073660873853201,0.0004153188839498607,0.8994138552261802,0.36260262887985995,0.6878980822418846,0.6956148055560248,0.5348682617932554,0.9921052305374014,0.12931045517241352,0.6277777848572839,2.0
2021-04-07 22:48:17.140,0.6206638209148283,0.016586854580129887,0.6424675997808877,0.18402061419461338,0.08419381990414417,0.6963701839563942,0.001650032000830324,0.8915416131869063,0.37644640517400063,0.6973137704480816,0.6715391393454161,0.490591089003793,0.9835526085318597,0.14493550344827563,0.6416666664770371,2.0
2021-04-07 22:48:17.160,0.5315563382634829,0.013410568243078486,0.6203802966525728,0.18516912735603386,0.09422470769966927,0.6857676824845517,0.004356437356212871,0.8787227057356545,0.39006114339514786,0.6507892651641491,0.5924333754201645,0.4514057892730501,0.974999986526318,0.16056055172413897,0.6555555480967903,2.0
2021-04-07 22:48:17.180,0.4956955790671356,0.09087791724122005,0.5881443292861384,0.18601960359990408,0.10674640145943354,0.6731408001085495,0.008086869280933075,0.8627589257877317,0.4063007901979681,0.655220175394475,0.5932932213457651,0.41974760166824115,0.9552630628698183,0.18750013793103476,0.6277777848572839,2.0
2021-04-07 22:48:17.200,0.48516574149885205,0.07179270880725246,0.6053823034984648,0.2943550001194208,0.059604511750563416,0.7726038792893449,0.0,0.9230706277461718,0.28157964621194725,0.7576848560348017,0.6190885737772298,0.3794553798660363,0.9473682934072197,0.2133623172413793,0.661111117811358,2.0
2021-04-07 22:48:17.220,0.3924432121833839,0.043507116284510414,0.5990664496013792,0.28665809546657084,0.13093228116857622,0.6664479582483956,0.017283561951878083,0.8320551918137183,0.4161866908873654,0.8717806867966391,0.5881341500149204,0.33185741549322684,0.9578947425152347,0.22844844137931117,0.6055555628879011,2.0
2021-04-07 22:48:17.240,0.3315998687110905,0.0,0.5879308169565418,0.2866300914373311,0.16661247540962046,0.6295337412753783,0.031476708584871345,0.787111210593021,0.46336071765085635,0.9310440006247979,0.5313843618566627,0.292229340410452,0.9342104341274358,0.27155200000000057,0.5888889106330861,2.0
2021-04-07 22:48:17.260,0.32349252010690194,0.06182518644104661,0.566802147868609,0.2888824226614172,0.1949151818056042,0.6064364020659065,0.044982269810243745,0.7517979586198902,0.49306454636520536,0.9133204050378327,0.48409287395345957,0.2696480112809247,0.9210525748476532,0.32327591724137916,0.5888889106330861,2.0
2021-04-07 22:48:17.280,0.3221796881895261,0.14910128785972243,0.5438701478234802,0.29122862584117176,0.22416809431404705,0.581370687091999,0.06063154071024544,0.7156504230005772,0.5248556523436009,0.840764371852281,0.4148753300789938,0.2048926415461642,0.9236842544930696,0.3793103448275862,0.5722222299338271,2.0
2021-04-07 22:48:17.300,0.3483754323969953,0.22336795623155717,0.5222158175106075,0.293391589137354,0.2561397904497309,0.5556454319157357,0.0798015948521909,0.6765941730443165,0.5571549523318665,0.7715314590047585,0.4101461848780186,0.12286918167178808,0.886842086825488,0.4094830344827592,0.5277777859950616,2.0
2021-04-07 22:48:17.320,0.4018218474634841,0.29923389014794033,0.5110254966537886,0.2953440768221228,0.2924277472326827,0.5295208555399783,0.10412438809223165,0.6328935366767299,0.5895678774036162,0.7582387373806486,0.4148753335979596,0.10549039225795837,0.8736842275457041,0.4612069517241378,0.4833333420562962,2.0
2021-04-07 22:48:17.340,0.40987913136436105,0.3673419667884866,0.5047057861918596,0.2971537606599732,0.3331404307326873,0.5067657396070626,0.13458338378509324,0.5847385006221152,0.6176074314679503,0.7449460157565386,0.4196044823179006,0.08811160284412867,0.8447368293407227,0.5021552551724142,0.4666666613570371,2.0
2021-04-07 22:48:17.360,0.3245940064751112,0.3861198451398456,0.49717168879572093,0.2999125556092934,0.39886600931527694,0.474184248713817,0.170379512549515,0.5346742006871573,0.642291587732665,0.7454998857688009,0.3624247715487391,0.05833519236476896,0.8157894311357399,0.5754310620689661,0.4666666613570371,2.0
2021-04-07 22:48:17.380,0.20544922390447093,0.3419830875003928,0.48880005864698667,0.3018958198892188,0.44512157258600565,0.4483446610937763,0.23406479735690464,0.4584964671779823,0.6848838278150788,0.6956522034789163,0.29320723471220494,0.031436799928792884,0.771052763479207,0.6185346206896555,0.3722222322093826,2.0
2021-04-07 22:48:17.400,0.1484433319361416,0.4226647045664719,0.4572280607903011,0.30387908416914416,0.4913771358567345,0.42250507347373495,0.3068692117417101,0.3835456467057942,0.7250089932005402,0.5787870521230876,0.19346518898254034,0.03010848112097173,0.7236841467036091,0.6573276689655176,0.416666676148148,2.0
2021-04-07 22:48:17.420,0.08893179190767313,0.5159781529715,0.41666772705886135,0.30603574238319636,0.5599505511807564,0.3913784868321901,0.3583820899136846,0.33751213522213785,0.7424465785809456,0.41539739548332627,0.05503008011981379,0.027009100770533142,0.6736841197562451,0.6896551724137931,0.39444445417876534,2.0
2021-04-07 22:48:17.440,0.07325913831212508,0.5960643906295204,0.3811778771243627,0.30585384145967026,0.6042943170896761,0.3833820456628577,0.41190024389822033,0.2941408731328381,0.7486531235333065,0.34450289979961995,0.0,0.017932249543526197,0.6263157724542959,0.7155173517241377,0.3666666909392589,2.0
2021-04-07 22:48:17.460,0.15975843517635252,0.641119370910524,0.3858740407593466,0.304902400390698,0.6492565999666858,0.38259314724752946,0.46903530469979793,0.2520724720330429,0.7477914624961621,0.38604264524141657,0.07910576744421735,0.011954851149704132,0.5710526556897482,0.7650864551724138,0.38888891290864164,2.0
2021-04-07 22:48:17.480,0.23479318943470553,0.6306937308914893,0.4281530160876865,0.30421319784802126,0.6951676981581822,0.3823265992085517,0.5302627008700769,0.21120172402221193,0.7463132264469053,0.4857380279549211,0.23731729529472043,0.011512072173534874,0.4960524805318763,0.8125000827586211,0.3333333295407408,2.0
2021-04-07 22:48:17.500,0.23476177606330376,0.6477210828354829,0.4542774564002362,0.30453500478601675,0.7406506246389858,0.380932845284208,0.5936590787220427,0.17288730414791062,0.7456336127927933,0.6230961136254417,0.36629407152790683,0.011290691745793472,0.4052633053961016,0.8577588965517247,0.26666666363259267,2.0
2021-04-07 22:48:17.520,0.20869711721308892,0.6843308962478635,0.45714144984479727,0.30640046285148614,0.7852286591459222,0.37108049395622594,0.6583421840134233,0.13752581446307544,0.7510226041502617,0.7344226283267216,0.45399828837502604,0.03564315490068438,0.3578946886205052,0.8771553103448279,0.25555558109234533,2.0
2021-04-07 22:48:17.540,0.19100999398057136,0.727345413541822,0.4423205804815266,0.3096137999402173,0.8264406552901193,0.3526734713670306,0.7202902561796201,0.10683460113937188,0.7615138572520543,0.7936859874892187,0.5288048259801025,0.06309499840601379,0.2921053922215897,0.9051725241379307,0.2500000113777776,2.0
2021-04-07 22:48:17.560,0.20251617331206417,0.7945738068695443,0.4291065190319105,0.31369439898815826,0.8638692766474138,0.3308874720145052,0.7782419435747525,0.08067923322602776,0.7727764389345184,0.8064248232340478,0.5778160066494379,0.09364622226178163,0.23421059581162557,0.9310344827586207,0.2333333591229626,2.0
2021-04-07 22:48:17.580,0.18148222809382775,0.8500069993072871,0.4009981321470541,0.30063330304852537,0.9044461632802674,0.12112336293106322,0.8473226548580722,0.054222287370054786,0.8944372760194911,0.7992246014765984,0.5812553840177018,0.1310604568257699,0.18157915869249253,0.9461208275862072,0.13333333181629634,2.0
2021-04-07 22:48:17.600,0.13897146286753106,0.8816177188284837,0.4203303818024954,0.2979498600939856,0.9259916938989896,0.2903304166645799,0.8776740931656607,0.04099406042733976,0.78961605116894,0.7731930531745268,0.5640584816929323,0.17113127464334094,0.13421054191689535,0.952586372413794,0.11111110984691361,2.0
2021-04-07 22:48:17.620,0.12784742428308274,0.9101579526285188,0.4293131177761211,0.3022110489424137,0.9500876083857956,0.27157192767414307,0.9172733562816766,0.026885452198598458,0.7961031823829977,0.731653312266164,0.5580395630289006,0.21297322648627545,0.10526314371191331,0.9655172413793104,0.13888887308641998,2.0
2021-04-07 22:48:17.640,0.18349880186634074,0.9536538380741196,0.4272937996112216,0.30576971524022145,0.9697630170656749,0.26418926641007484,0.9498541800003462,0.01590737552521088,0.796401875679583,0.6895596900119544,0.5683577092095559,0.25857869996287247,0.057894796409964124,0.9719830068965517,0.1500000125155554,2.0
2021-04-07 22:48:17.660,0.24109481237045988,0.9821019770230446,0.4316525833703955,0.30852812882254305,0.9848917292807283,0.2700381153678558,0.9749389389562542,0.007801545872299051,0.7905574036307853,0.6765439158609187,0.6023215919519844,0.3349568230246952,0.044736937130180864,0.9849138758620694,0.11666670800592535,2.0
