2021-04-22 01:56:10.120,0.5880954787164043,0.953129299727559,0.9390708630043465,0.6348012981500094,0.5972975457658124,0.6415436859770761,0.46605395771318747,0.3222232698898293,0.5296680019100644,0.799669326557505,0.37164750777621125,0.715302482810385,0.5806457473462706,0.02816865859941905,0.007722040796450711,2.0
2021-04-22 01:56:10.140,0.0,0.8306267439159725,0.07901813950700971,0.6292771810382205,0.595341837554542,0.66932234498288,0.433395855063335,0.34383782424168874,0.5690669962391699,0.8115183210765097,0.7835248987174444,0.6120996328291496,0.4838711808531893,0.021126854513010197,0.0,2.0
2021-04-22 01:56:10.160,0.4356723730718892,0.8973476874845484,0.5829026582231326,0.6191641423159844,0.5544272177866013,0.6922802034317376,0.4231178330583131,0.367270437508649,0.5950335361084078,0.7812069396491631,0.31034482866760654,0.7081850448806446,0.5645161023933514,0.0,0.0038610203982254493,2.0
2021-04-22 01:56:10.180,0.7582382601081535,0.8967240724105684,0.23255668874327726,0.6105078165540928,0.5270227298226797,0.7262544048494662,0.41283981105329115,0.3907030507756091,0.6210000759776458,0.7902314647109893,0.4583333321573112,0.6806049729029007,0.46774318751249183,0.01760559190635935,0.009008959736569672,2.0
2021-04-22 01:56:10.200,0.4645878423808971,0.8415674041503596,0.8250167943400949,0.6035206039208666,0.4869513771817977,0.7379442105192097,0.43095724422456594,0.4513750017596391,0.6600969764045865,0.7992559897728155,0.6063218356470158,0.6530249009251567,0.4354838976066487,0.03873244641936954,0.0051479393383444105,2.0
2021-04-22 01:56:10.220,0.1628071922795421,0.7384760718400235,0.007917549407146628,0.5955973638862221,0.4482149003577972,0.764545355855585,0.4165891979292818,0.47695647941541214,0.6836224099936244,0.7853403099770793,0.20306514022754835,0.6370106655832409,0.5161288191468107,0.007042164649855275,0.010296010465622823,2.0
2021-04-22 01:56:10.240,0.5623527925749892,0.8167267760017377,0.3529993208364817,0.5928352878534353,0.43975789378851454,0.7820911377101859,0.40222115163399785,0.5025379570711854,0.7071478435826622,0.7971893047216311,1.0,0.6263345086886304,0.4516135425595679,0.021126854513010197,0.007722040796450711,2.0
2021-04-22 01:56:10.260,0.9618983928704364,0.8949774801634519,0.6980810922658168,0.5837865674087305,0.383757260773614,0.8120586495288153,0.365631237608544,0.5566187256920828,0.7538744937183371,0.7909892496244648,0.7595785396906456,0.6459074622672033,0.4798391825180126,0.01936613306882368,0.008365500266510192,2.0
2021-04-22 01:56:10.280,0.3417032609871635,0.7686340948489476,0.24645638158603364,0.5801251811777001,0.3577574751857208,0.8228296487804906,0.37100933488700866,0.5888193075283066,0.7699616384978996,0.7847891945272985,0.5191570793812913,0.6654804158457762,0.5080648224764572,0.01760541162463716,0.009008959736569672,2.0
2021-04-22 01:56:10.300,0.32438864875292583,0.7432137732933722,0.3177380005502956,0.5764637949466698,0.3317576895978274,0.8336006480321658,0.37638743216547327,0.6210198893645301,0.7860487832774621,0.7985670949813015,0.8505747039924807,0.6939501719340162,0.4193542526537247,0.03873244641936954,0.015443949803967233,2.0
2021-04-22 01:56:10.320,0.3070740365186882,0.7177934517377969,0.38901961951455755,0.570531319758579,0.2876807289631296,0.8662484923779452,0.34521369553264364,0.6490121719203066,0.8097707529387009,0.793744829579937,0.50191570480207,0.7090747260782883,0.4516127167534594,0.03873226613764736,0.014157030863848273,2.0
2021-04-22 01:56:10.340,1.0,0.8179782266656779,0.5012505962547509,0.5666791942196282,0.25637489742924147,0.8801068115491373,0.3140399588998137,0.6770044544760832,0.83349272259994,0.7889225641785724,0.15325670561165936,0.7241992802225605,0.45967795213297563,0.045774520928363725,0.018661510732133204,2.0
2021-04-22 01:56:10.360,0.4003228957812693,0.7105164700775755,0.15570685292085873,0.5628270686806777,0.22506906589535358,0.8939651307203292,0.3121886269325971,0.7422905106724422,0.8642218681981507,0.7982915367489295,0.34099616822190887,0.701067604038052,0.46774318751249183,0.05281677571908009,0.023165990600417945,2.0
2021-04-22 01:56:10.380,0.3198497549555632,0.7080237939647951,0.5325288348392563,0.06082192035170557,0.1973902932644171,0.6021682027791629,1.0,0.7546645304871714,0.5817175222641204,0.793882608639736,0.39367815847287346,0.7046263237311352,0.47580718418284057,0.05193664034914059,0.02027024177536561,2.0
2021-04-22 01:56:10.400,0.3307305846791334,0.6841497501085401,0.3841830722770089,0.07071975561208535,0.1769503508799453,0.6838812933910469,0.8526693801644227,0.7794778161991426,0.6717818873375507,0.7894736805305427,0.446360148723838,0.7081850434242185,0.4838711808531893,0.05105650497920109,0.017374492950313458,2.0
2021-04-22 01:56:10.420,0.4273615497001236,0.6732778362962505,0.3495583260648969,0.08061759087246508,0.15651040849547349,0.7655943840029307,0.7053387603288453,0.8042911019111137,0.761846252410981,0.7715624100869446,0.48850573982698897,0.7295373586698658,0.4838711808531893,0.0316899212060699,0.019304970202192497,2.0
2021-04-22 01:56:10.440,0.4502848093124787,0.6598458739751796,0.33296024894091397,0.09597686062246848,0.1065889945736146,0.8825890245758139,0.5036542407645348,0.8436529625546185,0.8515177990986562,0.7391671206409253,0.4916187673824894,0.769572949573401,0.49999917419388673,0.05281677571908009,0.009008959736569672,2.0
2021-04-22 01:56:10.460,0.4732080689248339,0.6464139116541088,0.31636217181693105,0.10483200525962186,0.0709283182531736,0.9230140620444649,0.2963488663194137,0.9226874028712524,0.9386232979758723,0.7067718311949058,0.49473179493798985,0.8096085404769363,0.46774153590026535,0.06249988732392248,0.014800490333907566,2.0
2021-04-22 01:56:10.480,0.49613132853718905,0.6329819493330379,0.2997640946929481,0.11368714989677518,0.03526764193273238,0.9634390995131161,0.25999630083653585,0.9484582685808349,0.9558687433243934,0.6743765417488865,0.4978448224934903,0.8496441313804716,0.43548389760664397,0.07218299892876487,0.020592020931245646,2.0
2021-04-22 01:56:10.500,0.5140973049419368,0.6264711820461859,0.27645525386482417,0.12244261158293206,0.017633820966366297,0.9749455996665296,0.22364373535365806,0.9742291342904175,0.9731141886729143,0.6419812523028672,0.5009578500489907,0.8896797222840069,0.49999917419388673,0.11267607665146188,0.021879005765831797,2.0
2021-04-22 01:56:10.520,0.5286715299472052,0.5977036683199113,0.2732799353797526,0.13119807326908894,0.0,0.9864520998199429,0.18729116987078026,1.0,0.9903596340214355,0.5374452615981099,0.4612601070196534,0.9264531481893379,0.5645161023933514,0.15845104828413312,0.03732302146426603,2.0
2021-04-22 01:56:10.540,0.5432457549524737,0.5689361545936367,0.270104616894681,0.14203177863885572,0.004645962111336304,0.9928238357978715,0.13942630828653607,0.9986298455475289,1.0,0.4329092708933527,0.42156236399031605,0.9632265740946689,0.6209673823102407,0.2764082977186784,0.06241958815826361,2.0
2021-04-22 01:56:10.560,0.5481969602476603,0.5193562337463993,0.27117789063088416,0.15286548400862252,0.009291924222672714,0.9991955717758001,0.11725976465305969,0.964563276216561,0.9935413291460389,0.32837328018859546,0.3818646209609787,1.0,0.639784475615872,0.3384192810420986,0.08551409790522302,2.0
2021-04-22 01:56:10.580,0.5502723148356257,0.4598626223279028,0.26352750688173143,0.1676907275051924,0.04508192329244425,0.9995977858879,0.09509322101958301,0.930496706885593,0.9870826582920776,0.08735186335318136,0.25287355916314197,0.7758007052131782,0.6586015689214987,0.4004302643655188,0.10860860765218243,2.0
2021-04-22 01:56:10.600,0.5619102130138978,0.4381663093460534,0.2700426010859328,0.18251597100176226,0.08087192236221591,1.0,0.08239409052635795,0.8830300158540144,0.9732116915882457,0.06420500656823322,0.20689655375176227,0.734875438573597,0.6774186622271301,0.46244124768893896,0.13170311739914184,2.0
2021-04-22 01:56:10.620,0.5735481111921698,0.416469996364204,0.2765576952901342,0.22891036833137884,0.22422321369993506,0.9838447148169404,0.0696949600331326,0.8355633248224358,0.9593407248844138,0.04105814978328498,0.16091954834038263,0.6939501719340162,0.693548307180054,0.6302814882761001,0.2007721909007516,2.0
2021-04-22 01:56:10.640,0.5994481814000788,0.3160270932024296,0.2814871934805162,0.24373256444048294,0.27026744106994954,0.9752949682945253,0.05308261232816895,0.7228795820001025,0.9186664434051951,0.09754754118232505,0.13314176402914843,0.6832740121265534,0.7580635837672921,0.6760564599087713,0.23037322428414064,2.0
2021-04-22 01:56:10.660,0.6159983321685486,0.26996563226454784,0.2811044047636402,0.258554760549587,0.31631166843996406,0.9667452217721102,0.04247813814728662,0.6156680372815028,0.8741053868658423,0.15403695513610358,0.13793104367465583,0.701067604038052,0.693548307180054,0.7852112739535824,0.27927926740640235,2.0
2021-04-22 01:56:10.680,0.6325484829370184,0.22390417132666598,0.2807216160467642,0.27722499610020623,0.3708938417610127,0.9546057848616334,0.036960397114665866,0.554684025958193,0.845678881835129,0.1324056358120566,0.14128353001833385,0.6983985669990386,0.7419355904265946,0.8063381284665926,0.29729727913179566,2.0
2021-04-22 01:56:10.700,0.6354758954924644,0.27160473516791334,0.2537729461908939,0.2954992891588613,0.42041228215302073,0.9420035574359293,0.031372296632770975,0.47387726405765546,0.8036255720570573,0.11077431648800976,0.14463601636201187,0.6957295299600251,0.725806771279784,0.8477113415592291,0.327541818111371,2.0
2021-04-22 01:56:10.720,0.6177843401012046,0.2599655961502201,0.2577924637145072,0.3149032186325819,0.4718833108462098,0.9269154898269855,0.028334438648443643,0.39045369998276225,0.7547255194794191,0.08900521590507664,0.0421455918871657,0.7508896724590869,0.7096779521329732,0.8890845546518645,0.3577863570909464,2.0
2021-04-22 01:56:10.740,0.6000927847099448,0.24832645713252685,0.2618119812381205,0.3363247546632298,0.5272727980447136,0.9079774864414083,0.17440134710091548,0.36611653935734534,0.6717589712015424,0.10333424128185052,0.0,0.658362979372462,0.6774186622271301,0.9278170010712351,0.43758042502062994,2.0
2021-04-22 01:56:10.760,0.381901545304777,0.13318617911692632,0.3586716193266715,0.18078130919204982,0.5768772142447607,0.7206550902244261,0.3204682555533874,0.3417793787319285,0.5887924229236657,0.12592998430862345,0.022988536026317407,0.5516014104263565,0.6451610239335134,0.9533450732791134,0.47554696525997575,2.0
2021-04-22 01:56:10.780,0.48877540283696513,0.10699946243177225,0.30253004354583085,0.0,0.6562784951788178,0.6659634494527962,0.3536942011312121,0.2674259364665445,0.5335023412061145,0.13998345844499432,0.08237545937189221,0.5266903718465608,0.612903385639892,0.9788731454869908,0.5135135054993216,2.0
2021-04-22 01:56:10.800,0.5507985206491876,0.13122783583113232,0.26538438488780697,0.0065539534806790065,0.7204342166066218,0.7189141541090436,0.19085299822432816,0.2106767186094369,0.5538210037024194,0.14025900968539723,0.15900383961823875,0.46619215526947205,0.693548307180054,1.0,0.5611325571975505,2.0
2021-04-22 01:56:10.820,0.610984587946947,0.12056581639963067,0.22182642143488254,0.013467553443253278,0.770093468940671,0.7724713490531686,0.04353954736121055,0.16884352812779474,0.5730148579263583,0.1647837016139455,0.23563217282369928,0.5017793332667649,0.5806457473462706,0.989436572743496,0.5997425898541894,2.0
2021-04-22 01:56:10.840,0.622867364206633,0.09516057057635417,0.22349432009141632,0.04272692622722701,0.8075900934950884,0.7435911609751561,0.04212062346639802,0.13849008904968066,0.5407763328260582,0.20115732242720918,0.2969348597724516,0.5160142149519501,0.5483881090526539,0.9823944080936406,0.6422136429090536,2.0
2021-04-22 01:56:10.860,0.6262285032466329,0.09316450030739631,0.22550049967970293,0.07257975834994536,0.8394413150260575,0.7118069203242201,0.04625631222273148,0.11355368173563905,0.509147370599613,0.23091761197447683,0.302681993779031,0.5088967755657836,0.6451610239335134,0.9753522434437853,0.6666666578807378,2.0
2021-04-22 01:56:10.880,0.608018733041035,0.09109344512770595,0.2134368184575366,0.10198027451667899,0.86702482640226,0.6801337474162391,0.05026465054256796,0.09259339432883677,0.4794869526127526,0.20473955621666418,0.1647509657846704,0.44839856044512105,0.6612906688864326,0.9507041263241244,0.6936936952371677,2.0
2021-04-22 01:56:10.900,0.6122098665728898,0.08612662256690948,0.18818954533601237,0.13323760563610482,0.8929541020221294,0.644314338416464,0.05606156240116396,0.07343364912986249,0.44811890041349156,0.16120146782449052,0.14176246111894364,0.39145905700719813,0.6290330305928159,0.9507041263241244,0.7438867363729089,2.0
2021-04-22 01:56:10.920,0.6012721076637723,0.07041551927284473,0.1612194781343564,0.16782009728812736,0.9183047977442513,0.600761930658769,0.06440518294940337,0.0552144143244435,0.41239395065683865,0.10333424128185052,0.23180077105970678,0.32028467770979435,0.5161288191468107,0.9295772718111142,0.7760617789621502,2.0
2021-04-22 01:56:10.940,0.6124369060110554,0.018202380361168884,0.16802200787420707,0.20710470488708296,0.9416911683605699,0.54931082622302,0.08105451895522908,0.03205012938990117,0.349861003124311,0.040507002193001816,0.339080459499765,0.23487545168143234,0.46774318751249183,0.8802817586986849,0.8211068148650801,2.0
2021-04-22 01:56:10.960,0.6334050324996017,0.02901613041832427,0.14430364278246283,0.25285367941644177,0.9616638224972022,0.4872137077896981,0.10276250100388465,0.01596742822067703,0.2763006736842236,0.0,0.3467432943883406,0.07829181722714412,0.49999917419388673,0.8309858850228071,0.8494208502349896,2.0
