2021-04-07 23:06:50.800,0.28045412994869673,0.8257203954378317,0.0,1.0,0.8705463624184071,0.759198549737847,0.26401681495737156,0.10563855443657769,0.8388453154832499,0.44907908596897317,0.503383581607991,0.6103793462047062,0.9026216316346186,0.8579709049449009,0.15037593984962405,2.0
2021-04-07 23:06:50.820,0.5430019542206036,0.9248243055567406,0.673376550861954,0.9984547804024123,0.8746783614028149,0.76370342808005,0.2606885635726279,0.11084972237620781,0.846187451062532,0.4537739214693123,0.47354661039726,0.6256585874454531,0.8913858209373093,0.8589371256092803,0.1616541834586465,2.0
2021-04-07 23:06:50.840,0.19186342628981048,0.785881284775296,0.10459447762225517,0.9957849827894172,0.8891583294255389,0.7739421740543827,0.24604841010137954,0.09765485737210902,0.8422963088742522,0.439147702884196,0.5124577126571798,0.6198630133973463,0.8988763614021821,0.8589371256092803,0.1541354827067671,2.0
2021-04-07 23:06:50.860,0.645638925181032,0.9723870207357321,0.5142847472319223,0.9955459192792416,0.8853912662525721,0.7735074817021058,0.24743012703009537,0.1010785822636452,0.84488331227163,0.4398699855644618,0.5133805049517925,0.6185458380751905,0.8970036304058182,0.8743960626161649,0.18421067067669192,2.0
2021-04-07 23:06:50.880,0.17990447555995034,0.7316175120399915,0.3779534519971121,0.9921942243786438,0.8907185330364412,0.7910519675964928,0.2270300960905694,0.09623891011145003,0.8525119649689267,0.4418562621222976,0.5195324575269752,0.6124209694418581,0.9063669018670547,0.8666664951755249,0.19548872180451127,2.0
2021-04-07 23:06:50.900,0.5689344308991424,0.9383235338482607,0.19473641596288013,0.9936644802711844,0.8929924864870783,0.7859145893967484,0.23210472168810395,0.09417701607929876,0.8473702409668992,0.44384253868013335,0.5256844101021578,0.6062961008085259,0.9119850948561457,0.8647344495955549,0.15789464060150346,2.0
2021-04-07 23:06:50.920,0.17417040888762608,0.7396326484578938,0.26026345440134685,0.9906709214869823,0.9012722453035984,0.8071222659423913,0.20701425195403816,0.08668973103088913,0.8545150819498009,0.44546767404563536,0.5444478667279145,0.5832455212426901,0.9082396328634185,0.8473428733855173,0.1616541834586465,2.0
2021-04-07 23:06:50.940,0.6486324734400216,0.9045875738257955,0.28899648903852115,0.9920050244354437,0.8997487167441602,0.8012653684342684,0.2137709526598432,0.0880650170610826,0.85202993262106,0.4489888006708897,0.5308366716018212,0.5785036877541825,0.917602904324655,0.8647344495955549,0.17669158496240583,2.0
2021-04-07 23:06:50.960,0.3092998160191248,0.7287511529604446,0.6604626068046127,0.9898620848425685,0.8967163978225647,0.8165350981703848,0.19769631513530297,0.0908057934614031,0.8639443558063543,0.45250992729614403,0.5172254764757281,0.5737618542656747,0.9250936365498181,0.862801810392402,0.17293242706766948,2.0
2021-04-07 23:06:50.980,0.38273884951319415,0.8514196431623298,0.02545639534858001,0.9915685269123834,0.911288925734605,0.8156724675742814,0.19538991914647494,0.07767517320143984,0.8517770083788219,0.45576019802714807,0.542602282138689,0.55505795550545,0.9232209055534549,0.8685989365042834,0.17669158496240583,2.0
2021-04-07 23:06:51.000,0.5503035388956562,0.8997833672841626,0.6880873750419546,0.9909038936221868,0.903539120409147,0.820187726912253,0.19217068100964066,0.08464574026172776,0.8607406161488738,0.45810761651631315,0.4883112971819516,0.5621707078944589,0.9269662237259639,0.8685989365042834,0.17481190977443584,2.0
2021-04-07 23:06:51.020,0.20874201096793613,0.7715294637920131,0.23349499902352852,0.9888492636614313,0.9077708679137895,0.8382492294705891,0.17135020406094936,0.08083601707722385,0.8679756182203688,0.45305163908464474,0.5183020672133564,0.5521601705298316,0.930711541898473,0.8685989365042834,0.17293223458646642,2.0
2021-04-07 23:06:51.040,0.6295155390913857,1.0,0.21692153885538076,0.9913037204557219,0.9028277567537338,0.8254423888268472,0.1865421045582029,0.08528691857982895,0.8644624056613107,0.47309497525916944,0.5259920095059109,0.5626975761258235,0.9419476402362184,0.862801810392402,0.17293242706766948,2.0
2021-04-07 23:06:51.060,0.381867775831253,0.8554570940996195,0.34651506522537645,0.9909789721144509,0.9023621450184873,0.8301352278044694,0.180716403324595,0.09211475239959788,0.8744722809500082,0.46659443409275964,0.5143032985052662,0.5666491051110368,0.9438201794722911,0.8608695669380377,0.16917288421052643,2.0
2021-04-07 23:06:51.080,0.530820211231698,0.925225038590595,0.43201501310560153,0.9906542237731796,0.9018965332832408,0.8348280667820916,0.1720405981967878,0.08015929098642793,0.8669227416260469,0.4600938929263498,0.5026145875046216,0.5706006340962502,0.9382021782434913,0.862801810392402,0.18421067067669192,2.0
2021-04-07 23:06:51.100,0.6797726466321431,0.9949929830815707,0.5175149609858265,0.9906467090367203,0.8986287039846912,0.8407768425639676,0.1713902726090525,0.08293452469917163,0.8700580506271882,0.4431202562954658,0.5338357493602783,0.5648050598325187,0.9419476402362184,0.8589371256092803,0.18421067067669192,2.0
2021-04-07 23:06:51.120,0.37075024791204286,0.8482395650777491,0.24671808457968766,0.9928023517482537,0.9098414342419536,0.8378845937636156,0.1707399470213172,0.08570975841191533,0.8731933596283296,0.4392379880344804,0.49715472943364225,0.5814014738079246,0.9400749092398545,0.8782607473992866,0.21428585864661673,2.0
2021-04-07 23:06:51.140,0.35649689350549646,0.8481616697592403,0.23097975531668163,0.9919385396794769,0.9148541858906565,0.8415969584595581,0.16615743111119863,0.07447825172480628,0.8641142755330689,0.44041169735296243,0.49830822052575324,0.585616437986944,0.935393177629091,0.8637681299939779,0.20112784360902305,2.0
2021-04-07 23:06:51.160,0.4646388615926272,0.8527893795621023,0.3878882845806964,0.01925489750373926,0.8996710755198463,0.7940246712677853,0.22169336743925638,0.08813561974307274,0.847452952180248,0.4344528676794551,0.5019993922219261,0.5869336130934749,0.9325841770146913,0.872463423413012,0.21052631578947367,2.0
2021-04-07 23:06:51.180,0.4457182712180206,0.8597037448196609,0.3500586148368983,0.006737795356309232,0.9140726403434309,0.84427875303117,0.16336586033154754,0.07517898026316196,0.8662700465192892,0.42361863043145076,0.5004614037634152,0.5885142251188097,0.9363294472471274,0.8859901169655323,0.21428585864661673,2.0
2021-04-07 23:06:51.200,0.4548454605561599,0.8863017651897448,0.3554447821070424,0.006406840852850069,0.9155347898254865,0.8457001482625877,0.16149022260318108,0.0738685796995234,0.8658682225395448,0.4156735242001076,0.498615818167101,0.5887776603126157,0.9344569080110546,0.8801931887280452,0.21052631578947367,2.0
2021-04-07 23:06:51.220,0.45736792227369444,0.8969786011265439,0.35598717287209075,0.006173256519156324,0.917884479563374,0.8465446702669022,0.1600669240160128,0.07176595050739681,0.8644071084245847,0.4171180874914517,0.4989234158084487,0.585353001930639,0.9382021782434913,0.8898549996230495,0.22556390977443608,2.0
2021-04-07 23:06:51.240,0.4649330239170411,0.8888299697682226,0.36096196424477256,0.006052469757164987,0.9198911803699884,0.8470199217296179,0.1591214402661215,0.06997163201487856,0.8630152527298807,0.42361863043145076,0.501076599297883,0.5806111682265067,0.9344569080110546,0.8859901169655323,0.2030076150375943,2.0
2021-04-07 23:06:51.260,0.46586249066562413,0.875751620065527,0.36561521067405917,0.0059406823129703355,0.9209376124288842,0.8477883738645242,0.1580553419856125,0.06903679336172144,0.8625761989273901,0.428945464496365,0.5053829664215204,0.5767913583475693,0.9325841770146913,0.8898549996230495,0.2030076150375943,2.0
2021-04-07 23:06:51.280,0.47025173207486604,0.8727706022790777,0.3729883868469509,0.005855923432090055,0.9209243179733781,0.8489324543625043,0.15679925710763432,0.06904911494671097,0.8632217765680343,0.4243409128161183,0.5076899487127454,0.5729715486842568,0.9363294472471274,0.8898549996230495,0.22556390977443608,2.0
2021-04-07 23:06:51.300,0.47123364625604947,0.8654659071981704,0.3718935415103921,0.005807498531565451,0.9210871600143524,0.8503104820149183,0.15432857891653706,0.06845987827013328,0.86384223776576,0.4196460773157792,0.5079975464799793,0.5708640692900562,0.9363294472471274,0.9033812974267812,0.2218045593984961,2.0
2021-04-07 23:06:51.320,0.4673339759938407,0.8461591680865203,0.37496740036384735,0.005789652945594606,0.9220810158102959,0.8517898729836925,0.15155576839512444,0.06643156671787115,0.8630964583253978,0.42488262608260996,0.5078437474075331,0.5724446782966448,0.9363294472471274,0.891787440951807,0.21052631578947367,2.0
2021-04-07 23:06:51.340,0.4665136212745528,0.8254114831731767,0.3810226590057972,0.005828496939757515,0.923857981207054,0.8531389027674283,0.14981808474895025,0.0657690412537755,0.8632568066244682,0.4328277323139531,0.5073823509455117,0.5800842989170183,0.9438201794722911,0.9053139366299341,0.2030076150375943,2.0
2021-04-07 23:06:51.360,0.46837638662317443,0.7762800667547097,0.4056819359319657,0.005757114595874136,0.9250603173256191,0.85481795345233,0.1480804011027761,0.06510651578967987,0.8634171549235384,0.431383167544618,0.5064595580214684,0.59246575259465,0.9456927187083639,0.9149757475249374,0.18421067067669192,2.0
2021-04-07 23:06:51.380,0.4603930775156838,0.765745209458079,0.4032456196160782,0.005431210729954014,0.9256285099217344,0.8572110098876917,0.14549203295770566,0.06432460648862057,0.863857264613859,0.4149512432934311,0.503383581607991,0.6027397255843328,0.9344569080110546,0.9111110627418144,0.18796982857142827,2.0
2021-04-07 23:06:51.400,0.4601586906556486,0.7505975371828935,0.39616425887759493,0.004815277829602124,0.9271015075190673,0.8603879047305263,0.1429036648126352,0.06354269718756127,0.8642973743041795,0.4024918721579157,0.5007690016565352,0.6040569015533626,0.9382021782434913,0.9169079909793016,0.19924807218045124,2.0
2021-04-07 23:06:51.420,0.454712158457577,0.7031544832288694,0.38727279339783155,0.004166929019227716,0.931683462663855,0.8631318302079335,0.13894600572444987,0.05946940297854602,0.861894075835741,0.41364210636037174,0.4992694631549649,0.5976685981035676,0.9363294472471274,0.9188404323080602,0.19548872180451127,2.0
2021-04-07 23:06:51.440,0.4450328860791272,0.6944679151863759,0.3848752704764128,0.0031966250231909186,0.9421175849873634,0.8665115895224359,0.1350075296413639,0.052876628035622764,0.8567255049079621,0.42479234056282783,0.4977699246533947,0.5912802946537725,0.9419476402362184,0.9227053149655763,0.21428585864661673,2.0
2021-04-07 23:06:51.460,0.43602338965910714,0.6996215494764498,0.3746700272934183,0.0025946349434389157,0.9448047694169934,0.8682604728643506,0.12969168191287048,0.04654583463274711,0.8523804287201802,0.4633441645441484,0.49553984175362353,0.5740252916157279,0.9363294472471274,0.9246375584199406,0.21052631578947367,2.0
2021-04-07 23:06:51.480,0.42701389323908706,0.7047751837665237,0.3644647841104239,0.0019926448636868256,0.9474919538466234,0.8700093562062652,0.1277204306260308,0.04660349965049817,0.853366931032301,0.4723726928745019,0.4989234158084487,0.5629610113196296,0.9288389067822548,0.9169079909793016,0.17669158496240583,2.0
2021-04-07 23:06:51.500,0.42682300746679164,0.7423429231821826,0.3313776955502543,0.0010832852272862196,0.9461698874206257,0.8724771902708981,0.1257491793391911,0.04666116466824933,0.8543534333444216,0.45413506354844063,0.5006152028358613,0.5611169649629877,0.9232209055534549,0.9188404323080602,0.17293242706766948,2.0
2021-04-07 23:06:51.520,0.4304308362631672,0.7650486403611989,0.32239859628792167,0.00038390967280651107,0.943234279145948,0.8747250161447099,0.12314598733288237,0.049497408709068776,0.8586341785884875,0.4373419966269289,0.5044601733527081,0.5703371967461971,0.9232209055534549,0.9246375584199406,0.18796982857142827,2.0
2021-04-07 23:06:51.540,0.4340386650595427,0.7877543575402152,0.3134194970255891,0.0,0.9426694151767018,0.8761552502986658,0.1252396900586034,0.047619499214916525,0.8554932859829777,0.43427229678768997,0.5105736769150957,0.5765279234772005,0.9236890883025458,0.9198066529724395,0.18045103157894762,2.0
2021-04-07 23:06:51.560,0.4497534684638153,0.7477917854144175,0.32229827324265437,0.0665288954779133,0.9478510545350596,0.8601005277538872,0.12733339278432448,0.04574158972076439,0.8523523933774678,0.4312025969484511,0.5166871804774835,0.5827186502082039,0.9241572710516363,0.9149757475249374,0.17293223458646642,2.0
2021-04-07 23:06:51.580,0.4456130217706369,0.7290223397026236,0.3211902634597107,0.064048726347061,0.9501002788948172,0.8726473438372268,0.1294270955100455,0.04386368022661214,0.8492115007719581,0.4348140088717889,0.5272223988124409,0.5874604843435858,0.931179724647564,0.9130434051333753,0.16165408721804522,2.0
2021-04-07 23:06:51.600,0.4371999259632403,0.7134830065640339,0.3284348090898658,0.06156855721620861,0.952349503254575,0.8851941599205665,0.11608468249817618,0.04089029283766398,0.8521666929074344,0.43752256751869406,0.5312211694088226,0.5821917793893425,0.9382021782434913,0.9111110627418144,0.15037593984962405,2.0
2021-04-07 23:06:51.620,0.43467172545127086,0.7100736945788454,0.33053547471867933,0.06076112862832057,0.9561279960499226,0.8916890105396096,0.10274226948630691,0.03791690544871583,0.8551218850429108,0.4382448501989598,0.5336819505396044,0.574288726809534,0.9400749092398545,0.9207728736368188,0.16917288421052643,2.0
2021-04-07 23:06:51.640,0.4321435249393015,0.7066643825936572,0.3326361403474929,0.05960877210644916,0.9608359778204367,0.9024767604287537,0.0942201224470343,0.03501661380912068,0.8555747436011045,0.43621343084428316,0.5341048966670272,0.5698103274367087,0.9428839098542547,0.9265699997487002,0.15789464060150402,2.0
2021-04-07 23:06:51.660,0.4315718509970024,0.7369664107853338,0.32893772731057624,0.059182306986136725,0.9628486541138399,0.9077286009523818,0.08583836894724987,0.03258498597618808,0.8563813636893003,0.4341820114896066,0.5345278427944498,0.5653319280638833,0.945692910468655,0.9323671258605806,0.14661639699248102,2.0
2021-04-07 23:06:51.680,0.43265128898897043,0.7715994089299618,0.32446257027357633,0.05875584186582429,0.964861330407243,0.91298044147601,0.07777082031928494,0.030289511657389988,0.8571116861050401,0.4349945794679558,0.5327591563567002,0.5619072705444056,0.9550560860497459,0.9333331486505655,0.17481200601503766,2.0
2021-04-07 23:06:51.700,0.4337307269809384,0.8062324070745899,0.3199874132365764,0.05839850160746492,0.9673248551736506,0.9194586911167576,0.0666555994772603,0.02745262689415115,0.8583197488801527,0.43806427945499377,0.5292986832062534,0.5669783977017337,0.9569287691060367,0.9309176959268145,0.17199244511278178,2.0
2021-04-07 23:06:51.720,0.4356158395170497,0.8236519745665514,0.3158090182932151,0.05787141401291128,0.969120970200889,0.9286845275819676,0.05834482355836213,0.026599810978672,0.8604825151232467,0.4411339794420318,0.5258382100558066,0.5720495248590617,0.9588014521623275,0.9285022432030634,0.16917288421052643,2.0
2021-04-07 23:06:51.740,0.4375009520531609,0.841071542058513,0.31163062334985386,0.056709920428583034,0.9704638906747395,0.9402565724700997,0.050034047639463904,0.025746995063192737,0.8626452813663407,0.4393282737759611,0.5206090501528949,0.5940463637574859,0.9588014521623275,0.9323671258605806,0.15789464060150346,2.0
2021-04-07 23:06:51.760,0.4474364282605782,0.8559389812765481,0.2969688280386338,0.05547332539454747,0.9752789700121598,0.9485567256354465,0.036899432035434186,0.02124247412990822,0.8622866119132772,0.41513181315060244,0.5170716766479655,0.613277133336572,0.9681648195037095,0.9478259639302675,0.16917288421052643,2.0
2021-04-07 23:06:51.780,0.4668093607805158,0.8338479204515855,0.2889030495200689,0.054758889757224455,0.9826805127384745,0.9529744294579958,0.030864935434183737,0.01484855724713116,0.8571232617642134,0.40195016184740606,0.5192248601373997,0.6195995779879155,0.9644194533911273,0.9362318106437034,0.18796982857142827,2.0
2021-04-07 23:06:51.800,0.48689885467591076,0.8252033727334634,0.28577437641432407,0.05426224373256442,0.990941522963896,0.956787692263849,0.025383100655424675,0.007746469588664874,0.8508245584492184,0.4189237964091026,0.5259920095059109,0.6177555316312737,0.9756552640884366,0.9478258649930709,0.19924807218045124,2.0
2021-04-07 23:06:51.820,0.5050366933462181,0.8644938487488611,0.2973674412278747,0.053963001110864814,0.995319930570458,0.9611065483308385,0.019982876811654827,0.003996616985625306,0.8482659075954235,0.43300830291012,0.5316825658708441,0.6167017912872992,0.9812734570775276,0.9613525585455912,0.19548872180451127,2.0
2021-04-07 23:06:51.840,0.5397825418389247,0.8878453383166149,0.3100163411864886,0.05404641315506806,0.9964683068402038,0.964909283687041,0.015658107121545785,0.003014907023167935,0.8485296644646582,0.4234380598352838,0.5398339046254202,0.6056375128024484,0.9943819987712001,0.969081928111837,0.18421067067669192,2.0
2021-04-07 23:06:51.860,0.6140249640039988,0.8510904129383713,0.3489841068312035,0.055033858708812736,0.9980316586102534,0.9665314068864329,0.013650516930356847,0.001679419712490679,0.8476168103286791,0.39382448058592295,0.542602282138689,0.5518967331797783,0.9962545380072729,0.9710143694405944,0.18796982857142827,2.0
2021-04-07 23:06:51.880,0.717043782153217,0.8413600374925128,0.48636191847847776,0.05765287445709855,1.0,0.963613959403406,0.016524710465352883,0.0,0.8447239709766938,0.4214517832774481,0.5415256916528328,0.452581662958676,1.0,0.990337991230602,0.21052631578947367,2.0
2021-04-07 23:06:51.900,0.8500190930686038,0.9341935451176298,0.6704041707146506,0.06235844631737051,0.9924094674650185,0.9543707724606207,0.027788266943630062,0.006488078435267183,0.8485587600404177,0.4676778558961717,0.511996315943386,0.3761854696924249,0.9887639975424002,0.990337991230602,0.15789464060150346,2.0
2021-04-07 23:06:51.920,0.9332289600979214,0.7440274417642827,0.8170103017522597,0.09935430507007793,0.9796614882723853,0.9217545969386064,0.06551299094519884,0.017453019952712263,0.8474739330624995,0.4907908966395066,0.4424792461034162,0.2995258132011536,0.9737827248523638,0.972946810769353,0.22556390977443608,2.0
2021-04-07 23:06:51.940,1.0,0.41078722642123816,0.9336094944001329,0.10291188232271659,0.9572255806819651,0.9075931095739992,0.08507781269304934,0.036956031286475774,0.8615244759882893,0.5725893796590896,0.3537373379043414,0.19388830695369674,0.9269661757858909,0.9574880716368627,0.17293242706766948,2.0
2021-04-07 23:06:51.960,0.9470258946640348,0.3458641188057189,0.976075120789127,0.11014975201522736,0.9220991427903525,0.8631625338335929,0.14085235843785995,0.06800011680862575,0.8699590057416051,0.7026002000313039,0.25192250099418545,0.11116961728616837,0.8745318172509092,0.9207728736368188,0.13533834586466165,2.0
2021-04-07 23:06:51.980,0.8057583673712532,0.21945999177485503,1.0,0.11645772281201254,0.8655645008280861,0.807995751355647,0.21395023891053724,0.11920384325021731,0.8826385565340723,0.8578909127348289,0.15841281047130626,0.04214965257142942,0.7425092677748366,0.8193236613648859,0.08270676691729323,2.0
2021-04-07 23:06:52.000,0.6919549132207387,0.0779586747743243,0.9407646811628071,0.11916152039862203,0.8007464355519487,0.7604713115086869,0.2811529906405439,0.1807042685297232,0.8892727095466102,1.0,0.09350972828870827,0.0,0.6782146631167999,0.7571658397825543,0.10087718496240586,2.0
2021-04-07 23:06:52.020,0.5716647846232364,0.060407427534461273,0.8001180968619028,0.12186531798523151,0.7359283702758112,0.7129468716617264,0.34835574237055056,0.2422046938092291,0.8959068625591483,0.9984200091310285,0.060673677557114905,0.022787145342340994,0.6139200584587637,0.6950080182002226,0.11904760300751902,2.0
2021-04-07 23:06:52.040,0.45043789244860516,0.0,0.6910388409128376,0.1223220333634097,0.5878277649750411,0.6137878068381669,0.4882681127677112,0.3889244106493488,0.8757791963348334,0.9968400182620569,0.027837626825521596,0.04557429068468199,0.549625453800727,0.632850196617891,0.13721802105263164,2.0
2021-04-07 23:06:52.060,0.3226866077382598,0.007964035649327397,0.6083210194097051,0.12121156652318675,0.5449172429168123,0.5799704854937149,0.5754868888214356,0.4767645341412022,0.8285340819864832,0.9256049232471877,0.0,0.12513174940154964,0.4194756353210183,0.5033815744509335,0.18796982857142827,2.0
2021-04-07 23:06:52.080,0.2616359263613179,0.06764047966877673,0.5345718641438336,0.1201010996829639,0.5020067208585837,0.546153164149263,0.6328770206026513,0.5316035932945442,0.7758194442369603,0.8743228473319528,0.00015383280991996013,0.17175973342401643,0.29962545380072736,0.39420279473836173,0.3176690526315787,2.0
2021-04-07 23:06:52.100,0.20058524498437597,0.12731692368822609,0.4608227088779621,0.11408130602017935,0.396551556600272,0.4462022576443143,0.690267152383867,0.5864426524478862,0.7231048064874375,0.8353196103838327,0.018455896246693526,0.1959299226978896,0.24250936365498155,0.3512077560430348,0.3975562586466166,2.0
2021-04-07 23:06:52.120,0.14531988158846207,0.1969513494517423,0.34090999321911997,0.10673812288250109,0.31503010783106794,0.3494909971632615,0.7390970621872205,0.629165585344904,0.6597480903877527,0.7963163734357128,0.036757959683467095,0.22010011197176277,0.1853932735092363,0.30821271734770783,0.47744346466165394,2.0
2021-04-07 23:06:52.140,0.10209191668453371,0.24484358753871402,0.2921112561635616,0.10262095794799392,0.28562667085538934,0.3076542273635269,0.7879269719905739,0.6718885182419219,0.5963913742880677,0.7455760107869697,0.09612430698130309,0.2534246435038707,0.14606745666792706,0.263285039449228,0.562029964511278,2.0
2021-04-07 23:06:52.160,0.05918931639155429,0.3418899869021314,0.23515911530177305,0.09850379301348683,0.2562232338797107,0.26581745756379227,0.8599364109716005,0.7336858105489772,0.4698624193800312,0.7240429638685884,0.1308059391549695,0.26811115609761593,0.1067416398266184,0.21835736155074922,0.6466164643609025,2.0
2021-04-07 23:06:52.180,0.04254385767922186,0.4468796237676179,0.18767784545876154,0.09279840918998095,0.22721793827498604,0.22074856257776032,0.8932178333005033,0.7641315380332213,0.3962478703329074,0.702509916950207,0.16548757132863595,0.2827976686913612,0.03932591272145474,0.1256037395094425,0.8176691777443609,2.0
2021-04-07 23:06:52.200,0.03951444934214377,0.525760175643508,0.16246434020745087,0.08709302536647508,0.19821264267026137,0.17567966759172823,0.9264992556294063,0.7945772655174654,0.32263332128578365,0.6686077886283668,0.2185097219944034,0.28991042754911167,0.024344592091345884,0.09710121928222659,0.8637217972932331,2.0
2021-04-07 23:06:52.220,0.03132126067676508,0.5435916730051373,0.1506961053874238,0.07782721756735404,0.15696573724052099,0.11091646002203351,0.9587115615424239,0.827020163904188,0.23535139438591482,0.6347056603065265,0.2715318726601709,0.29702318640686215,0.009363271461236486,0.06859869905501068,0.9097744168421054,2.0
2021-04-07 23:06:52.240,0.02312807201138638,0.5614231703667666,0.13892787056739678,0.07646952201960124,0.12160887415131541,0.08186697065783098,0.9739714757723529,0.8484695051244857,0.18601521151114828,0.616648595516869,0.38788066854077496,0.3692044187284648,0.011236002457599762,0.03188389680375426,0.9473684210526315,2.0
2021-04-07 23:06:52.260,0.0,0.7219142755390466,0.08219704407430457,0.07511182647184844,0.08625201106210983,0.052817481293628454,0.9821031848993099,0.8798865003359481,0.14454353538933212,0.49205489081267484,0.4494001968103233,0.4488935594641561,0.0,0.0028984641187435687,0.9736842586466165,2.0
2021-04-07 23:06:52.280,0.014565125045770667,0.8409576915938821,0.0499199045597547,0.07722208231786191,0.05740009998713862,0.03213836973129402,0.9902348940262671,0.9113034955474104,0.10307185926751587,0.459552182320242,0.474161806309386,0.4758956711417637,0.010299636959417852,0.0,1.0,2.0
2021-04-07 23:06:52.300,0.05205509568872987,0.8564263686895114,0.06054522195723824,0.07933233816387539,0.028548188912167406,0.011459258168959575,1.0,0.9708005050371257,0.023378627531970262,0.42704947382780906,0.4989234158084487,0.5028977828193713,0.014981272690036367,0.012560275013746758,0.9774436090225563,2.0
2021-04-07 23:06:52.320,0.08954506633168899,0.8718950457851405,0.07117053935472178,0.0847354642881205,0.005317561630829808,0.0,0.9998371385043944,0.9945763463272252,0.0,0.39039364221473405,0.5839741648999602,0.5947049521732503,0.029962545380072734,0.00869559023062502,0.9473684210526315,2.0
2021-04-07 23:06:52.340,0.11945416564330316,0.8654757426223588,0.07374147335082284,0.08834550695131486,0.0,0.0033603584825763395,0.9967987667212755,1.0,0.005126198540231288,0.36366919250404345,0.6681021248440114,0.6820337232324276,0.03183527637643656,0.018357401125628208,0.8684210622556388,2.0
2021-04-07 23:06:52.360,0.13140913086942846,0.8653446863707134,0.08255887388722294,0.09197094640652191,0.0010039419363953653,0.01577783855805344,0.9916616993332984,0.9974313191772286,0.02562625587102978,0.32701336000417386,0.7185481455782068,0.7334035752433578,0.05617982052770886,0.04347814902751604,0.8120300751879699,2.0
2021-04-07 23:06:52.380,0.13250153238600007,0.8222444231153979,0.10144019592080025,0.09398010532446474,0.005035129646206662,0.026416369171090887,0.986524631945321,0.9948626383544573,0.04612631320182818,0.2910798069329898,0.7656105872221332,0.7771338217276452,0.08052436467898172,0.07053128878956529,0.7537593936842105,2.0
2021-04-07 23:06:52.400,0.13690977845468832,0.7567659470518058,0.1361274016133062,0.09598926424240758,0.009066317356017924,0.037054899784128334,0.972657235479891,0.9775016421592395,0.10377811623979741,0.26218851154628753,0.8092894497757905,0.8200737820367398,0.10486890883025457,0.09758442855161341,0.6954887121804512,2.0
2021-04-07 23:06:52.420,0.1352836740198344,0.6811531502237972,0.15274839784785152,0.10163108655773437,0.038924822240296565,0.09045120128,0.9587898390144609,0.9601406459640218,0.16142991927776654,0.24381545375580427,0.8340510498333961,0.8564278355475944,0.13623595451752715,0.13864727326117438,0.6212405606015036,2.0
2021-04-07 23:06:52.440,0.13014830281602077,0.6274293846794187,0.16475684709164137,0.10250982861717563,0.08556424005222812,0.14702274785879788,0.9189983749125545,0.8948825377142154,0.3054176274920029,0.22544239596532104,0.8588126498910016,0.892781889058449,0.1676030002047997,0.17971011797073536,0.5469924090225561,2.0
2021-04-07 23:06:52.460,0.1557975203358792,0.5993527132558609,0.18860595795394225,0.10338857067661679,0.13220365786415966,0.20359429443759575,0.8783058709233661,0.8321842017812331,0.41812456097552775,0.1497833117374213,0.9410181340180864,0.9322971681293463,0.2434456332730185,0.25603858234077925,0.39097744360902253,2.0
2021-04-07 23:06:52.480,0.2108625069764045,0.5912331000186624,0.22582693243799407,0.10284812185002837,0.22736930958704293,0.30675723610217587,0.8250274305537962,0.7639951334667926,0.532112638359435,0.11610692437312121,0.9967702033652123,0.9330874650857752,0.29775272280436355,0.31400964558519495,0.32330836691729353,2.0
2021-04-07 23:06:52.500,0.29356501890750397,0.6792835426101653,0.29200075604644693,0.10295718501094446,0.29473934986783945,0.38201988617147675,0.758127351715665,0.6932103478149333,0.6434849491793367,0.09588298213064526,1.0,0.9752370960947322,0.3707865470184726,0.36425114138897174,0.2744362345864663,2.0
2021-04-07 23:06:52.520,0.36673343055188834,0.7156920780001883,0.4513586713899512,0.1029245548314506,0.35971941801004503,0.4627652526947806,0.6767342075927846,0.6249750765139624,0.7499202022549227,0.04026727398302764,0.9715471992924194,1.0,0.4382021782434913,0.43768114164027205,0.18796982857142827,2.0
2021-04-07 23:06:52.540,0.4249098337695089,0.6802586721732631,0.5329481119323933,0.10192318176206833,0.42948359522341245,0.5443217152775172,0.5390288807418562,0.511854190306141,0.8752352576745641,0.0,0.9274069390178794,0.9889357347976322,0.5224720049152001,0.497584448339052,0.13157899548872168,2.0
2021-04-07 23:06:52.560,0.4830862369871294,0.6448252663463379,0.6145375524748354,0.10069339743622904,0.5069182501673237,0.6207568578979474,0.4707942316454176,0.4506539003546029,0.9120623080972751,0.0068616915222878445,0.8686558096622362,0.9623287651294974,0.6011236385978185,0.5826087008141142,0.12030075187969924,2.0
2021-04-07 23:06:52.580,0.532672710953351,0.6290879696990334,0.6858195465172532,0.09960680633709916,0.5873059525834295,0.6892390205882843,0.40255958254897906,0.3894536104030649,0.948889358519986,0.08396533460755866,0.7931405673107292,0.941253949625019,0.7003745461992726,0.6821253728200907,0.08082709172932324,2.0
2021-04-07 23:06:52.600,0.5822591849195726,0.6133506730517289,0.7571015405596708,0.09871852163370189,0.6199133919361488,0.7137391354748938,0.3350383707574381,0.3238515327866904,0.9629317867522682,0.20747560464981885,0.7173177474596499,0.8927818782772127,0.7312734570775273,0.7096617218515257,0.08176697744360914,2.0
2021-04-07 23:06:52.620,0.6146359532307678,0.6311468355689043,0.7818461829127623,0.0978302369303046,0.652520831288868,0.7382392503615031,0.3173376501378257,0.30914413161719945,0.9653877362200316,0.29667750576010055,0.6441095063011656,0.8256059146379238,0.7621723679557819,0.7371980708829605,0.08270686315789504,2.0
2021-04-07 23:06:52.640,0.647012721541963,0.6489429980860797,0.8065908252658538,0.09658162750091129,0.6747971653092754,0.7576656169527226,0.29963692951821336,0.2944367304477086,0.9678436856877951,0.31130372072413875,0.5970086158962166,0.7871443693344468,0.779962545380073,0.7487922241695257,0.07894741654135326,2.0
2021-04-07 23:06:52.660,0.6793894898531582,0.6667391606032552,0.8313354676189454,0.09533301807151788,0.6970734993296827,0.777091983543942,0.28193620889860105,0.27972932927821764,0.9702996351555586,0.325929935688177,0.5499077254912673,0.7486828240309701,0.797752722804364,0.760386377456091,0.07518796992481203,2.0
2021-04-07 23:06:52.680,0.6867491456342306,0.801603678965756,0.7388032520969803,0.09242720263583287,0.7346981117902892,0.8117692217802096,0.22796603453975375,0.23401061389545394,0.9702946164294529,0.33640303691681617,0.4858505160511697,0.7136459378641564,0.8183519967232004,0.8009660623648633,0.06015037593984962,2.0
2021-04-07 23:06:52.700,0.6530867537315639,0.8583423680133389,0.6626348908887113,0.09070473627055357,0.7702774635077223,0.8246853342499508,0.21232418815675497,0.20126317192837362,0.9545047264276757,0.3624051998088662,0.4607813070224678,0.6899367790466071,0.8071159942656,0.8048307471479863,0.06766907669172902,2.0
2021-04-07 23:06:52.720,0.6332727439058552,0.9443610984462356,0.6057106460524846,0.09018393901548016,0.7880569830440951,0.8197408875026866,0.2160031253883337,0.1916856408807519,0.9449113988879075,0.4082701297572651,0.45139958022022264,0.6651738686725975,0.8033707240331635,0.8144927559173838,0.06390972631578959,2.0
2021-04-07 23:06:52.740,0.5927449365073325,0.9012581193314124,0.5393259408791854,0.08976231791571637,0.7917457432777679,0.813956269292903,0.22201752418799872,0.18818032245341496,0.9387487291216757,0.4438425386062338,0.4477084085240497,0.6707060077425232,0.7902621823394909,0.8067631884767449,0.07518796992481203,2.0
2021-04-07 23:06:52.760,0.5562472061878846,0.8584358438434562,0.4978756103610573,0.08870514295401023,0.7917516385566801,0.8092084584198455,0.2274970996966486,0.1881746914890747,0.9356561509885181,0.4377031384104591,0.44524762487554587,0.6828240309700928,0.7752809096494545,0.8183574407005066,0.052631675187970225,2.0
2021-04-07 23:06:52.780,0.523148481761829,0.8194611842295436,0.4516855526373004,0.08729016858507739,0.7944124947508958,0.8048842783234905,0.23091637333174472,0.18481941916294792,0.9309336437852123,0.39851931904224414,0.44494002975192004,0.6783456305191439,0.7682584560535273,0.8222221254836295,0.06296993684210496,2.0
2021-04-07 23:06:52.800,0.514970710329759,0.8017318990368368,0.41839457288906284,0.08627401092217203,0.8032543904688659,0.799252023840814,0.2343356469668408,0.18146414683682113,0.9262111365819065,0.3772119872165602,0.4509381812404791,0.6680716558044634,0.7612360024576,0.8260868102667523,0.07330819849624023,2.0
2021-04-07 23:06:52.820,0.5003497390629718,0.7520090425917821,0.4083047773304287,0.08543392154486583,0.8158175306104337,0.7940571495698997,0.24008582204814632,0.16543880429367808,0.9093363870130802,0.4001444544077461,0.46047371063998105,0.6475237106875967,0.752808904734255,0.8338165755817856,0.09398510676691747,2.0
2021-04-07 23:06:52.840,0.47424707759274637,0.7327283461527383,0.4019441870655709,0.08444910844462615,0.8249724175139191,0.7910126490365857,0.2416315231772456,0.15685162063959124,0.9009395368125122,0.44564824501129996,0.47047063335435213,0.6106427818297616,0.7471909035054546,0.8202898820292652,0.04887213233082719,2.0
2021-04-07 23:06:52.860,0.44712940902260373,0.7880906147662398,0.38182611763512847,0.08337690401000111,0.8283259890322948,0.7896120674863109,0.24250347669444025,0.1537146683171019,0.8976461444568745,0.4824846492158297,0.4904644800419553,0.5806111682265067,0.7490636345018183,0.8318839363786327,0.04887213233082719,2.0
2021-04-07 23:06:52.880,0.4490958965149536,0.8427262229008078,0.3381899998964684,0.0825887596745345,0.8264719839702954,0.7886531219253166,0.2439754812642091,0.1554482413956216,0.898295319937532,0.49819428812636707,0.5095355344349458,0.59246575259465,0.7471909035054546,0.8183574407005066,0.02255648721804542,2.0
2021-04-07 23:06:52.900,0.4560961541780065,0.8557954978475055,0.3095003200189578,0.08196710271830518,0.8208537831669094,0.7892970882603417,0.24443077270315752,0.1607104946266184,0.9026428403101053,0.4907457517734784,0.5213011445312121,0.6088645941637589,0.734082361811782,0.8086956298055035,0.007518700751879395,2.0
2021-04-07 23:06:52.920,0.45741381182701785,0.8448115500147608,0.30686014901654235,0.08107638452591184,0.8136992806997754,0.7932549441226104,0.2378987446282475,0.1698992303814799,0.9144306547231933,0.48329721542058973,0.5330667546274784,0.6252634357328678,0.7359549010478548,0.7990338189104991,0.052631675187970225,2.0
2021-04-07 23:06:52.940,0.4587314694760292,0.8338276021820162,0.30421997801412687,0.07984332493815346,0.8084570743687831,0.8003911593665357,0.228310620588303,0.17090461318909841,0.9207809401140312,0.44745395060347115,0.5493694302483393,0.644625923555731,0.7509363654981822,0.795168936252983,0.052631675187970225,2.0
2021-04-07 23:06:52.960,0.4653621213091837,0.836973679277573,0.28994314431611734,0.07861957076743639,0.8074277666914896,0.8091555627235636,0.2187224965483585,0.17190999599671705,0.9271312255048688,0.440592267505732,0.5550599853544116,0.6488408845003795,0.7584269059630548,0.795168936252983,0.04135343157894725,2.0
2021-04-07 23:06:52.980,0.47277792541529257,0.8019011988720185,0.29589055484376325,0.0768962473242717,0.8126951883736115,0.8243245063439149,0.19935672619951977,0.16627134914825203,0.932977128922105,0.44618995657810206,0.5584435606680976,0.6517386716322453,0.7808989108782549,0.8028987015680163,0.02255648721804542,2.0
2021-04-07 23:06:53.000,0.4698660648540268,0.7678383035579052,0.30430970366678106,0.07486820208292577,0.8189396422496111,0.8418252714469942,0.18480345067333143,0.16250648885469512,0.9374031565101858,0.4516070743153096,0.5585973594887715,0.6538461553389404,0.7883894513431275,0.8009660623648633,0.04887213233082719,2.0
2021-04-07 23:06:53.020,0.47295033981974466,0.7488409738600591,0.3045459947280273,0.07375517166152781,0.8217101225588381,0.8508677605740748,0.17012105023709553,0.1591854520524619,0.9419754441161978,0.4463705270264698,0.5561365783579896,0.6506849330132686,0.8014981847970911,0.7971013775817417,0.026315645112781772,2.0
2021-04-07 23:06:53.040,0.46871616570901903,0.7475285911178879,0.30961498529364007,0.07264214124012992,0.8244806028680653,0.8599102497011555,0.1556610146497103,0.15544018307903848,0.9457836795563457,0.43156373814078486,0.550907415937356,0.6406743956486413,0.8099249948800002,0.7903380308054809,0.04135343157894725,2.0
2021-04-07 23:06:53.060,0.4673023363892802,0.7451493182349747,0.3084393374930636,0.07071468021061962,0.8322857315762408,0.8762836472786955,0.14255386604118062,0.15001667726528334,0.9472349387182257,0.4284940380059477,0.5453706609108186,0.627502633802095,0.8220974587159274,0.7874395666867373,0.04135343157894725,2.0
2021-04-07 23:06:53.080,0.47412786659010847,0.7572886031479252,0.3112621365408911,0.06984447066762663,0.8376777461682993,0.885022981177062,0.13150101768683461,0.14499192258496005,0.9478649517901169,0.4414951209299638,0.5424484820591541,0.6148577444994079,0.8314607301771639,0.7971013775817417,0.037593888721804206,2.0
2021-04-07 23:06:53.100,0.4754378487168026,0.7765504137109329,0.31847425685740055,0.06912265803850444,0.8401533221681297,0.8931134037681455,0.12168860564633598,0.14268900602882842,0.9501583792638022,0.44925965656514,0.537988316259612,0.6111696517861241,0.8314607301771639,0.7874395666867373,0.03383473082706785,2.0
2021-04-07 23:06:53.120,0.48064871878819887,0.8245489571166714,0.3141226184514799,0.06855193599660696,0.8404358945165364,0.9002083534770239,0.11337892702120253,0.14242637144477607,0.9534766045369233,0.4452871034494684,0.5316825658708441,0.6174920964374677,0.8333332694132367,0.8048307471479863,0.04887213233082719,2.0
2021-04-07 23:06:53.140,0.4806149708379794,0.8634636485669522,0.3122441961002551,0.0926947792906597,0.8300525838827005,0.883912791830413,0.13404772794041211,0.15210131694332518,0.9528855028869143,0.4324665911216193,0.5239926235782896,0.6288198097711248,0.8352060004095999,0.8028987015680163,0.052631675187970225,2.0
2021-04-07 23:06:53.160,0.4954203498496927,0.9002554883295865,0.31069727852480333,0.08675060744629887,0.8419647368477831,0.9106707603742987,0.10092717465264707,0.14100556947963117,0.9573818252296028,0.4234380598352838,0.5172254762239559,0.6372497381291635,0.8333332694132367,0.8086956298055035,0.06766907669172902,2.0
2021-04-07 23:06:53.180,0.49025384633022817,0.8912712575344804,0.3196678381965036,0.0861673659452897,0.8450492510449181,0.9149096698514686,0.09550412247838687,0.13814234116768465,0.9570523491196906,0.4306608851599504,0.5147646943378574,0.6367228655853043,0.8352060004095999,0.8106276753854734,0.07518796992481203,2.0
2021-04-07 23:06:53.200,0.49651930026279273,0.8877346251557986,0.3286843269819474,0.08558779763521807,0.8468667214192367,0.918753739662192,0.09073812981043915,0.13645717959658885,0.9574561284472684,0.4494402279003024,0.5119963156916139,0.6301369868182785,0.8408240016384004,0.795168936252983,0.052631675187970225,2.0
2021-04-07 23:06:53.220,0.5066530680459757,0.8966230107246975,0.3375426707429227,0.08510042641767494,0.8462001538627694,0.9221141842941107,0.08690678194007947,0.13707510708381476,0.9594945785634903,0.46641386320099454,0.5055367651477797,0.6288198097711248,0.8436329063726551,0.7961351569173624,0.033834634586466045,2.0
2021-04-07 23:06:53.240,0.5093000500433655,0.9034802715714716,0.3342729233875588,0.08468058069353092,0.8435613347825827,0.9248201523712222,0.08412311167553442,0.13952311030319844,0.9627121034231961,0.47381725912182804,0.5007690016565352,0.6330347771845151,0.8464418111069092,0.7971013775817417,0.015037593984962405,2.0
2021-04-07 23:06:53.260,0.5096601296683404,0.8971473836246184,0.3424158145732377,0.08415301864514785,0.8392501814803462,0.9270967521254218,0.08207213795402675,0.14352883294013105,0.9669767170476375,0.47363668852566115,0.496155037036319,0.6404109604548353,0.8445692718708364,0.781642440574857,0.015037593984962405,2.0
2021-04-07 23:06:53.280,0.5151115645560596,0.8743290412721185,0.3555601636967981,0.08350433312560417,0.8341271640536211,0.928890743263058,0.08068793998635658,0.14829933171419493,0.971603265556024,0.46641386320099454,0.49231006601592786,0.6469968402999848,0.8483145421032731,0.8028987015680163,0.0,2.0
2021-04-07 23:06:53.300,0.5157607217969469,0.8158826360860472,0.36998307346153975,0.08263326650472594,0.8299051417539867,0.9304614525348589,0.07942518818247321,0.1522390969066785,0.9754312500092881,0.45774647458498385,0.4867733089752129,0.6551633313079702,0.8370785396456727,0.7855071253579787,0.015037593984962405,2.0
2021-04-07 23:06:53.320,0.5120274701908669,0.7965069310006727,0.377284666795801,0.08167260463489964,0.8272311715719866,0.9315770865199526,0.07813102836590549,0.15525899417176717,0.9784634078943959,0.4519682155076433,0.4824669407374836,0.6599051669527253,0.8352060004095999,0.7893720080154959,0.037593888721804206,2.0
