2021-04-19 17:04:46.940,0.8343235070837046,0.6623322090673747,0.7309560100908998,0.8494307391534206,0.6373058944258195,0.02250883597319214,0.9810531265715762,0.3383610749560302,0.8700732854656418,0.6030368778853195,0.4175270265503299,0.45718927131097287,0.03266782633259378,0.8846148923076935,0.03690031406761619,3.0
2021-04-19 17:04:46.960,0.3235286324154025,0.549550647137874,0.3403358174288125,0.840175034768367,0.651951682275395,0.02774274757947668,0.9739263927370159,0.3240057172876716,0.869185807907347,0.5832042159199236,0.4006002558118489,0.45199024608297395,0.019963723271001228,0.860576492307692,0.027675207211227414,3.0
2021-04-19 17:04:46.980,0.8140975036342485,0.5679872420254247,0.10913118942608328,1.0,0.5126486036224339,0.028879506751221858,0.978708718051944,0.4625182287741814,0.9016732693069414,0.6290672492513486,0.42256904350403074,0.44256701254970215,0.023593440453756515,0.8749991384615379,0.027675207211227414,3.0
2021-04-19 17:04:47.000,0.6869912266422512,0.6221619660900938,0.8031958631274267,0.9343168043768068,0.6405543453912492,0.022524501041530465,0.9808735293918405,0.33517256912469023,0.8692869473046154,0.6169817183297386,0.3996398706850174,0.45101542881449147,0.023593440453756515,0.860576492307692,0.027675207211227414,3.0
2021-04-19 17:04:47.020,0.30553459772453845,0.5745932114514005,0.16684229236748485,0.9072214351558083,0.6904295667246996,0.02546576012110334,0.974775991429658,0.28654008012084237,0.8582336031410662,0.6124883808532035,0.4007803273475876,0.4489033249810147,0.018148771757674535,0.8749991384615379,0.03690031406761619,3.0
2021-04-19 17:04:47.040,0.88721652522873,0.7007124135563755,0.24638845087798414,0.9034754005036184,0.6979445212705166,0.01755855644803203,0.9839241733771658,0.27926598413357745,0.8521248779585588,0.5878524960680632,0.4049219844608598,0.46011372295684055,0.0072594343655100506,0.8990385230769243,0.049815448552168795,3.0
2021-04-19 17:04:47.060,0.6826980540488242,0.6574001371798907,0.8000156765741199,0.90156165014231,0.6987449380125165,0.018139903447751814,0.9863588966168633,0.26331843378937075,0.8462073381011096,0.5395103799909636,0.37815127447538377,0.4542648196917019,0.018148771757674535,0.8894227692307686,0.035055300253534476,3.0
2021-04-19 17:04:47.080,0.7459832543904019,0.677297339962403,0.34472767295574647,0.887646226987613,0.7302666822460112,0.011346580477735856,0.9893709356763064,0.24528473533074246,0.839242763549885,0.5004648267465904,0.41956784266028596,0.44679122048262204,0.01633382024434732,0.918269046153848,0.035055300253534476,3.0
2021-04-19 17:04:47.100,0.41360002041961247,0.6044256147855693,0.5600195277616202,0.8876920516522276,0.7414333165687939,0.00591239382272697,0.9923829747357495,0.2272510368721142,0.8322781889986605,0.5326929075132528,0.42689077274260584,0.4581640885262621,0.012704288905491176,0.9326926769230788,0.05904055540855743,3.0
2021-04-19 17:04:47.120,0.5806013300316636,0.672186042935307,0.006709231349351012,0.8788503933029133,0.7834812139925321,0.0075844580587057266,0.9919969174123942,0.17809143706270467,0.8163212952942669,0.5909513487392222,0.37971189969235564,0.4552396368803945,0.023593440453756515,0.9230769230769231,0.04797043473808681,3.0
2021-04-19 17:04:47.140,0.932028342499884,0.749202007076818,0.6170410066912827,0.871541754337063,0.80755016894276,0.0,0.998008745503619,0.17486307232023182,0.8122804400288397,0.6380539216679717,0.40588236860508453,0.44256701254970215,0.0036297171827552894,0.9278843076923071,0.05535050888740397,3.0
2021-04-19 17:04:47.160,0.4264917725965882,0.6401787682812193,0.637165883935978,0.8666372862092848,0.8077408506670232,0.0035380647696917687,0.9939050184952032,0.1746841731035114,0.8142364311260708,0.6578865836333676,0.4086434730197304,0.4484159163733701,0.0,0.9278843076923071,0.05535050888740397,3.0
2021-04-19 17:04:47.180,0.650360564666974,0.7174248238494766,0.2818470666676143,0.8608791800763067,0.8090397714209395,0.001982210968531461,0.9956191513980838,0.1734666645452753,0.8129818069342847,0.6585063543197862,0.4178871706044141,0.462388296459182,0.010889337392163958,0.8990385230769243,0.04059036058876966,3.0
2021-04-19 17:04:47.200,0.6593482100452439,0.7478912008053761,0.4130734068811238,0.8557842147795358,0.8062974740613922,0.003164314321777898,0.9944323100084419,0.17603771960779557,0.8144420143583248,0.642392319009349,0.42665067611698554,0.4682371997509172,0.018148771757674535,0.8846148923076935,0.053505513966311896,3.0
2021-04-19 17:04:47.220,0.6221661548922691,0.7316795909322583,0.3866019438225661,0.8499475570950302,0.8071354493248378,0.0057058684707007295,0.9914334161399719,0.17525192964546452,0.8156250030610303,0.6309265587741575,0.43157264446309423,0.47376116503475474,0.019963723271001228,0.8798075076923095,0.05535050888740397,3.0
2021-04-19 17:04:47.240,0.6080383789879614,0.7122675962375264,0.3792763237925316,0.8434867885472821,0.8105593813192252,0.009040061319013314,0.9873466085245999,0.17204313200482052,0.816471647210393,0.623489313073581,0.43601442113013333,0.48675872790527747,0.019963723271001228,0.8942306461538465,0.04243535550986173,3.0
2021-04-19 17:04:47.260,0.6084404271697259,0.7323454824353245,0.3642441761812457,0.8365050234103464,0.8149296304658441,0.013000100181748197,0.9824737265535762,0.1679523860728582,0.8173364657671993,0.6076851580334591,0.4403361497791443,0.505930132075433,0.03176044349787922,0.884615138461539,0.04797043473808681,3.0
2021-04-19 17:04:47.280,0.6047551086711302,0.7683209903384648,0.34877954861737753,0.8290059311688606,0.8209658167223604,0.017735569754750855,0.9765982858670972,0.16231113885079665,0.818055180970659,0.5776262797421561,0.4478991758975203,0.5377741664275408,0.04718688090751303,0.8701922461538477,0.029520258811288808,3.0
2021-04-19 17:04:47.300,0.6052243135078978,0.8004912451451148,0.31866637485344707,0.8201590670674165,0.8314894583506364,0.023602226295139982,0.9691436400017678,0.15250129140801477,0.8179185188679322,0.5379609558113642,0.46338537120574985,0.592038980773319,0.06352088699575897,0.8942306461538465,0.03690031406761619,3.0
2021-04-19 17:04:47.320,0.6154400047985191,0.8778770402347438,0.28055943997176763,0.8095005134381533,0.8464513746993388,0.03165319677167507,0.958912624963992,0.13860947734668366,0.8173236020632295,0.48125194054050724,0.4882353079897427,0.6677497791747867,0.10163338202443473,0.9567305846153865,0.049815448552168795,3.0
2021-04-19 17:04:47.340,0.6110729271646906,0.994524021879438,0.21659625263478754,0.796798653815324,0.8662425814943582,0.043276107482495545,0.9443127452223279,0.12033504659425956,0.816512126572427,0.4288813099287926,0.5232893331843701,0.7418359034947474,0.13611615987035522,0.9663458461538456,0.05535050888740397,3.0
2021-04-19 17:04:47.360,0.5681882460047863,0.9811008798399201,0.16375859818849978,0.7019956746783805,0.7739002945356324,0.06013532771470376,0.9289245975716719,0.20656943847619072,0.8511246954709859,0.39355438587582514,0.5637455142772273,0.8194963496251111,0.18330304077786824,0.9855763692307692,0.07195565210713036,3.0
2021-04-19 17:04:47.380,0.5299142604644506,1.0,0.13848093685530935,0.6102659503762424,0.9268544183447374,0.08864900499986918,0.888880692633822,0.06510579391534112,0.8134334527608263,0.4171056668868387,0.6150060268186799,0.8890333056630806,0.2540835479830364,1.0,0.09409589344807173,3.0
2021-04-19 17:04:47.400,0.5076102477313337,0.9499016734682141,0.06627442896055648,0.5646594884173066,0.9693596991089667,0.12756700005745167,0.842638867249055,0.027061177593658205,0.807929085633642,0.5392004946477543,0.6787515214437717,0.9588952193904577,0.32486386934430544,0.9807689846153852,0.10516601411854208,3.0
2021-04-19 17:04:47.420,0.44372964070789,0.9068430044884298,0.019863054594473448,0.4975959871780129,1.0,0.18319959974079714,0.7784417636588212,0.0,0.8019329473647799,0.6862410976099136,0.7704081925429774,1.0,0.4065335280977389,0.8798075076923095,0.12177117623125838,3.0
2021-04-19 17:04:47.440,0.37605446142437443,0.892247826914303,0.015268889817909494,0.4268929190130518,0.9972964430734124,0.2495742324838837,0.7026958206034658,0.002375321926448804,0.7965654783715876,0.7238921668098449,0.8414165613066548,0.9871649159741811,0.49364785554725443,0.8413459692307711,0.14575639360030193,3.0
2021-04-19 17:04:47.460,0.3559585439040348,0.859100996501974,0.04933593731154844,0.3624859139633669,0.9710417561786802,0.3208040107134915,0.6210665556341578,0.025567431251826315,0.7843171669186083,0.7505423113987397,0.8853541280440789,0.9712428934788002,0.5843919001795251,0.7499997538461545,0.19372690391034797,3.0
2021-04-19 17:04:47.480,0.34579498731609787,0.7896647821937811,0.11910126750444869,0.30856555859994017,0.9264767976160055,0.3930232483176119,0.496098245221844,0.09183809925678055,0.7438778711920028,0.797644881030108,0.9291716398852276,0.9585702882976853,0.6624318417502034,0.7163460923076939,0.2269372281357804,3.0
2021-04-19 17:04:47.500,0.34178036812550916,0.627701318016068,0.19190604264495034,0.26480985125647444,0.8685303025532604,0.46560092509206075,0.37160564556113507,0.18763896110541348,0.6767118701551411,0.786489016283914,0.9656662747048225,0.9332250247421848,0.7495461691997188,0.6057688615384624,0.32841325241213876,3.0
2021-04-19 17:04:47.520,0.33557225039066024,0.6358093970468592,0.3014595243254313,0.23412382986675,0.7939505041066007,0.5382982519336482,0.2924710313861998,0.2673165517530462,0.6118655843956519,0.6117136674951802,0.9980792002681337,0.9121039983759031,0.8239563935876418,0.5865383384615388,0.4040590077193922,3.0
2021-04-19 17:04:47.540,0.3516419432645502,0.6881194892731077,0.336087904184696,0.2089284284929898,0.6734713197516159,0.6475555977745854,0.23943870195835917,0.3194171904969628,0.5415815513336668,0.399442202323908,1.0,0.9303005917139618,0.8802176603739921,0.4855768615384631,0.4999999527675253,3.0
2021-04-19 17:04:47.560,0.22234878658182883,0.60901136863557,0.4367223385630599,0.17716438625753753,0.5709735730166711,0.7594474464572581,0.18640637253051853,0.37151782924087967,0.47129751827168187,0.40440037288815106,0.9661464844638569,0.9725426444465256,0.9364789271603419,0.40865378461538615,0.59778594941572,3.0
2021-04-19 17:04:47.580,0.038768452085187026,0.3697092177911264,0.6057542364489064,0.1585127821054577,0.4933912596921257,0.8265654832975288,0.10253829605421672,0.48199223675131403,0.3133795845252568,0.5289742859311881,0.9009603802137975,0.9705930312932552,0.9637022706407523,0.30288443076923266,0.6937269322498328,3.0
2021-04-19 17:04:47.600,0.0,0.2597217222500848,0.8332506880807357,0.15669945974476132,0.4033584934935606,0.880062831665318,0.06476433979044462,0.5739750497379164,0.22350881553763602,0.6389835802340467,0.8094837865459711,0.9043054393762812,0.9909254282772642,0.18269144615384553,0.7693726875570863,3.0
2021-04-19 17:04:47.620,0.01752915007863302,0.13728824154592728,0.8397199723963646,0.16781668139639894,0.3165567122347179,0.919840105841614,0.03932065330470099,0.6639692447068047,0.1528587215859809,0.7840099284653453,0.7346939096361397,0.7974004767872414,0.9891106626078361,0.09134572307692276,0.8173431600811529,3.0
2021-04-19 17:04:47.640,0.10883656405639228,0.06776505078164598,0.8078438480418108,0.19321838154764,0.24055323570766116,0.948451409719548,0.022822309598763527,0.7436748297689059,0.09995289169987441,0.8890610572768548,0.6873949826722207,0.6547522163042641,0.9918329040339278,0.050480492307693706,0.8920664084813654,3.0
2021-04-19 17:04:47.660,0.23090384196220318,0.13224547327776115,0.8344295176921968,0.23033765912900073,0.1815538544711696,0.969490952695798,0.01237938279215454,0.8060446666122404,0.05980936675207178,0.815618233472695,0.649459807010133,0.5153533678162255,0.9981850484866728,0.024038400000001556,0.9538745412900153,3.0
2021-04-19 17:04:47.680,0.386302872613133,0.3623706545169529,0.9271975125395734,0.2665362647704874,0.14085834288191978,0.9849982893234344,0.00599388450231976,0.8492825367007808,0.02955321511935563,0.5134800162342755,0.5966386790777763,0.4396425609038345,0.9954627141386321,0.02764393846154025,0.9617158688928529,3.0
2021-04-19 17:04:47.700,0.4736259464090148,0.6567579146127586,1.0,0.28358549803518396,0.11157228276983454,0.9954969316415924,0.0020875450363919646,0.8804941554164251,0.00884271073552925,0.15091413424201716,0.5235294233247856,0.4272948767087707,0.9927403797905908,0.031249476923078945,0.9695571964956905,3.0
2021-04-19 17:04:47.720,0.5244914539781568,0.6954077165422102,0.9403119887249016,0.27322912383223685,0.08945249360840311,1.0,0.0,0.9041167409820362,0.0,0.0,0.4613445539166656,0.43216896278521666,0.9945551454600189,0.0,0.9926199258506828,3.0
2021-04-19 17:04:47.740,0.5560735307607063,0.47840960149099004,0.9045008212045221,0.0,0.2751047116147396,0.9912368978754098,0.015786809841183466,0.7073450783926841,0.014803762956774031,0.17353576683274397,0.42184875539586225,0.4149471919817741,0.9909254282772642,0.024038400000001556,1.0,3.0
2021-04-19 17:04:47.760,0.6348788738197412,0.11150198111339245,0.890053109971375,0.038521512318573835,0.1530913404527962,0.9922161120593684,0.005418883203929582,0.8362681363325665,0.014904017236796848,0.471025721678153,0.403721504280579,0.3792038940878366,0.9981850484866728,0.07211520000000186,0.9926199258506828,3.0
2021-04-19 17:04:47.780,0.7490709738990828,0.03517595472696492,0.905741874676528,0.08936037845343911,0.06684511998420967,0.9798960861524509,0.0026858931616941225,0.928299525425931,0.04079403891709467,0.6770994799852389,0.37659065122362545,0.35418358822174395,0.9927403797905908,0.07211520000000186,0.9760147637379667,3.0
2021-04-19 17:04:47.800,0.7423750900854794,0.25298423369448947,0.8528510744652316,0.11632038056172504,0.056802388301728735,0.9644985720710384,0.005844206744982882,0.939053542473254,0.07185512797455891,0.7150604357966031,0.3069027782322334,0.348822089548158,0.9963700969733461,0.08653883076923263,0.9538745412900153,3.0
2021-04-19 17:04:47.820,0.622376157487923,0.3880590779088368,0.7784967721664139,0.14706967861477166,0.04217202439741144,0.9451252459558227,0.010584701320293276,0.9547324851682817,0.1107852869957854,0.7139758332906999,0.23973591067161068,0.3434605961938992,0.9945551454600189,0.11057673846154033,0.9151291472828527,3.0
2021-04-19 17:04:47.840,0.5539965629731166,0.3767013233188886,0.7196173650168897,0.17586628412025926,0.027603027965372486,0.9214277909830175,0.01783084671481503,0.9703593938665942,0.1580129127276638,0.6780291334784198,0.2020408251499384,0.32688870087431915,0.9963700969733461,0.17307667692307754,0.8763837532756902,3.0
2021-04-19 17:04:47.860,0.537790198261094,0.3446126095771796,0.7024652631861802,0.20393116980870243,0.014001120780424047,0.8934286925204761,0.03544725746154903,0.991207732958398,0.24360779241644998,0.5450883187051783,0.15990396394383372,0.30219332078167194,1.0,0.17307667692307754,0.8413284152361761,3.0
2021-04-19 17:04:47.880,0.4899978977652632,0.3965535948942812,0.6893354683630705,0.22975556298699334,0.0023679925492298168,0.8619385638033418,0.061238444731971785,1.0,0.33943239696937266,0.40068175130608635,0.11008405120128098,0.25800160702189473,0.9963700969733461,0.2403849846153865,0.7785977755204853,3.0
2021-04-19 17:04:47.900,0.4136899589588403,0.4375292037549681,0.6457087816464356,0.24647190903287874,0.0,0.8273078542274387,0.08566027407158644,0.9842068351245189,0.4092016458412937,0.3678338998530053,0.06662667457075556,0.20016246288672276,0.9945551454600189,0.2884612923076929,0.7232472288471015,3.0
2021-04-19 17:04:47.920,0.3138603442718798,0.30909076817679443,0.5646121829805836,0.2532694098575034,0.014702683756625663,0.7889753926934858,0.11055245729587121,0.9597444481837509,0.46426403144210254,0.44034706509109006,0.04069628105934049,0.14622258229338056,0.9637022706407523,0.36057698461538584,0.6642066356525642,3.0
2021-04-19 17:04:47.940,0.2765304296213223,0.1500750349119355,0.5425976249315836,0.2648072176550597,0.060332145698303336,0.7242506421940954,0.13544464052015598,0.935282061242983,0.5193264170429113,0.5546947643446669,0.01428572691923004,0.08448415865839765,0.943738547369751,0.43269218461538494,0.605166042458027,3.0
2021-04-19 17:04:47.960,0.225591538134184,0.11483890336853529,0.4882764177378517,0.29285753074900817,0.10781209694970634,0.6541428376310162,0.19781762410431236,0.8845071712951964,0.6289478751739683,0.7161450357660591,0.0,0.022420777334007085,0.9056260523410753,0.49038375384615324,0.5166051526662211,3.0
2021-04-19 17:04:47.980,0.22011286448085318,0.0,0.4237648823056039,0.3255823107805227,0.13083530644158517,0.6048333497158106,0.24695862216463055,0.8599559248650125,0.6985931014174301,0.9079640556032816,0.0034813758184991496,0.004549141685355934,0.8747729916779101,0.5432689230769224,0.4575645594716839,3.0
2021-04-19 17:04:48.000,0.251204427312196,0.08794408828298955,0.369696031124069,0.36909713138126216,0.13096684334383385,0.5556164075650604,0.2989854089993106,0.8598155800859696,0.7631253593797296,1.0,0.009723876686386596,0.0,0.8203264905609879,0.56249993846154,0.3819187663784508,3.0
2021-04-19 17:04:48.020,0.26441777790216836,0.19886497203475964,0.31242148549701615,0.41630496345904344,0.11488688794917436,0.5077625523927252,0.3525091830852521,0.8769576243495948,0.8205437766184998,0.9764487088431983,0.015726287413858574,0.0025995019354504594,0.7295825388506667,0.6033649230769236,0.2749077195528368,3.0
2021-04-19 17:04:48.040,0.2729693067214391,0.26677089428602724,0.2806109413046136,0.46085689629687016,0.09594139137184236,0.4615406356884731,0.40719333882366826,0.8971830711547366,0.8697490965224722,0.8806941301821801,0.028331353871976706,0.024370443680547763,0.6406533528097741,0.6009609846153846,0.19188189009626624,3.0
2021-04-19 17:04:48.060,0.3226412268485288,0.360407427946395,0.28188476410776253,0.4999415603846089,0.08184687988328494,0.4171229535489841,0.46237181825894436,0.9122481245005368,0.9103540271896451,0.7254415909894444,0.04021610077850952,0.043541830296924086,0.5898366153365823,0.6514419692307694,0.16605162585040875,3.0
2021-04-19 17:04:48.080,0.33206901250965565,0.44245409032049643,0.22598647384515086,0.5322376778925331,0.08283090657898895,0.3754463438880317,0.5163052626247865,0.9111958492466325,0.9414775819215251,0.5624418979248997,0.045498231258667185,0.040617397268701165,0.5390198778633898,0.7019229538461541,0.14022136160455126,3.0
2021-04-19 17:04:48.100,0.333409218039883,0.3577239457635665,0.16555157393167289,0.5570381268408107,0.10922132944493203,0.33539155526238085,0.5698769642383062,0.8830030512835062,0.9637127892726903,0.5311434807972063,0.059423773836935014,0.03639318667611775,0.4355716372475774,0.7644228923076942,0.07380070370719174,3.0
2021-04-19 17:04:48.120,0.4043986983829849,0.3243281581203214,0.16359044592175895,0.7117697596085499,0.2801937271162643,0.31958610570155216,0.5943732776170785,0.7020073800730672,0.9523550237844575,0.623489313073581,0.09339736392148931,0.050690500514365675,0.36116159870355313,0.7836534153846151,0.07933574514943742,3.0
2021-04-19 17:04:48.140,0.4572362723985579,0.3120670578380686,0.16878135282402174,0.8012944747902631,0.16319312174775297,0.2587885111799155,0.674518394073793,0.8255322990899056,0.9894158859922726,0.709017670335798,0.12412966832795992,0.07863526600531655,0.3139745319521415,0.7884612923076929,0.06642061066488482,3.0
2021-04-19 17:04:48.160,0.5029819994213295,0.4328154551115214,0.17160178741994872,0.8242134788879186,0.1630408849785711,0.2240021493967543,0.7223435544854456,0.8256939709746456,0.9965587821645854,0.7133560626042813,0.14777911707081773,0.11795288570965716,0.24500916210419912,0.7644228923076942,0.04243535550986173,3.0
2021-04-19 17:04:48.180,0.5147760252216655,0.5286617638690685,0.14848366495270493,0.8451401459580532,0.1563510195776091,0.19181619347841386,0.7667790540172187,0.832802895775362,1.0,0.6439417431889486,0.1697479250046993,0.1663687887847096,0.1978220953527875,0.7980760615384609,0.04059036058876966,3.0
2021-04-19 17:04:48.200,0.525334040023234,0.5804174686333061,0.10949251837834502,0.8621120566852154,0.1568309084831797,0.16192821640657049,0.8081060118522848,0.8322927638306468,0.9991567783039871,0.5542299350616295,0.20534216284132928,0.23948007993139986,0.15607988314135643,0.7884612923076929,0.029520258811288808,3.0
2021-04-19 17:04:48.220,0.534059661162768,0.5602371023674851,0.0968805848119519,0.8730732813463924,0.171448084224853,0.1339783174619853,0.8465807180854924,0.8167666101773063,0.9939505776729505,0.5826619162522514,0.2371548802492205,0.27351744902841296,0.11433748508602676,0.7932691692307707,0.03690031406761619,3.0
2021-04-19 17:04:48.240,0.568911555666958,0.49318894398610175,0.14878171179785665,0.8789372582562396,0.19169652662142417,0.10786515957309327,0.8975821517984073,0.7883488526609324,0.9814410386168748,0.6110938974428733,0.26896759765711165,0.30755481812542607,0.08892927896284271,0.8124996923076917,0.027675207211227414,3.0
2021-04-19 17:04:48.260,0.592328601025265,0.480747554940791,0.17704224338726882,0.8818012120079515,0.20482034074968578,0.08513757281185676,0.9379682470250739,0.7760800209901787,0.969364675940815,0.5937403170817507,0.31464588178198877,0.3684809073793189,0.04900183242083972,0.7932691692307707,0.0129150589125931,3.0
2021-04-19 17:04:48.280,0.5862351473282298,0.5972916730827398,0.1692358463801561,0.8835081368714961,0.20985301846904178,0.0665628408737051,0.9589914799807612,0.7674450071883113,0.9613538928052441,0.5463278575415685,0.33781513550491393,0.4064987787755978,0.03085306066316571,0.7884612923076929,0.020295151954900167,3.0
2021-04-19 17:04:48.300,0.6044389438576938,0.5724434296114808,0.18166604425514513,0.8835206025848588,0.21802363842726574,0.05077175423469348,0.9705648730497134,0.7508245348945448,0.9548305196970629,0.540749921363801,0.36434574945433384,0.4259951204217184,0.018148771757674535,0.7788465230769249,0.020295151954900167,3.0
2021-04-19 17:04:48.320,0.620592130873483,0.5031571974266635,0.21587675909499376,0.876686319127143,0.24955574080194595,0.03280299214991385,0.9821382661186655,0.7342040626007783,0.9483071465888814,0.5906414641569471,0.39063627031551795,0.4396425609038345,0.019963723271001228,0.8221154461538474,0.027675207211227414,3.0
2021-04-19 17:04:48.340,0.6079403757800187,0.48203252423847925,0.2639110012563566,0.8654207379291469,0.2792827688168274,0.022162396205900794,0.9953666185697839,0.7029626894667975,0.9385326198218324,0.6495196819031632,0.41188476950648867,0.44971567239445603,0.014519054574919248,0.8028844307692327,0.0332102864394525,3.0
2021-04-19 17:04:48.360,0.610765098812258,0.47731608747288173,0.28312172984303563,0.8554981178791918,0.2890616420368892,0.01925422638924833,0.9988874007134855,0.6927141455304212,0.935506226935541,0.6780291334784198,0.42725091581408325,0.4549146978618247,0.01633382024434732,0.7980760615384609,0.0036899898421838733,3.0
2021-04-19 17:04:48.380,0.6151087379176816,0.4690490349784247,0.29245347255569815,0.8445253931585041,0.2952785622624255,0.018260919540297658,1.0,0.6862055269902556,0.9340505041055455,0.6727610877167556,0.43973591067161066,0.459463844547348,0.010889337392163958,0.7692307692307693,0.020295151954900167,3.0
2021-04-19 17:04:48.400,0.6163695943256,0.4638673379085798,0.30702670013146643,0.8334510992099249,0.30227790791024806,0.01884706237022391,0.9990280461923624,0.6788841800756116,0.9333822995929036,0.6616052077518793,0.44801922293294166,0.46303817460270813,0.019963723271001228,0.7499997538461545,0.009225069070408959,3.0
2021-04-19 17:04:48.420,0.6026866570419251,0.4428676114117517,0.328219851346445,0.8222757627537371,0.31127596442091765,0.02081185897169421,0.9961994188373975,0.6694822808235503,0.9331905241896816,0.6640842930340008,0.45390157778153123,0.45978878388507743,0.04174239805532967,0.7451923692307705,0.007380017470347565,3.0
2021-04-19 17:04:48.440,0.5999082939872815,0.4640656134313104,0.35342335760781496,0.8120816359552749,0.3183240967495693,0.023687322798741917,0.9922426437737119,0.6621259408908208,0.9337620738990996,0.6578865836333676,0.45558224905131767,0.44971567239445603,0.039019970785338844,0.7307689846153852,0.010147538191470332,3.0
2021-04-19 17:04:48.460,0.6082028792117707,0.4751966255296957,0.3758455112526626,0.8033190119844141,0.32478875876079594,0.026691261806709915,0.9881346022394244,0.6553850639578366,0.9344466825846938,0.6327858682969664,0.4534213847268122,0.43801786607695187,0.045371929394185814,0.7163460923076939,0.016605124326736206,3.0
2021-04-19 17:04:48.480,0.611959281501885,0.4656978124437213,0.3831999733778364,0.795934042470896,0.33434674585123614,0.029279653920313068,0.9844747149429047,0.6454299437251808,0.9343818920023129,0.6126433235248081,0.44969989715054837,0.432493900527148,0.050816783934166936,0.7163460923076939,0.0129150589125931,3.0
2021-04-19 17:04:48.500,0.6354436888943268,0.3928892642560724,0.37984336835524257,0.9462986373728723,0.20157325226558478,0.051159823380580303,0.9587940198574643,0.7848380280035416,0.9634872613985014,0.6011775658260636,0.44429773437407105,0.432493900527148,0.06352088699575897,0.7163460923076939,0.0129150589125931,3.0
2021-04-19 17:04:48.520,0.6313478427437971,0.4518257917366147,0.39526849453169244,0.8832298529886821,0.3220579193767596,0.03740557889886595,0.974208619180753,0.6582319426853952,0.9405419539850676,0.5940502026786048,0.4376950933825265,0.43379365814403203,0.05807621829967699,0.7163460923076939,0.0018449004561426612,3.0
2021-04-19 17:04:48.540,0.6336414896334864,0.48068539874457766,0.4045799578164244,0.8584579171650538,0.3727410428917986,0.033415281099234154,0.9779153210991122,0.6055816340275122,0.9303753202782,0.591571120186575,0.4308523573375325,0.4289195707377542,0.07259527287459623,0.7259613538461557,0.0129150589125931,3.0
2021-04-19 17:04:48.560,0.633152828062783,0.4918573781916607,0.4060993820099433,0.8535074663565759,0.386054586648937,0.033278462353057175,0.9776694979633825,0.5918188178967562,0.9280484650550459,0.5869228400384353,0.42677072423327433,0.42274572704442415,0.06352088699575897,0.7307687384615397,0.029520258811288808,3.0
2021-04-19 17:04:48.580,0.6339335555306425,0.520418902434423,0.3955817988023243,0.8495108708657967,0.3990312527937023,0.032556827492277486,0.9781798539545089,0.5784325183582276,0.9254222631794164,0.5670901768048159,0.4176470743718366,0.42274572890618867,0.06352088699575897,0.7403844923076927,0.014760110512654495,3.0
2021-04-19 17:04:48.600,0.6168007931662703,0.5259813450849278,0.3952405920972533,0.8458277968447592,0.41337529206757134,0.03134624398341969,0.9792600096193765,0.5636688812043025,0.922243807150324,0.5637589093653157,0.41422570585803625,0.4222583200325777,0.06170593548243228,0.7403844923076927,0.009225069070408959,3.0
2021-04-19 17:04:48.620,0.6203049392677884,0.5330482448581506,0.389450623226821,0.8425461539086849,0.4302504276796059,0.029470985925004894,0.9810837959956684,0.5463461777200886,0.9181842464071054,0.5604276419258156,0.4108043373442359,0.42177091115896675,0.06896555569184094,0.7499997538461545,0.025830212290135345,3.0
2021-04-19 17:04:48.640,0.6232437682651625,0.5309933952349263,0.39130524286992113,0.8409546685738154,0.4380368935648955,0.028255773653796196,0.9836327291706788,0.5304050565664828,0.9139831259124008,0.584443756278182,0.4106842893262078,0.4139723774261484,0.06170593548243228,0.7499997538461545,0.025830212290135345,3.0
2021-04-19 17:04:48.660,0.6261825972625366,0.5289385456117018,0.39315986251302126,0.839363183238946,0.4458233594501852,0.027040561382587515,0.9854244912811093,0.5203304113652485,0.9111674941942504,0.5797954771446211,0.4114045774343763,0.4139723774261484,0.0544465011169217,0.7403844923076927,0.014760110512654495,3.0
2021-04-19 17:04:48.680,0.612819144327044,0.5437440743528876,0.37794093438295484,0.8346292846961231,0.465574036529536,0.023639777252555727,0.9872162533915398,0.5102557661640141,0.9083518624760998,0.5608924686724062,0.4111644813983202,0.42274572704442415,0.06170593548243228,0.7499997538461545,0.025830212290135345,3.0
2021-04-19 17:04:48.700,0.598376292650303,0.5789998717125318,0.37503867735571783,0.8303769138359534,0.48772399398236316,0.02072407955488248,0.9900320097496994,0.48773773832015666,0.902383841431741,0.5568639592106851,0.41428572986705026,0.430869205434299,0.04718688090751303,0.7307687384615397,0.029520258811288808,3.0
2021-04-19 17:04:48.720,0.6008583777011783,0.5602938129748192,0.38766909781523445,0.8268623551907678,0.5045442363707462,0.0193812765796359,0.9910262942529225,0.47070491782599905,0.898225796642991,0.5615122393588248,0.4186074587125826,0.43379365814403203,0.06352088699575897,0.7740381538461533,0.0018449004561426612,3.0
2021-04-19 17:04:48.740,0.61119965350152,0.5639531324475312,0.3853961208312153,0.8231015723706557,0.5207443363538942,0.01847529708153486,0.991470045254941,0.45435365365331937,0.8943573622170142,0.5689494901322953,0.4255702435616901,0.430869205434299,0.05807621829967699,0.7692307692307693,0.009225069070408959,3.0
2021-04-19 17:04:48.760,0.6104116954602894,0.5761668642647202,0.3777403266278024,0.8195340958943788,0.5355399971496234,0.01835710148749159,0.9909674796039862,0.4394668576404762,0.8911527657252674,0.5863030683374378,0.43325331671548745,0.4289195707377542,0.06715060417851426,0.7740381538461533,0.022140165768981878,3.0
2021-04-19 17:04:48.780,0.6081485042817356,0.5895976709195969,0.3750551515053739,0.8159462529004952,0.5474058634564549,0.019226090196869015,0.9893513872450681,0.4275607213551026,0.8890694357602968,0.6052060755414294,0.4386554775267512,0.4253452412143268,0.06715060417851426,0.7884612923076929,0.025830212290135345,3.0
2021-04-19 17:04:48.800,0.6211170321647755,0.5928609512729931,0.38745478628580926,0.8124788532779745,0.5560038100887507,0.020673733165235537,0.9871584064867244,0.4189522939646087,0.8879789713136687,0.618531145045785,0.44237696706822854,0.42339560678374843,0.07622499005735153,0.7788465230769249,0.014760110512654495,3.0
2021-04-19 17:04:48.820,0.6235259796328144,0.5807925616111275,0.4003002603442175,0.8088288572907051,0.5627269495819202,0.0226670983700054,0.9843707308371341,0.41223210225355783,0.887569103021121,0.6172916036729478,0.44477792742879024,0.42274572704442415,0.07259527287459623,0.7692307692307693,0.0,3.0
2021-04-19 17:04:48.840,0.618642908456621,0.5910083027894264,0.4027316456341027,0.8054978782214631,0.5691079585226538,0.025032651446863636,0.9811366106310564,0.40586275178418635,0.8874048252603304,0.6055159603773493,0.44381754131935197,0.42404548599114,0.08439199310147476,0.757211323076923,0.01291509669857265,3.0
2021-04-19 17:04:48.860,0.6164843969924559,0.6268445096736707,0.39495227126428456,0.8029576818703247,0.5759760134997932,0.027259086137650816,0.9780565069017897,0.39901749626885386,0.8870238707978071,0.5968391710211333,0.4400960537430882,0.4259951204217184,0.08529937593618826,0.7932691692307707,0.016605124326736206,3.0
2021-04-19 17:04:48.880,0.6142762411318126,0.6331603933958673,0.39110515438183335,0.8005874405971448,0.5838827717125106,0.029097579440323047,0.9754159364230822,0.3911497406238817,0.8861715618980723,0.6076851580334591,0.4367347102209086,0.4302193283546383,0.09074404463227077,0.7836534153846151,0.007380017470347565,3.0
2021-04-19 17:04:48.900,0.6125452866413948,0.5321100677924827,0.3883279616080596,0.8991207581218468,0.4779139642615565,0.039094448195609165,0.9670494094664085,0.4976972896213747,0.9139586966764213,0.6306166759673952,0.4334934127515436,0.4350934144310843,0.08711432744951549,0.7692307692307693,0.009225069070408959,3.0
2021-04-19 17:04:48.920,0.602971207844857,0.5832097667350391,0.4064963422278092,0.8375870122155389,0.5965458701664291,0.03266950001956659,0.9704121912533351,0.37857782593406036,0.885054897980973,0.6349550682358786,0.42857144499499894,0.43931762130013874,0.09255899614559747,0.7884612923076929,0.035055300253534476,3.0
2021-04-19 17:04:48.940,0.599489412353849,0.6112181374413606,0.40356316598529945,0.833228208743532,0.5999182576864548,0.03403646886874285,0.9685643322420405,0.37523593058912474,0.8849482118489652,0.6132630942112267,0.4228091391470442,0.4474410991580809,0.08892927896284271,0.7932691692307707,0.027675207211227414,3.0
2021-04-19 17:04:48.960,0.5948110606703059,0.6261639334365481,0.4040114786552446,0.8289716241210991,0.6060410846231243,0.034891423878253815,0.9672331034295885,0.3691749742093174,0.8839282027350901,0.5853734133223887,0.4171668824962456,0.4565393931674468,0.0834846102667602,0.7836534153846151,0.03690031406761619,3.0
2021-04-19 17:04:48.980,0.5930808918318129,0.6294210380434551,0.4041427759291029,0.8246484620549042,0.6162460369439929,0.035204400936830034,0.9663941418577396,0.3590922019313975,0.8816521532418358,0.5683297194458766,0.41332534572282564,0.46141347924389275,0.09800366484167944,0.8076918153846167,0.04059036058876966,3.0
2021-04-19 17:04:49.000,0.5976073645617282,0.6210731134552752,0.40616686130968077,0.8201878611095501,0.6292238521693968,0.035086932579334464,0.96595858442261,0.3463046971206856,0.878459712360262,0.5858382413498849,0.4147659219489887,0.4508529592786099,0.08529937593618826,0.8076918153846167,0.029520258811288808,3.0
2021-04-19 17:04:49.020,0.6076647155050157,0.6062527597612181,0.40313543413605657,0.8158809395854117,0.6419812737283099,0.03479113402731746,0.9655431399361225,0.3295129971564715,0.8741071188009204,0.6157421782251248,0.41872750653408936,0.4396425609038345,0.09074404463227077,0.7884612923076929,0.025830212290135345,3.0
2021-04-19 17:04:49.040,0.6074981083294131,0.6036139640399417,0.40098034768690904,0.8116032685943189,0.6506768593840145,0.03478997437984952,0.9648458077163401,0.3199845018614669,0.8717773131869476,0.6027269925421102,0.41980793869634214,0.43834280408484955,0.0834846102667602,0.7548071384615385,0.022140165768981878,3.0
2021-04-19 17:04:49.060,0.6174182180184915,0.63603053996379,0.4028526784350256,0.8079443183622398,0.6560638150797004,0.03499124200818627,0.9643539840251253,0.31386693547488714,0.870278278619732,0.5779361650853653,0.42016808275042644,0.4389926832922411,0.09255899614559747,0.7884612923076929,0.029520258811288808,3.0
2021-04-19 17:04:49.080,0.6192069036619056,0.659094164021545,0.4048120286944594,0.8040679643333821,0.6669835776349903,0.03522743173209406,0.9638801059389489,0.3067239442463571,0.8684564417930317,0.5664704073866208,0.4210084190731443,0.4347684753593212,0.1034481476938628,0.8317302153846153,0.022140165768981878,3.0
2021-04-19 17:04:49.100,0.6230434053108947,0.6559259020556792,0.4104672879646085,0.8014560023436945,0.682355042738741,0.035422286903033874,0.9634062278527725,0.2995809530178272,0.8666346049663314,0.5714285728779698,0.42196880351215105,0.4285946314000248,0.08711432744951549,0.8269228307692313,0.029520258811288808,3.0
2021-04-19 17:04:49.120,0.6196639864128415,0.644154935365755,0.4136791389151448,0.80009320139833,0.6924640960725966,0.03568017087936124,0.9622775277234498,0.2845695590840794,0.8627816895960614,0.5878524960680632,0.4228091391470442,0.42274572704442415,0.09800366484167944,0.8124996923076917,0.027675207211227414,3.0
2021-04-19 17:04:49.140,0.617250523299364,0.6368857982509258,0.4141205247388219,0.798716354578754,0.7002616587937679,0.03608964436580067,0.9614023725214864,0.2770260168575572,0.8609301423338158,0.6024171074525456,0.4222088990569038,0.4201462171299832,0.09074404463227077,0.7932691692307707,0.03690031406761619,3.0
2021-04-19 17:04:49.160,0.6133126618451015,0.6633119561677006,0.41246752700383266,0.7976818759430817,0.7050139936681715,0.03654001016676693,0.9606248385077,0.27243609241671807,0.8598884183435144,0.6002479097964357,0.41872750653408936,0.41657189000025296,0.09618871332835276,0.8076918153846167,0.014760110512654495,3.0
2021-04-19 17:04:49.180,0.6043906022672284,0.6775573107438614,0.4188918228717274,0.7972322323948882,0.7093090929410235,0.03672040414068049,0.960196764960437,0.26829298119319495,0.8588325324772826,0.5943600882754587,0.41512606599324686,0.4162469482688264,0.08711432744951549,0.8317302153846153,0.0332102864394525,3.0
2021-04-19 17:04:49.200,0.604400813570908,0.675049759833214,0.4270939807505988,0.7969614103827488,0.7143130108135382,0.03652709680428477,0.9601857649355983,0.2634718750677859,0.8574041892740853,0.591571120186575,0.4117647214884606,0.4181965826994048,0.08711432744951549,0.8413459692307711,0.0332102864394525,3.0
2021-04-19 17:04:49.220,0.6003772664154363,0.6703894575030935,0.42686037645254066,0.7964841140197017,0.7199323106143566,0.03606605831560494,0.9604656929870488,0.2580656194210205,0.8556757323168002,0.5921908906193489,0.4091236650918427,0.42437042506290307,0.08529937593618826,0.8461538461538461,0.035055300253534476,3.0
2021-04-19 17:04:49.240,0.5967609973842576,0.6843951551799075,0.4226483564419281,0.7956863083644918,0.7252865667581543,0.035496691063880426,0.9608860810330863,0.25292214270474134,0.8539586048602589,0.5897118081273192,0.406602656713253,0.42956945021111215,0.08802171028422952,0.8389420307692321,0.03874532788169804,3.0
2021-04-19 17:04:49.260,0.6071051116544811,0.6936203192665139,0.42003046245738024,0.7947448836454704,0.7308631207592153,0.0345771790694796,0.9617128409644796,0.24757291118330552,0.8520047380444173,0.5869228400384353,0.4054021765329721,0.4347684753593212,0.07259527287459623,0.8365380923076933,0.029520258811288808,3.0
2021-04-19 17:04:49.280,0.6016457637057459,0.636451293286568,0.4048718901751715,0.7185426801533045,0.6171506588844796,0.03061597073175581,0.9720328320096207,0.3581995693813029,0.879145973264715,0.5875426102175646,0.404681888031761,0.43931762130013874,0.07441013146597387,0.8413457230769228,0.027213982097191614,3.0
2021-04-19 17:04:49.300,0.6087169440022455,0.7054385932351102,0.41371099784299264,0.651140743574886,0.7429917982235409,0.03261125230310408,0.9634514174709428,0.23596717649934182,0.8477375287953717,0.5894019222768204,0.4039615999235925,0.4432168904272619,0.07622499005735153,0.8461533538461551,0.02490770538309442,3.0
2021-04-19 17:04:49.320,0.6032199120152206,0.7098412498666647,0.41185412735094795,0.6490541411740633,0.7487222633684287,0.03176905341574063,0.9641601932649525,0.23049720871254756,0.8457470771333769,0.5962194003347147,0.40432174437071944,0.4474410991580809,0.07259527287459623,0.860576492307692,0.0129150589125931,3.0
2021-04-19 17:04:49.340,0.6130041371653171,0.6959861522957849,0.41478265353355015,0.646337862232342,0.7540473985257556,0.030983200619542607,0.9648178641048545,0.2254223307352722,0.8438870327455732,0.5993182536907143,0.4061224646411406,0.45134036801923766,0.06533565266518704,0.8365380923076933,0.025830212290135345,3.0
2021-04-19 17:04:49.360,0.6196355859905017,0.6901168272571508,0.4160339917096757,0.6432013131768718,0.7592321488599165,0.030427930946570488,0.9652036633631108,0.22048837730301987,0.8421701413202977,0.5968391710211333,0.40792318491156193,0.4568643325051762,0.06715060417851426,0.8269228307692313,0.029520258811288808,3.0
2021-04-19 17:04:49.380,0.6233024810151028,0.7067238235947374,0.41078811097333734,0.6399839301153146,0.7644659485219096,0.03010417309755065,0.965307873275843,0.2155151033137593,0.8405451840729359,0.5900216927095943,0.4103841692811376,0.45702680190807454,0.07622499005735153,0.8653843692307699,0.020295151954900167,3.0
2021-04-19 17:04:49.400,0.6240207831102552,0.7139655797991905,0.40191719314001,0.6369731969780933,0.7705615914937565,0.029827882174549684,0.9653063329497841,0.20973237248662216,0.8386926926856281,0.5996281391353816,0.41344539374085376,0.45361494152157916,0.06352088699575897,0.8269228307692313,0.025830212290135345,3.0
2021-04-19 17:04:49.420,0.6237044034087006,0.7018162058685501,0.4060521857693746,0.6337660674047106,0.7769613796952132,0.029897593694159407,0.9648749690725109,0.20367222363800136,0.8369125448811976,0.6043538906066412,0.4153061380546803,0.4516653069580176,0.06896555569184094,0.8365380923076933,0.020295151954900167,3.0
2021-04-19 17:04:49.440,0.6246321023695848,0.6930087714771885,0.40589951606488317,0.630448010539743,0.7821610024159255,0.03017499021326328,0.9638037368148896,0.1969351773016714,0.835156885320563,0.6090796420779011,0.41716688236850674,0.44971567239445603,0.06533565266518704,0.8365380923076933,0.029520258811288808,3.0
2021-04-19 17:04:49.460,0.627454147162107,0.6843065776798978,0.4091142367311054,0.6270712945925999,0.7860194182152197,0.030770685393518786,0.9622556083191156,0.19202284085810642,0.8341782406859671,0.5959095149915054,0.41812726644394893,0.4484159163733701,0.07985489308400544,0.8269228307692313,0.025830212290135345,3.0
