2021-04-27 00:48:12.880,0.7839610398779928,0.6288154924080257,0.15328180288643528,0.9597299432824135,0.27640057142590263,0.010118131280901783,0.9928566057397236,0.7057895086608422,0.5736513724857216,0.6194526785802664,0.3961197073029795,0.35027422528338525,0.11732840975380353,0.7228681205216125,0.6923077226035474,3.0
2021-04-27 00:48:12.900,0.509449889668998,0.5827281266418785,0.861306775219813,0.952981200645749,0.26557692143030065,0.015008593241359863,0.9887091558897471,0.7171009938015637,0.587752789479518,0.604289956594979,0.37381195403088985,0.3656307154583297,0.12093865685203894,0.7228681205216125,0.6923077226035474,3.0
2021-04-27 00:48:12.920,0.01061780231135902,0.463226412665857,0.0717644398433138,0.9537265633278541,0.3183223597920418,0.01674507267241437,0.9835022337841183,0.6621550518837583,0.5659723641254757,0.5906065244837997,0.392585027546276,0.3627056697107212,0.11732840975380353,0.7189922015263548,0.6826923635502904,3.0
2021-04-27 00:48:12.940,0.999113357389065,0.7099197527732871,0.4777723130708486,0.9661888226538148,0.31261179818180546,0.012430880007243836,0.9881474136910865,0.6680827301250981,0.5608107566158831,0.588480045143147,0.39588406170726387,0.3635283388272361,0.11191340878155812,0.7209302602487803,0.7163462186982181,3.0
2021-04-27 00:48:12.960,0.17236910982208486,0.5020194754413128,0.703385908598834,0.9536905048959793,0.3133222371935133,0.019316624974484383,0.9812935841843742,0.6673440729024387,0.5730704338278785,0.5863535658024943,0.3991830958682518,0.36435100794375097,0.1155234710422398,0.7267440395168703,0.6923077226035474,3.0
2021-04-27 00:48:12.980,0.35114646028829355,0.5836819076454662,0.0,0.9835934134970438,0.3585709214972433,0.00665146664023399,0.9906243605766187,0.620534490133924,0.5276609683242911,0.6220414359923886,0.3909355107550997,0.3769652677303125,0.11010828523244066,0.7131782238086726,0.7259615777514759,3.0
2021-04-27 00:48:13.000,1.0,0.719916196633286,0.7063954010071248,0.9877927086826499,0.3499232494292358,0.008884745267156486,0.9890544271466769,0.6294537349660336,0.5360810649671224,0.625369838379403,0.37931034382772255,0.37001828348119653,0.11732840975380353,0.7093023048134147,0.7163462186982181,3.0
2021-04-27 00:48:13.020,0.0236819659988418,0.4881260863538246,0.49850415294406,0.9703432192758611,0.3547296468928861,0.018527922003074262,0.9792605589844542,0.6244950503481824,0.5513188071423446,0.6286982407664173,0.36768517690034536,0.3630712992320806,0.11281583192795167,0.708333275452202,0.6959135191715917,3.0
2021-04-27 00:48:13.040,0.6569913350428056,0.6348193182252371,0.09998155476218261,0.9970158739685688,0.35984930305655644,0.006543739189026743,0.9930956655007784,0.6121738272038256,0.5177880667026049,0.6176035661430362,0.42361165532275113,0.35978062695584206,0.10830325410209982,0.7073642460909892,0.6754808196449655,3.0
2021-04-27 00:48:13.060,0.4312229926620753,0.6056402049598959,0.6274373579229012,0.9777919607609823,0.3639072656947521,0.01829694629108264,0.9881661852726047,0.626267834134564,0.5358195470847913,0.646264813460663,0.36768517529302575,0.36837294494889383,0.11010833144182897,0.7093021063638214,0.6838942711242565,3.0
2021-04-27 00:48:13.080,0.7549187909856863,0.71058724298999,0.17500351249675977,1.0,0.3574941950569829,0.003687421499025596,0.9862209880029722,0.6183409714260275,0.5344921538142233,0.6686390754646679,0.39077841403418406,0.3692870211464756,0.11191340878155812,0.7112399666366537,0.6923077226035474,3.0
2021-04-27 00:48:13.100,0.7543148217647638,0.6768515889895019,0.890946568615371,0.9920282949351745,0.33724534534254036,0.0073883792766328196,0.9914086351550644,0.6425537145131933,0.5395360267141641,0.6431213147497733,0.367213886351842,0.4010968951480824,0.09205778909147899,0.6976743493780492,0.7259615777514759,3.0
2021-04-27 00:48:13.120,0.07378470048843987,0.5350652226330119,0.3540004115732583,0.9748288882010647,0.34678146753941247,0.013560729780765215,0.9846915550466743,0.6326978005777122,0.5462332831177239,0.6294378857413094,0.3401932256659346,0.4321755074135142,0.09205778909147899,0.6918603716603658,0.7355770352662611,3.0
2021-04-27 00:48:13.140,0.7185605701761711,0.7262023228492622,0.5599300394599689,0.9699212193054054,0.3395628467300442,0.008616685483426817,0.9900433958590069,0.6401573771845667,0.5406813658024441,0.621301794044536,0.3365800006991197,0.4478976301025473,0.08303254102099816,0.6879844526651081,0.721153898224847,3.0
2021-04-27 00:48:13.160,0.5935817422413548,0.6856009844000601,0.54674376364534,0.961492386378427,0.3372680649904528,0.00484538052500654,0.9938961318791483,0.6425304873131096,0.5347845137719127,0.6209319715570899,0.3412929061841539,0.44753199938409627,0.079422478760317,0.685077463806267,0.728365466745554,3.0
2021-04-27 00:48:13.180,0.5304749258596252,0.6953943096804599,0.49810234800716613,0.9528581367072858,0.3360541449589431,0.0018418372930132983,0.9969165108061728,0.6437855626176279,0.5297421877500543,0.647559187626165,0.3505616215905769,0.44753199938409627,0.07761735521119902,0.6918603716603658,0.7500000738461465,3.0
2021-04-27 00:48:13.200,0.5635344971846581,0.6795399499793112,0.5060443933168681,0.9454043354099496,0.3322719560342217,0.0009209186465066492,0.9991082030610482,0.6490303934365094,0.5286576161439989,0.6678994274627365,0.3595161394404304,0.4676416918916338,0.0753610431935792,0.6962208053362295,0.7500000738461465,3.0
2021-04-27 00:48:13.220,0.5551243988787876,0.6384318061578991,0.5084337207788049,0.937950534112614,0.3284897671095004,0.0,0.9993897767838207,0.6542016069351257,0.5312059163617916,0.645710075188935,0.36862775799735226,0.5210237708000298,0.07310473117595886,0.7005812390120931,0.7500000738461465,3.0
2021-04-27 00:48:13.240,0.5326931082394288,0.6366834032585822,0.5040298622227158,0.9163816596579548,0.3292729381846544,0.0024523175330751503,0.9967979981565992,0.6508049515228979,0.5341815368757019,0.5891272344583396,0.3752258251620578,0.5882998140168367,0.08664260328167986,0.7112399666366537,0.7500000738461465,3.0
2021-04-27 00:48:13.260,0.4651632747555271,0.624904325228629,0.4932372893668661,0.8957315773109648,0.34813793268523474,0.007531383987776109,0.990503897360474,0.6312965874726678,0.5344561554785874,0.4892751599722227,0.37946744061293086,0.6669104244692731,0.09386291264059697,0.7228681205216125,0.7884616085207031,3.0
2021-04-27 00:48:13.280,0.4260862791202785,0.6566623767820963,0.477284176519395,0.8712523221339338,0.38846608613344485,0.014556919910741815,0.9807774181272099,0.589797484623271,0.527102067904816,0.3672337451691099,0.3830806681514571,0.7411334633075674,0.11191340878155812,0.7461238329427514,0.7884616085207031,3.0
2021-04-27 00:48:13.300,0.41033074055451346,0.7751706705951559,0.4221763849694473,0.8449601420562632,0.4502802641278263,0.022546182590980283,0.9685219978736832,0.526739636636263,0.5089888130540923,0.3228550345674281,0.4149713298860442,0.7780621568929362,0.14259940009123603,0.7693797438134825,0.802884647100589,3.0
2021-04-27 00:48:13.320,0.39130492802110367,0.85135401301988,0.36948563565376075,0.8160915288623901,0.5192623694131072,0.03551041270824939,0.9508672730212592,0.4571916895658901,0.49320924341008887,0.3775887657364807,0.4872358767990013,0.8018281685559017,0.17870039237315885,0.7829457579712735,0.7836538305325461,3.0
2021-04-27 00:48:13.340,0.38430046233282183,0.7950425687041163,0.2851802662721937,0.785004507885572,0.588014115955634,0.05865275433427123,0.9234442261365443,0.3887781976596013,0.4906363459210501,0.35780327022571634,0.5931977191465722,0.8511883305104414,0.22021657046488133,0.8178292273781846,0.7403846655621253,3.0
2021-04-27 00:48:13.360,0.36529164761112437,0.8064660327339622,0.19412593005852252,0.7535296842898183,0.6640816377762261,0.09185161792073551,0.8859427171347243,0.31418717381107386,0.4927200479906511,0.28106509045898664,0.6966459746123091,0.954296205084557,0.27256312017620155,0.856589012679539,0.7403846655621253,3.0
2021-04-27 00:48:13.380,0.26938187785851586,1.0,0.1709461676104686,0.7017718764470633,0.7393321766259483,0.14186539782271182,0.8325562763755467,0.24158723716971417,0.5074307057820314,0.2721893265439665,0.7745660402537,0.9948812058544367,0.3447654744151557,0.8856589012679534,0.721153898224847,3.0
2021-04-27 00:48:13.400,0.2266864156299888,0.9587044774632398,0.16010673841823025,0.6294414537270872,0.8304608303539943,0.21129307433782085,0.7600299850321806,0.15533141665919303,0.5135530582619978,0.34060651396483776,0.8367763695107487,1.0,0.42599270704948217,0.9011625772489845,0.6923077226035474,3.0
2021-04-27 00:48:13.420,0.23004465382014933,0.8191748842363629,0.14700321184185255,0.5487596655499022,0.9264537752951896,0.29580985088900547,0.6742250020172895,0.06653479853952544,0.4978738256235274,0.5269970536917182,0.9091979746975356,0.9071298334261826,0.5162455574293974,0.9302324658373989,0.7019231308875687,3.0
2021-04-27 00:48:13.440,0.2249580860105242,0.7645932862111094,0.1352478272028392,0.4567897271156038,0.9965309967999837,0.39397771854495783,0.5784431027517728,0.0031082510111897946,0.4699394991155294,0.6482063800062351,0.9536171336467053,0.7954296384648315,0.6028881607110773,0.9360464435550812,0.639423149349105,3.0
2021-04-27 00:48:13.460,0.12179197887703593,0.7074791740209563,0.22504097336729892,0.3635107512867338,1.0,0.5006588509615889,0.4765384568173321,0.0,0.4529255971503215,0.7694157063207518,0.998036292595875,0.6837294435034804,0.6913358875418751,0.9302324658373989,0.6057692942011773,3.0
2021-04-27 00:48:13.480,0.1743640283514311,0.144752215806449,0.3557547043134547,0.2996042761578044,0.9619978617259847,0.6035134107125664,0.3776348949312372,0.03421373024316951,0.4255863412727772,0.7485207236718933,1.0,0.5879341832983856,0.776173367274437,0.9089146136890923,0.533653904378693,3.0
2021-04-27 00:48:13.500,0.22007265076924995,0.07237610790322455,0.4348658749717087,0.26033036270013454,0.8977345835269612,0.6995138832086625,0.2407637172846924,0.1211565919761638,0.34233613194770723,0.5880177669354607,0.9198805553201903,0.5096892155353177,0.8465704131267194,0.9127905326843501,0.5480769921893425,3.0
2021-04-27 00:48:13.520,0.2657812731870688,0.0,0.5139770456299626,0.22857288752549274,0.8367581134927659,0.788214776785211,0.16836056332131857,0.16666785491000433,0.24794027454068585,0.5846893641549312,0.8264079877305193,0.47422303883829425,0.9043321486478393,0.9166666501292001,0.6298076918343198,3.0
2021-04-27 00:48:13.540,0.12366246008016335,0.30067152624651705,0.5736367080282812,0.19621614447659855,0.7942834641440168,0.8651730523616576,0.09595740935794475,0.21217911784384483,0.15354441713366448,0.542159779892158,0.7302647203363165,0.4733089642867136,0.9548735748100421,0.9186045104020323,0.6057692942011773,3.0
2021-04-27 00:48:13.560,0.1167257231242638,0.28976199421341564,0.8156275956363358,0.1558824620743816,0.7197426588779624,0.9487922877452648,0.06075129511197082,0.24903200643651535,0.09885696786076228,0.4996301956293849,0.6341214529421141,0.4723948897351329,0.9747292407095101,0.9258719329367381,0.6322115808283983,3.0
2021-04-27 00:48:13.580,0.38088147391984944,0.49341409522448343,0.9705655487700235,0.11720490855290919,0.6578031822685941,0.9921475959087915,0.025545180865996803,0.2858848950291856,0.04416951858785974,0.12278104766984713,0.4094729388676486,0.4800731303335112,0.9945849066089775,0.9331393554714434,0.6586538674556194,3.0
2021-04-27 00:48:13.600,0.41771412399912394,0.7314972809938727,1.0,0.0711152535658012,0.656804393464214,1.0,0.0,0.3207853116348268,0.002381848497156282,0.0,0.31065901667386453,0.4153564931676737,1.0,0.9573642957033879,0.7548077533727747,3.0
2021-04-27 00:48:13.620,0.5645204194854294,0.5682487373225305,0.9490631918044475,0.02490835051633939,0.6846323133914177,0.9953356264737084,0.005849463378424613,0.3009359997083695,0.0011909242485779715,0.14571005399965903,0.2776686744210581,0.32577696714716425,0.9927798754786367,0.9806200081245255,0.7836538305325461,3.0
2021-04-27 00:48:13.640,0.7809592963334724,0.26861394129460975,0.9037905037791996,0.0,0.7118797390169233,0.9799915882543666,0.011698926756849226,0.2810866877819121,0.0,0.4153106745911734,0.2619589881850884,0.23729432430382005,0.97111913223944,0.9864339858422089,0.802884647100589,3.0
2021-04-27 00:48:13.660,0.9252573623467385,0.23137631746380322,0.886063148691482,0.004328175000177257,0.7078609884477157,0.9581786528414166,0.04132567341646062,0.26584527329704316,0.06898774513529755,0.5894970570668672,0.22865446894940386,0.19049359533481383,0.9494585738377966,0.9767440891292689,0.7932692880473313,3.0
2021-04-27 00:48:13.680,0.8546360924380377,0.3495244943976124,0.8481625555351048,0.008656350000354845,0.7038422378785082,0.9363657174284665,0.06811780639765798,0.28553029310790917,0.15549489671552302,0.5661982403880373,0.1708428206178502,0.17074952456753936,0.8998195246125992,0.9767439899044716,0.7620192726627179,3.0
2021-04-27 00:48:13.700,0.7305482604790606,0.5486230800658336,0.790615487708138,0.02665869659004743,0.6735827804723505,0.8786587402129115,0.10123858407974094,0.3049542649978354,0.24949944171069255,0.5251479442815274,0.11240278746000339,0.1327239448122758,0.8267147934366403,1.0,0.7692307919526606,3.0
2021-04-27 00:48:13.720,0.6516027115250512,0.55660561677121,0.7108212901404303,0.037610921843116416,0.6637089771702079,0.832065669730116,0.14228709352204824,0.31454990525237975,0.3427732491383505,0.7126479529842659,0.07077212877147984,0.07129799009795655,0.7870037388940357,0.9806200081245255,0.7019231308875687,3.0
2021-04-27 00:48:13.740,0.6531154948912333,0.37123361805491534,0.6603418991503289,0.05945404975156318,0.6479634341132157,0.7791540598964923,0.19028745368472746,0.32989350328761646,0.44154164390591566,0.9371301771341739,0.05192050683134315,0.04643509825055518,0.7328520656335971,0.9728679716844179,0.7163462186982181,3.0
2021-04-27 00:48:13.760,0.6317414576397962,0.16490812261758506,0.6494359633937835,0.09318952765431614,0.608573840509823,0.7222621325228034,0.24240827037289833,0.3685016262266061,0.5496587205003666,0.9286242568958758,0.023957259905006002,0.0435100345465708,0.669675144302678,0.9418602228231712,0.6490385084023628,3.0
2021-04-27 00:48:13.780,0.5787696172275468,0.14862898218891568,0.6346936700339061,0.13045207851851492,0.545306821304277,0.6641176698922551,0.29696033196210075,0.4311669990522013,0.6609338728334823,0.8953402451338903,0.011978629952503001,0.03738573572434444,0.6137185323306761,0.9127905326843501,0.6298076918343198,3.0
2021-04-27 00:48:13.800,0.48628887159720674,0.28881079522567016,0.5728560374127698,0.16357046870261882,0.4791742074491644,0.6052334955480082,0.3854299042692863,0.525735511872648,0.7980565940433506,0.8620562333719047,0.0,0.031261436902118085,0.5342960535703591,0.9011625772489845,0.6538461879289909,3.0
2021-04-27 00:48:13.820,0.42369701081230365,0.3186335639629874,0.46874072368742387,0.19297204878310334,0.42350542663898655,0.5463891154932022,0.47842716106482036,0.6069873547251545,0.8939949276148904,0.9445266571534889,0.009033065631676255,0.0,0.4765343180492392,0.8720928871101623,0.6201924312425914,3.0
2021-04-27 00:48:13.840,0.4141168663871259,0.19323620085318674,0.4431539542268707,0.22472766287739107,0.3717291491039409,0.4878295600660588,0.5406698305380796,0.6744783719281222,0.941916828681457,1.0,0.029298563074890413,0.01389398525751618,0.4151625202674376,0.8488369762394313,0.6490385084023628,3.0
2021-04-27 00:48:13.860,0.3914126573953339,0.1676383174802343,0.42038455382451273,0.25929629992798764,0.3064555520008468,0.4308979109715995,0.599588333973848,0.7524747291289091,0.9781378383719413,0.9707840144106449,0.042965974837076745,0.053016439211757034,0.35198559893651854,0.8255812638182924,0.6490385084023628,3.0
2021-04-27 00:48:13.880,0.34042983221836326,0.32586799091912855,0.34871605094717906,0.3042424373545815,0.19636102756248433,0.35411981303763107,0.6544926406198178,0.8274424852587928,0.9985104136978384,0.8879438135472061,0.05946116332253203,0.0705667316537837,0.30505423503499746,0.7887595372393635,0.6682692265088764,3.0
2021-04-27 00:48:13.900,0.35801871712833494,0.33290514469264687,0.3446225612963403,0.34173355214985607,0.10475280439268587,0.284148435750461,0.7071615560275681,0.8872526222541095,1.0,0.7781065378027732,0.07312856222616136,0.08592323379964543,0.2509025617745587,0.777131581803998,0.7067307611834329,3.0
2021-04-27 00:48:13.920,0.41012826533404695,0.34316658422907337,0.3551592564796244,0.35479100823679266,0.08597888308459467,0.261661130047338,0.7586131605911577,0.9275034566590125,0.9825053817989206,0.6741864127763584,0.09323699239455566,0.11517366134843704,0.19855601206323797,0.7538758693828591,0.721153898224847,3.0
2021-04-27 00:48:13.940,0.37824225191559807,0.4371357385289056,0.34334276797782265,0.36784846432372925,0.06720496177650329,0.23917382434421502,0.792040816926853,0.9437128969673664,0.9586034895430657,0.6666050487566754,0.11318829099534469,0.13436928154894093,0.16922386341539852,0.7441859726699191,0.7475962094674502,3.0
2021-04-27 00:48:13.960,0.3658954472914539,0.4335144220907365,0.3323699256397646,0.4013939724492643,0.03709179555080228,0.17996844477237584,0.8254684732625484,0.9599223372757203,0.9347015972872116,0.6590236847369921,0.13313958959613373,0.1535649017494448,0.13989171476755907,0.7344960759569792,0.774038520710053,3.0
2021-04-27 00:48:13.980,0.3535486426673097,0.42989310565256733,0.32139708330170647,0.43173656128415494,0.017546768419553223,0.13266791120455984,0.8781785078720489,0.9810175062116631,0.8835517818011203,0.6481139213573341,0.20273349521099435,0.19963435132517302,0.09025275796113814,0.718023172165142,0.8509615408284023,3.0
2021-04-27 00:48:14.000,0.40374488699753047,0.37392792550545245,0.2956897059621676,0.4523610537762661,0.015296696222642056,0.10798532175711974,0.9050529002305805,0.9834491359804169,0.849104907591031,0.5991124417707345,0.2588170563384885,0.22376598173567222,0.0577617355211199,0.7015502683733059,0.9038462125443728,3.0
