2021-04-11 23:22:31.500,0.4166219974979153,0.5011601898472503,0.9657624339541971,0.07913834995165382,0.5032292630354379,0.6246018572517988,0.4373804863782687,0.49565392260378066,0.396977620933332,0.10185185185185178,0.1487603255470235,0.23529412331149774,0.6086950714571863,0.9148946368500832,0.534883875997864,5.0
2021-04-11 23:22:31.520,0.5256199572200084,0.5580272632802844,0.7350256607439057,0.056433146694666876,0.5064322020871114,0.7687727910687853,0.3856268700366688,0.48925265694491926,0.09373289004854986,0.21759259259259253,1.0,0.06191951733795474,0.826085214371584,0.808511843550104,0.32558133442941056,5.0
2021-04-11 23:22:31.540,0.6346179169421015,0.6148943367133186,0.5042888875336143,0.03372794343767992,0.5096351411387827,0.9129437248857627,0.41267912982834415,0.47132405992009413,0.14493316790820404,0.361111111111111,0.39462808650258757,0.3467492271516325,0.5217399047237348,0.6702129050250125,0.3720929706435819,5.0
2021-04-11 23:22:31.560,0.13097452987098598,0.0,0.12503724357520526,0.00603080230615815,0.5454988240076969,0.8147170222447271,0.43973138962001945,0.45339546289526894,0.1961334457678582,0.31944446339146876,0.40289255004766134,0.006191955281522984,0.5217399047237348,0.7021290502501247,0.4883721207139043,5.0
2021-04-11 23:22:31.580,1.0,0.9148997047581355,0.7082466593015974,0.0,0.6163004864446956,0.6220383626960263,0.5442059796179908,0.3826411789976814,0.39684758222082767,0.8564814814814813,0.7004132163619622,0.26625387437820186,0.7391300476381326,0.936172067000158,0.3720930897133703,5.0
2021-04-11 23:22:31.600,0.0,0.07902212809287133,0.5961429844115916,0.017152102663271183,0.5941095088986313,0.6632721726257236,0.5145216080627923,0.4048179587619384,0.3541127115573726,0.6944444406550395,0.06611570024312156,0.3529411773649733,0.6086950714571863,0.8510623463998711,0.5116278792860958,5.0
2021-04-11 23:22:31.620,0.7786228733134081,0.7099912106820658,0.17644624187708885,0.03647903985903739,0.6113819838091994,1.0,0.4663899574812695,0.3875614346783126,0.0,0.7685185185185184,0.43801651580181966,0.17337462117808952,0.956520190552505,0.808511843550104,0.3720930897133703,5.0
2021-04-11 23:22:31.640,0.5077644936980976,0.5702846608371493,1.0,0.05461577461511119,0.6095266356484729,0.5129840999250181,0.5609435108321382,0.38940353290939045,0.5115016262440061,0.7175926001714023,0.0,0.39009287864501824,0.9130403811050101,0.808511843550104,0.5116278792860958,5.0
2021-04-11 23:22:31.660,0.14439187926333602,0.19872582954827242,0.06965697370195946,0.06033129517630079,0.5883942482517768,0.7691060453610421,0.4878292951789584,0.4105234272276979,0.243083070373007,0.861111111111111,0.09917355036468237,0.22291022288481607,0.6521704287431427,0.7234064804001871,0.3720930897133703,5.0
2021-04-11 23:22:31.680,0.9900173914348751,1.0,0.752068699281768,0.1008347485919001,0.6099298008330198,0.17067105878734254,0.6401205822141163,0.389012296870727,0.8707090614508313,0.8472222411692465,0.2995867667266446,0.24148607453847498,0.6521704287431427,0.7446817318250707,0.4883721207139043,5.0
2021-04-11 23:22:31.700,0.0014943116755842336,0.09714473624155018,0.5927627448202577,0.11775690059759733,0.5909179722142596,0.04794119343488766,0.652527502193425,0.40800026310794846,1.0,0.6342592592592592,0.5030991573830729,0.2941176503382355,0.6086950714571863,0.7446817318250707,0.534883875997864,5.0
2021-04-11 23:22:31.720,0.7223349818410644,0.7141895536106942,0.133723408828469,0.1298556297739007,0.6107288111638453,0.6334907746239679,0.5365346111448474,0.3882037880692876,0.3849582639416908,0.6527777777777777,0.33057850121560783,0.26006192619213386,0.6086950714571863,0.8297892737001787,0.6046511517144383,5.0
2021-04-11 23:22:31.740,0.4710889069019095,0.6284196995334467,0.3162946120855321,0.12662246811858974,0.5968657848460561,0.9029294334036158,0.4702706350813164,0.4020539549441328,0.10229284750925113,0.6249999990526487,0.3595041202410874,0.23684211187846935,0.6521704287431427,0.808511843550104,0.4418603654299446,5.0
2021-04-11 23:22:31.760,0.6080560386153919,0.658695640389407,0.5962201079941917,0.13713647710051646,0.5974446309490073,0.7344379858623218,0.5037456975095914,0.40053851482414565,0.2768420651281533,0.5972222203275196,0.3884297392665671,0.21362229756480486,0.6086950714571863,0.7872344134000291,0.41860460685775314,5.0
2021-04-11 23:22:31.780,0.49045795889036176,0.5580626892544212,0.5049344661918335,0.1423671619379014,0.5993371423809374,0.7390490716945347,0.5074239049740149,0.3957044201450236,0.27180334235236364,0.504629618261415,0.3863636238030835,0.22910217360497512,1.0,0.7021290502501247,0.534883875997864,5.0
2021-04-11 23:22:31.800,0.5037899390698459,0.6063311952422434,0.5093973382305326,0.13821004191751393,0.6026215872433116,0.7418416785762343,0.5061415941148673,0.39690245204275176,0.2709542491351088,0.5277777777777777,0.3884297392665671,0.27244582459154265,0.782605404924089,0.6382989385250915,0.5116278792860958,5.0
2021-04-11 23:22:31.820,0.49985031767363064,0.57964115893074,0.5115180100082777,0.1304956129293208,0.5973049871420699,0.739882207425163,0.5021146880835036,0.40161064545724107,0.27355966615755023,0.5879629610682604,0.3904958555756204,0.2848297250182243,0.6086950714571863,0.7659613407003367,0.6279069102866297,5.0
2021-04-11 23:22:31.840,0.4986083610473612,0.5177112515486032,0.5156808797890684,0.134235774227242,0.5965014721723103,0.7291411652364481,0.5034982340104629,0.40241675613935657,0.2848612834118346,0.5787037025668821,0.3925619701935343,0.27863777987306565,0.4782600952762652,0.7872344134000291,0.534883875997864,5.0
2021-04-11 23:22:31.860,0.5022418904489325,0.5121656542371257,0.5190340371866112,0.13782355858339498,0.5976563489788826,0.714702282151033,0.5074801466783614,0.4012632607434013,0.2999956530503058,0.5648148148148148,0.3863636238030835,0.25386997395152017,0.6304327501001644,0.7765978770501829,0.5348837569280755,5.0
2021-04-11 23:22:31.880,0.4997017909851765,0.5044108885680403,0.5179490172249019,0.14062286152814818,0.6026120148855781,0.6999685971916918,0.5151627634923861,0.39631594057323205,0.3153603535015091,0.537037037037037,0.37396692950015636,0.24148607453847498,0.6086950714571863,0.6808516201000498,0.6976744241427808,5.0
2021-04-11 23:22:31.900,0.5038568738535597,0.48595294270579875,0.5150923863014794,0.14237935209324348,0.6120875228821571,0.6852893864916599,0.5271872398821109,0.3868471377075475,0.3305335909510475,0.5787037025668821,0.3822313923687744,0.21671827267147528,0.826085214371584,0.7234064804001871,0.5116278792860958,5.0
2021-04-11 23:22:31.920,0.5061810234622931,0.5262059825652844,0.5169018131241805,0.14601312658090967,0.6204030863533643,0.6689727436441331,0.5384580774335689,0.37854005236122135,0.3474599885467326,0.662037037037037,0.3884297392665671,0.21052632245813444,0.6521704287431427,0.5957462569501331,0.5813953931422469,5.0
2021-04-11 23:22:31.940,0.5041428122043305,0.45981380616583284,0.5156710598732691,0.15979215785143208,0.6351467695826503,0.6525824003281223,0.5559267508042406,0.36380977569361966,0.3643001045322252,0.6898148186042196,0.3884297392665671,0.22291022288481607,0.6521704287431427,0.6595741899499751,0.6046511517144383,5.0
2021-04-11 23:22:31.960,0.50027403402509,0.4436013803259093,0.5140734079073059,0.17638489861392442,0.6492507940833804,0.6371822067842948,0.5726080403140416,0.3497259634786977,0.38011153829181965,0.6481481519375529,0.3822313923687744,0.22291022288481607,0.5217399047237348,0.6382989385250915,0.6279069102866297,5.0
2021-04-11 23:22:31.980,0.49985312704054535,0.5082465492917835,0.510759574642901,0.18634480962579034,0.6573636488025806,0.626204041349168,0.582641560369837,0.34162511639443416,0.3914288505818628,0.6481481519375529,0.3925619701935343,0.21671827267147528,0.6956502381906376,0.6382989385250915,0.5813953931422469,5.0
2021-04-11 23:22:32.000,0.5037198286192687,0.5056532313525682,0.5094300859476892,0.19675741867919974,0.6671786939587716,0.621359036638748,0.5930687723560778,0.33182366011934306,0.39626292159557225,0.7083333295439284,0.3966942026425269,0.21671827267147528,0.7391300476381326,0.6170236871002078,0.4883721207139043,5.0
2021-04-11 23:22:32.020,0.5069732470014732,0.5157638651233776,0.5124527273943938,0.2120089653051571,0.6756975292618531,0.6104167601274025,0.6035072326831599,0.32332643816928913,0.40754465299303083,0.7222222222222221,0.3966942026425269,0.21671827267147528,0.826085214371584,0.7021290502501247,0.534883875997864,5.0
2021-04-11 23:22:32.040,0.5034759078183895,0.5199222778908574,0.5173977276072143,0.22807365070218272,0.6830417799630262,0.5917058133647763,0.6144968617128854,0.3159957299772445,0.4269878029850646,0.6944444406550395,0.3863636238030835,0.21671827267147528,0.9130403811050101,0.7659613407003367,0.5813953931422469,5.0
2021-04-11 23:22:32.060,0.4991333343212333,0.5832629875933271,0.515000675519573,0.2384145040684652,0.6836898848895829,0.5737164903196014,0.6189399563564372,0.3153389878703124,0.4458319531699577,0.6481481519375529,0.38429750833959986,0.25386997395152017,0.6956502381906376,0.7021290502501247,0.41860460685775314,5.0
2021-04-11 23:22:32.080,0.49975443494781235,0.5869459313440996,0.5126710245090782,0.24453174565794739,0.6800996876595963,0.5608285214404235,0.6182425592225168,0.3189224633207637,0.4594451369342566,0.5787037031352928,0.37809916101902236,0.24458204913832718,0.7391300476381326,0.5957462569501331,0.4418603654299446,5.0
2021-04-11 23:22:32.100,0.4985671985388885,0.6261952206619708,0.5107683087509853,0.24483095856178536,0.6744745197914119,0.551469202817282,0.6148118152572417,0.32454502537552676,0.4694276727146241,0.5462962925068914,0.37809916076535144,0.24767802373817938,0.6086950714571863,0.7446817318250707,0.4883721207139043,5.0
2021-04-11 23:22:32.120,0.5000823905923211,0.5814700357113054,0.5130149070652358,0.2435565332306396,0.6734401420763122,0.5395681793420825,0.6163640862972605,0.32557107785871126,0.4819296315126078,0.5497685161501404,0.37964874765891354,0.24458204863150895,0.6956502381906376,0.8510623463998711,0.767441937998932,5.0
2021-04-11 23:22:32.140,0.5015477480500324,0.5376023285044003,0.5127514203381366,0.2437850986432919,0.6773118792396388,0.5293552170318635,0.6260770286382591,0.3185959765039096,0.49630911923485793,0.5532407397933895,0.38119833455247565,0.24148607352483853,0.6956502381906376,0.8297892737001787,0.6744186655705894,5.0
2021-04-11 23:22:32.160,0.5042207398288143,0.5171374554630725,0.5117673540237143,0.2467703014570001,0.6835389794853102,0.5220197773604901,0.6388495196958299,0.30817820356195913,0.5093923284801707,0.5138888888888888,0.36570246696976616,0.24148607453847498,0.9130403811050101,0.7872344134000291,0.4883721207139043,5.0
2021-04-11 23:22:32.180,0.4928786634365501,0.506851707089579,0.5105837313657713,0.24754742386001474,0.6908691531898197,0.5129552606112655,0.6432307484645945,0.30448390073978454,0.5132567996277235,0.5231481443587431,0.3760330456400957,0.23529412331149774,0.8695605716575404,0.7234064804001871,0.5116278792860958,5.0
2021-04-11 23:22:32.200,0.501468476834775,0.5238816011500559,0.5104485153498587,0.2461136953624807,0.6982719641971301,0.505405769144497,0.647611977233359,0.30078959791760995,0.5171212707752769,0.5601851813957802,0.380165276397949,0.22910217360497512,0.6521704287431427,0.7446817318250707,0.41860460685775314,5.0
2021-04-11 23:22:32.220,0.4958215313133497,0.49401357046772365,0.5113596483147692,0.2468998218575058,0.7106532458457373,0.49496593756609053,0.6618242559222557,0.28842249655184576,0.5277330870993139,0.5555555555555555,0.37396692950015636,0.21671827267147528,0.9130403811050101,0.7872344134000291,0.6046511517144383,5.0
2021-04-11 23:22:32.240,0.5021309840203697,0.5229992235305069,0.5103526736281182,0.25066283969668557,0.7252772746033507,0.4819241590135628,0.6787586331016259,0.2738354218668736,0.5410237419874172,0.504629618261415,0.37396692950015636,0.23529412331149774,0.7391300476381326,0.7659613407003367,0.18604654485668515,5.0
2021-04-11 23:22:32.260,0.5072511239356794,0.5541273400003426,0.5146187846111135,0.24729392403870962,0.7307194415148642,0.46926049590802305,0.6868124451643334,0.26840128347346365,0.5541472981571153,0.4999999999999999,0.3677685826023637,0.24148607453847498,0.7391278215573633,0.6914903351750873,0.32558133442941056,5.0
2021-04-11 23:22:32.280,0.5022726706336269,0.5604753081314455,0.514175390716074,0.24286945174776106,0.7341559179412439,0.4551228234328982,0.6932464961418142,0.2649764264870213,0.5688892097286544,0.5185185109397086,0.3677685826023637,0.24767802373817938,0.8695605716575404,0.7659613407003367,0.6279069102866297,5.0
2021-04-11 23:22:32.300,0.5046447003845087,0.5468547714735615,0.5127309789888,0.24079823353566984,0.7384358880079167,0.4418862192941405,0.7003104542079878,0.26070195008211594,0.582642292960908,0.5462962925068914,0.37396692950015636,0.24148607453847498,0.5217399047237348,0.7234064804001871,0.4418603654299446,5.0
2021-04-11 23:22:32.320,0.4969313285831061,0.561598998635723,0.51158100326727,0.2398357653616728,0.740580659220121,0.4317501618205919,0.7046410654428464,0.258563855408479,0.5932134336687118,0.5694444444444443,0.37809916076535144,0.24767802373817938,0.6086950714571863,0.6595741899499751,0.3488373311411788,5.0
2021-04-11 23:22:32.340,0.5020546442293178,0.5223982330331889,0.5109543662175837,0.2430633860372853,0.7464777946639157,0.42270487128053263,0.7123911723020789,0.2526648244542378,0.6025076065456683,0.5509259259259258,0.37809916076535144,0.25386997395152017,0.5217399047237348,0.6170236871002078,0.3488373311411788,5.0
2021-04-11 23:22:32.360,0.5028971911697275,0.5275878753048694,0.5113472631716257,0.2445511390869018,0.7515083501928814,0.4141453629587782,0.7191739218465201,0.24764898658903078,0.6113536902603592,0.5277777777777777,0.3719008138675588,0.25386997395152017,0.4347802858287702,0.7021290502501247,0.2790698172850277,5.0
2021-04-11 23:22:32.380,0.5000749398464402,0.5397359192093286,0.5105974610628612,0.2433210415933633,0.7552449481882046,0.4054551164146904,0.7247193538952987,0.24392607762917698,0.6203721728495112,0.5231481443587431,0.37396692950015636,0.24148607453847498,0.6086950714571863,0.5319161452251122,0.3488373311411788,5.0
2021-04-11 23:22:32.400,0.49906615542293825,0.532163930003361,0.5114939020064625,0.24211310801863034,0.7612451272476027,0.39659503835628296,0.732536950799759,0.23793591814053772,0.6294771835677414,0.5787037025668821,0.3822313923687744,0.24148607453847498,0.5217399047237348,0.5319161452251122,0.09302327242834257,5.0
2021-04-11 23:22:32.420,0.5041666301540757,0.521902724436426,0.5143639533226562,0.24648632624734368,0.7683078380154358,0.38372950005447537,0.7423005106746633,0.23089161391374902,0.6427668112938193,0.6527777777777777,0.380165276397949,0.21052632245813444,0.5217399047237348,0.7659613407003367,0.3720930897133703,5.0
2021-04-11 23:22:32.440,0.5015372436945787,0.4967412840304371,0.5131371605434735,0.2583188113490351,0.7805525727963706,0.3676243455077945,0.7578344694157523,0.2186755940655444,0.6592996414875837,0.6481481519375529,0.3822313923687744,0.1795665713914303,0.6521704287431427,0.7659613407003367,0.18604654485668515,5.0
2021-04-11 23:22:32.460,0.5013526846437033,0.524938020003453,0.5125696288094062,0.2685978827916581,0.7938936240777441,0.35338413325044243,0.7740433286090188,0.2053694576892938,0.6738411332045899,0.6249999999999999,0.38429750833959986,0.15479877053806707,0.6086950714571863,0.6595741899499751,0.20930230342887657,5.0
2021-04-11 23:22:32.480,0.5051220378869673,0.5307431078329685,0.512039572264818,0.2771140915425265,0.8106677733062977,0.34181636406749066,0.7930192796562441,0.18864086244592929,0.6854743594473801,0.6759259297153306,0.3904958555756204,0.12383901440318076,0.6956502381906376,0.5957462569501331,0.18604654485668515,5.0
2021-04-11 23:22:32.500,0.5048772620446692,0.5426333847327728,0.5136292913757325,0.2895383532762423,0.8293715972379786,0.3276434435422309,0.8145148590582796,0.16998794773744133,0.6997831373357536,0.773148148148148,0.4070247796217171,0.10526316376315831,0.3913004763812753,0.6382989385250915,0.18604654485668515,5.0
2021-04-11 23:22:32.520,0.4948364427823023,0.542955275319977,0.5123566617347385,0.309510814607131,0.8476700036656475,0.31735101290078305,0.8347731209646525,0.1517509354378309,0.7100387338691397,0.773148148148148,0.3987603182751245,0.09287926333647667,0.6086950714571863,0.6808516201000498,0.11627903100053401,5.0
2021-04-11 23:22:32.540,0.4958485250580352,0.5845428291905008,0.5117973468809948,0.3311427993583548,0.8636513364419075,0.30363952139556416,0.859986277024116,0.1301918426943333,0.7277067424476682,0.662037037037037,0.3884297392665671,0.1300309595483394,0.3913004763812753,0.6170236871002078,0.1627907862844937,5.0
2021-04-11 23:22:32.560,0.4881476732864198,0.6265793708438961,0.5088682155546957,0.3435961512355002,0.8749602324844136,0.2961259188525769,0.8670474230050792,0.12426249266003978,0.7330257982836204,0.6759259297153306,0.398760317091327,0.16099072075140786,0.5217399047237348,0.5319161452251122,0.09302327242834257,5.0
2021-04-11 23:22:32.580,0.4943262486867475,0.6228766763861576,0.5100297686546635,0.349029081831959,0.8811935266086189,0.2893800829290467,0.8741085689860624,0.11833314262574628,0.7383448541195726,0.6967592611539616,0.3972107303668788,0.1795665713914303,0.4782600952762652,0.6170236871002078,0.2790698172850277,5.0
2021-04-11 23:22:32.600,0.48994263550687067,0.5591143148676214,0.514422184592182,0.3632148210125038,0.8882494804180509,0.2783522497869087,0.883596544509675,0.1113049400572939,0.7496848050606711,0.7175925925925924,0.39566114364243066,0.19814242203145277,0.5217399047237348,0.7872344134000291,0.20930230342887657,5.0
2021-04-11 23:22:32.620,0.5021096088814367,0.5772311863761448,0.5132099292483244,0.38393725394587175,0.8958358554619014,0.2571377301537367,0.896031585341147,0.10375154935637726,0.7716676337054754,0.7499999999999999,0.3884297392665671,0.1795665713914303,0.2608699523618674,0.7021290502501247,0.3488373311411788,5.0
2021-04-11 23:22:32.640,0.5065345070113078,0.5376177842952584,0.5111049906708417,0.40271286366142445,0.907630126349491,0.2416670405096211,0.9112843355605035,0.09200693125002936,0.7875101699312205,0.851851874588281,0.3966942026425269,0.1300309595483394,0.2608699523618674,0.7872344134000291,0.2790698172850277,5.0
2021-04-11 23:22:32.660,0.5086666465415157,0.47839455310699724,0.514852830967003,0.4335331780012019,0.930558738520911,0.2182264462915851,0.9394389327574058,0.06916655760933406,0.8113524083621508,0.9074074453014561,0.40289255004766134,0.043343666697932284,0.3478251190953188,0.8297892737001787,0.3488373311411788,5.0
2021-04-11 23:22:32.680,0.5043434942420274,0.5390285883565139,0.5088269069504611,0.4661958680914379,0.9568680822119113,0.20285573293512926,0.9691008076308617,0.04295374301890244,0.8266253216147019,0.8194444444444443,0.40289255004766134,0.0,0.4347825119095268,0.7553204469001081,0.20930230342887657,5.0
2021-04-11 23:22:32.700,0.4903427777285892,0.6601167495118708,0.5007509752681484,0.4846251665757021,0.975530801313326,0.20483603247946827,0.9871094013632755,0.024357697997295192,0.8239736001281244,0.7175926001714023,0.4173553594758442,0.030959766271250636,0.5652152620096913,0.6808516201000498,0.11627903100053401,5.0
2021-04-11 23:22:32.720,0.49483192346062677,0.6855930627859957,0.4974619946123608,0.4932303080507693,0.9897868573780634,0.22366874523349617,0.9967042361251605,0.01017487771304199,0.8038584807386164,0.7083333295439284,0.43801651580181966,0.080495362909795,0.5217399047237348,0.6595741899499751,0.09302327242834257,5.0
2021-04-11 23:22:32.740,0.48896963910067015,0.6783423962662709,0.5041830736394686,0.5008075977913679,0.9976367537995214,0.24261553349525963,1.0,0.00235152729368039,0.7838082779891589,0.7037037074931085,0.4400826348166959,0.11764706925802212,0.5652152620096913,0.7021290502501247,0.023255758572191438,5.0
2021-04-11 23:22:32.760,0.4862228723349006,0.6816283036460304,0.5083068783774655,0.507467855391514,1.0,0.25706082531706625,0.9989201592764957,0.0,0.768637916593293,0.6157407407407406,0.4173553594758442,0.15479877053806707,0.4347802858287702,0.7446817318250707,0.023255758572191438,5.0
2021-04-11 23:22:32.780,0.48821247021043257,0.770407690637284,0.5055744982149553,0.5021291214499641,0.989986750730736,0.27088126534091295,0.9857258554363162,0.00997617639743486,0.7544987026121884,0.4675925925925925,0.42561982031509504,0.13622291989804458,0.5217399047237348,0.6808516201000498,0.0,5.0
2021-04-11 23:22:32.800,0.48983087367827366,0.7271034713930786,0.5044222317091428,0.48661299304330086,0.9888560863584321,0.2982433653556499,0.9782119637353509,0.01109370000349203,0.7259092089019945,0.19907407407407401,0.4462809817144885,0.2043343717379754,0.4782600952762652,0.6595741899499751,0.023255758572191438,5.0
2021-04-11 23:22:32.820,0.45770135332077616,0.8255492291161671,0.5056164031399165,0.4412531479690935,0.9683532222526912,0.3498272845543002,0.9459854671435797,0.03150923241681679,0.6725692190109123,0.0,0.44834709227366815,0.3343653267249509,0.6086950714571863,0.8723419552751371,0.1627907862844937,5.0
2021-04-11 23:22:32.840,0.44985374449930515,0.6980537043528366,0.5026058723403534,0.38390954904736774,0.9458964710095503,0.4185353473855488,0.9082360351847925,0.05386998219225066,0.601340175273285,0.10185185185185178,0.47520659887971495,0.4891640820584714,0.7391300476381326,0.5319161452251122,0.023255758572191438,5.0
2021-04-11 23:22:32.860,0.46659878419923934,0.6231112603048437,0.5232183737723913,0.33920492482275805,0.911703446105092,0.46324910117472706,0.8646149692920291,0.08793355428005961,0.5554968657999667,0.2731481481481481,0.4938016361908142,0.6563467378186736,0.4782600952762652,0.5531913966499958,0.046511517144382876,5.0
2021-04-11 23:22:32.880,0.4898832731420976,0.5290961446182251,0.524500041399397,0.31395468032702994,0.8670438926386864,0.5030633759941576,0.8120627207486771,0.1324375101491823,0.5150354333921173,0.2731481481481481,0.46487602240786646,0.7863776922988307,0.3478251190953188,0.6170236871002078,0.20930230342887657,5.0
2021-04-11 23:22:32.900,0.4890633230021806,0.49884281774663614,0.5245958825917335,0.28932918129254437,0.8090258324150421,0.5304344482398445,0.7494544554678072,0.19028186124207455,0.4879283399179898,0.28240740740740733,0.48657023147672285,0.8792569708398541,0.21739014291437248,0.5531913966499958,0.18604654485668515,5.0
2021-04-11 23:22:32.920,0.49816155951255425,0.5417490020506328,0.5233771833417296,0.26022102968025884,0.7421015379400387,0.5638470362798546,0.6439731389619999,0.28567750639441314,0.4269122860329059,0.361111111111111,0.49586775182341175,0.972136300062699,0.3478251190953188,0.468086033500079,0.18604654485668515,5.0
2021-04-11 23:22:32.940,0.5148634828908275,0.3592786831752635,0.5128141451892735,0.24755712057448997,0.6847118748476149,0.6181713311586348,0.5373894850509457,0.3841996139713064,0.369867733578494,0.6064814818604218,0.4772727178945911,0.9969040502342406,0.0,0.3404258100500249,0.32558133442941056,5.0
2021-04-11 23:22:32.960,0.522619421435891,0.3341212528944565,0.5230639407863682,0.23530324396656724,0.6147475121723777,0.6477822567724245,0.4926267125598909,0.42858229352021376,0.357644063788241,0.7685185291288521,0.48140494577750753,0.9984520251171203,0.3913004763812753,0.4255355306503118,0.5116278792860958,5.0
2021-04-11 23:22:32.980,0.5406790335250138,0.28570711362769546,0.5127049238388739,0.27274835363640976,0.5259292647809848,0.6731384222972747,0.447863940068836,0.4729649730691211,0.34542039399798846,0.9305555763972824,0.48553717366042404,1.0,0.3913004763812753,0.5744688268000583,0.2790698172850277,5.0
2021-04-11 23:22:33.000,0.5264624880867667,0.3552065751453246,0.5060005435391423,0.33449924781200824,0.4235543065192802,0.7013913366701451,0.34578524667612065,0.5753650108908868,0.3182139739559372,0.9398148148148148,0.4834710580278264,0.8854489463941057,0.3913004763812753,0.36170324020009975,0.20930230342887657,5.0
2021-04-11 23:22:33.020,0.5157708880400493,0.33796449563632047,0.5078821425871467,0.3645625258001903,0.384257103393287,0.7132290738735036,0.2885761850127124,0.6327602284928079,0.30003509607210777,0.9212962962962962,0.4690082519819222,0.7678018416588083,0.17391033346690282,0.3404258100500249,0.5116278792860958,5.0
2021-04-11 23:22:33.040,0.5113379286216906,0.33194314259619145,0.5099085188206316,0.3946258037883683,0.34495990026729384,0.7250668110768623,0.2593923646262316,0.6630520727630506,0.29459075728383183,0.9074074453014561,0.444214861008473,0.6439628373919919,0.08695516673345141,0.2340430167500333,0.41860460685775314,5.0
2021-04-11 23:22:33.060,0.502525630205934,0.4089703654810682,0.5080371783526259,0.44904376542816676,0.28771832717980744,0.7331338080070744,0.2302085442397308,0.6933439170332931,0.2891464184955564,0.8796296675236783,0.43801651580181966,0.5139318829118347,0.3260874404523406,0.29787312847506653,0.5116278792860958,5.0
2021-04-11 23:22:33.080,0.5103665203691141,0.40158373290558824,0.5109043862396451,0.483129102056536,0.2702152710638308,0.730051205803756,0.1977908258531776,0.728917276531251,0.2916785166925748,0.884259297153308,0.43595039847808276,0.4024767790716999,0.4347802858287702,0.36170324020009975,0.4883721207139043,5.0
2021-04-11 23:22:33.100,0.5132317659567719,0.4772546870304106,0.5102162962320619,0.5147209978196258,0.25924985374000364,0.7262700513339757,0.18848844795392633,0.7398982649264085,0.29590754818643034,0.9444444444444443,0.4462809817144885,0.3157894760849284,0.2608699523618674,0.3404258100500249,0.32558133442941056,5.0
2021-04-11 23:22:33.120,0.5104790141572242,0.48127727481689836,0.5115467884126581,0.5514787489576015,0.25760734976888383,0.7216301261880192,0.1879147825695603,0.7415433747842555,0.3008301194803084,0.9583333560697626,0.4421487453758755,0.27863777987306565,0.21739014291437248,0.40425592177504577,0.6046511517144383,5.0
2021-04-11 23:22:33.140,0.5044177575862545,0.5761817792386347,0.5100837056632045,0.5844763912707409,0.24979630585822604,0.7166992444099789,0.1817619401138317,0.7493667252036155,0.30619765736389304,0.8750000189470243,0.4276859393299713,0.26625387437820186,0.21739014291437248,0.31914837989995015,0.6046511517144383,5.0
2021-04-11 23:22:33.160,0.499918473798712,0.623146327288732,0.5096204064404332,0.6079729156912249,0.23904148040453857,0.7108314053717992,0.1730332275989265,0.7601613454682737,0.31264987834703817,0.7824074074074073,0.4173553594758442,0.27244582459154265,0.08695516673345141,0.31914837989995015,0.534883875997864,5.0
2021-04-11 23:22:33.180,0.4981267485299238,0.6230601654269087,0.5080350515115437,0.6151548565301862,0.2344551948903871,0.7108265988195102,0.16884884479538464,0.7647534013896746,0.3127547310466624,0.7685185185185184,0.4173553594758442,0.26006192619213386,0.17391033346690282,0.29787312847506653,0.6976744241427808,5.0
2021-04-11 23:22:33.200,0.4963350232611355,0.6229740035650854,0.5064496965826545,0.6223367973691437,0.22986890937623566,0.7108217922672212,0.16466446199184276,0.7693454573110771,0.3128595837462866,0.7638888888888888,0.415289245534386,0.26006192619213386,0.5652152620096913,0.38298067035016214,0.5116278792860958,5.0
2021-04-11 23:22:33.220,0.4964153938245083,0.6157502397025313,0.5081786138867764,0.6367084364186435,0.22146944700489307,0.7076879201727799,0.15760050392566927,0.7777679949735409,0.31636479470359086,0.7222222222222221,0.41115701257805154,0.22910217360497512,0.2608699523618674,0.2765978770501829,0.7906976965711234,5.0
2021-04-11 23:22:33.240,0.4921495266104682,0.5923794618653334,0.5052838740772222,0.648595500170386,0.21931172495575482,0.7092035863288824,0.15531709072910632,0.7799341819021458,0.31482610598849436,0.6481481519375529,0.40289255004766134,0.21671827267147528,0.30434976180936235,0.25532044690010813,0.5813953931422469,5.0
2021-04-11 23:22:33.260,0.5016463179958209,0.6025099907796536,0.5070441664331994,0.6545199156662892,0.2197143270604345,0.7081717797701819,0.15591325279521498,0.7795241034973476,0.31589677859801923,0.6041666662877261,0.38946279742109374,0.21052632220472534,0.08695516673345141,0.17021072629982126,0.5116278792860958,5.0
2021-04-11 23:22:33.280,0.4991858560985017,0.6240524630990293,0.5064844164834399,0.6554164461818499,0.21965801907376611,0.7042880855181834,0.1566106499291353,0.7795912508384854,0.3199994280761839,0.6203703701809,0.38997932649835704,0.2043343717379754,0.30434976180936235,0.38298067035016214,0.4418603654299446,5.0
2021-04-11 23:22:33.300,0.4942580925616661,0.5940065293362479,0.5088062037578793,0.6578417329968106,0.22038439210179056,0.6979370277562391,0.15860160626306458,0.778849546789706,0.32666612049037835,0.636574074074074,0.3904958555756204,0.19814242127122547,0.2608699523618674,0.1914903351750873,0.4883721207139043,5.0
2021-04-11 23:22:33.320,0.5006044326084877,0.5421433150183673,0.5073302056671221,0.6659914059404871,0.22781310478296818,0.6917269621948618,0.17261141481631792,0.7655774979667361,0.3361977937710103,0.611111111111111,0.38429750833959986,0.14860681525654404,0.3478251190953188,0.38298067035016214,0.6279069102866297,5.0
2021-04-11 23:22:33.340,0.5053736535483087,0.5384393340788525,0.507375442820021,0.6744081541057284,0.23944239326961847,0.6854553727641555,0.1919641852826666,0.7470121146136589,0.3479835946611569,0.6296296296296295,0.3884297392665671,0.1300309595483394,0.3478251190953188,0.36170324020009975,0.534883875997864,5.0
2021-04-11 23:22:33.360,0.49916448105562633,0.5727727090882722,0.5074169912098809,0.6792936359077661,0.25215110586070266,0.6769932772355297,0.1988762907471026,0.7401197483756156,0.3508870941035721,0.6631944444444444,0.39049585473005066,0.15170279036321446,0.6086950714571863,0.4893634636501538,0.534883875997864,5.0
2021-04-11 23:22:33.380,0.4908464985612033,0.5762988572445922,0.5082191746019039,0.6901193249978533,0.27046415236490545,0.6669828309952159,0.2057883962115586,0.7332273821375723,0.35379059354598774,0.6967592592592591,0.3925619701935343,0.17337462117808952,0.6956502381906376,0.38298067035016214,0.5813953931422469,5.0
2021-04-11 23:22:33.400,0.4901593179361755,0.5657057420208069,0.5073423858779562,0.7076025011982354,0.28015644611015894,0.654094862116029,0.21915142516477748,0.7215219904116337,0.3669096302027707,0.6712962962962963,0.3863636238030835,0.19814242203145277,0.6086950714571863,0.3404258100500249,0.32558133442941056,5.0
2021-04-11 23:22:33.420,0.4870390360091934,0.5805872283684228,0.5082187265143127,0.712851194219649,0.2812948528306292,0.6464876920217644,0.22340189197092197,0.7190938089466291,0.3771521715068046,0.6481481519375529,0.3863636238030835,0.2043343717379754,0.3913004763812753,0.29787312847506653,0.3720930897133703,5.0
2021-04-11 23:22:33.440,0.4913206597564139,0.6220340854517215,0.5088424540651983,0.7180998872410628,0.2824332595510995,0.6388805219274907,0.22765235877706647,0.7166656274816244,0.38739471281083854,0.6574074074074073,0.3884297392665671,0.18575852008431648,0.30434976180936235,0.3404258100500249,0.4418603654299446,5.0
2021-04-11 23:22:33.460,0.5010932515266864,0.6224272578149881,0.5059736745363637,0.7263116191573831,0.2840462018292199,0.6278574953376508,0.23141211671276943,0.7150629985947028,0.39897651932260225,0.6805555555555555,0.39462808650258757,0.19195047181811198,0.5,0.31914837989995015,0.4767442414278086,5.0
2021-04-11 23:22:33.480,0.4964599761144257,0.611226997392176,0.507904660206243,0.7344457773578936,0.28571460747420785,0.6206925280542435,0.23446041708848045,0.7133778058852577,0.4064688034868944,0.6712962962962963,0.3904958555756204,0.19814242203145277,0.5652152620096913,0.29787312847506653,0.4418603654299446,5.0
2021-04-11 23:22:33.500,0.4988929557433201,0.6157058707890481,0.5048087387033116,0.7416476657237742,0.2866859202442401,0.6166486153925036,0.23619266158239996,0.712418900743211,0.41070868181174625,0.6249999999999999,0.3884297392665671,0.23529412331149774,0.6521704287431427,0.2765978770501829,0.41860460685775314,5.0
2021-04-11 23:22:33.520,0.4934383865363304,0.6376284897686669,0.503287086712784,0.7432794842456092,0.28058438680883946,0.6167094983882044,0.23059098782929485,0.7185162904245832,0.41078699264461593,0.5879629610682604,0.38429750833959986,0.26625387437820186,0.4347802858287702,0.2340430167500333,0.41860460685775314,5.0
2021-04-11 23:22:33.540,0.4907752884423184,0.6345081801481023,0.5049061235319889,0.7416629034179557,0.27099907823825714,0.6148413517306799,0.22215473217700335,0.728122471268818,0.41298553024527934,0.6018518507150303,0.3884297392665671,0.29721363051308813,0.3913004763812753,0.12766022345005407,0.4418603654299446,5.0
2021-04-11 23:22:33.560,0.4832280321307557,0.6093955444063404,0.5073820188654192,0.741842985258224,0.258919888938127,0.6108166652781052,0.2118849969629407,0.7402298905703881,0.4175265313897015,0.6435185185185185,0.3904958555756204,0.2910216752315651,0.21739014291437248,0.2765978770501829,0.41860460685775314,5.0
2021-04-11 23:22:33.580,0.4872514438717885,0.5453477868410276,0.5066847272489137,0.7489298982953195,0.2542345013674381,0.6062280100232624,0.20854423972463595,0.7449216397380696,0.42246923505929157,0.6759259297153306,0.39462808650258757,0.29721363051308813,0.21739014291437248,0.2340430167500333,0.534883875997864,5.0
2021-04-11 23:22:33.600,0.4928309656759146,0.5614132199815821,0.5058730836896751,0.7582525966416125,0.24753610327335074,0.6026134826996151,0.2031562844480355,0.7516439107981834,0.426452199618175,0.6944444406550395,0.398760317091327,0.3095975208034054,0.5652152620096913,0.40425592177504577,0.41860460685775314,5.0
2021-04-11 23:22:33.620,0.4996545213856349,0.5699915368949436,0.5063260327720167,0.7690907529360261,0.2391096130684075,0.5988323282298439,0.19621605813141624,0.7600921425962867,0.4306376794421245,0.7037037074931085,0.398760317091327,0.3281733714434279,0.4782600952762652,0.25532044690010813,0.6279069102866297,5.0
2021-04-11 23:22:33.640,0.5021827729415869,0.5568813895199016,0.5091237600562947,0.7814859245263162,0.22991114036623644,0.5904304748232816,0.18957953701829197,0.7693053744594804,0.43970591775982026,0.6944444406550395,0.398760317091327,0.3281733714434279,0.6086950714571863,0.31914837989995015,0.6046511517144383,5.0
2021-04-11 23:22:33.660,0.5028864425716157,0.5750908655045377,0.5100081787632316,0.7922991464120769,0.21904369893921222,0.5811506245313597,0.18162696002339615,0.7801931787893875,0.44974396137607836,0.6851851851851851,0.3966942026425269,0.3157894760849284,0.6521704287431427,0.29787312847506653,0.5116278792860958,5.0
2021-04-11 23:22:33.680,0.4986548977908515,0.5508387113784499,0.5075171497266898,0.8032952206279571,0.21187287683697745,0.5751904996891773,0.17631774313288476,0.7873892497106835,0.45621204174090635,0.655092594487295,0.3863636238030835,0.3003096030856674,0.3478251190953188,0.25532044690010813,0.6279069102866297,5.0
2021-04-11 23:22:33.700,0.4962590499621476,0.5611335509698707,0.505406849980232,0.8128883187836429,0.20504778577288474,0.5692624185289341,0.16841578367191476,0.7977898932288753,0.4642231249013407,0.6064814818604218,0.3925619701935343,0.26006192619213386,0.13043497618094635,0.25532044690010813,0.5813953931422469,5.0
2021-04-11 23:22:33.720,0.5033766050549726,0.5857549715902142,0.5033384267297377,0.8182381346845935,0.197968745688918,0.5664041220992446,0.1616161616161717,0.8047725315301293,0.46221391380532906,0.611111111111111,0.39462808650258757,0.24148607453847498,0.4782600952762652,0.042554860300137234,0.5116278792860958,5.0
2021-04-11 23:22:33.740,0.49882382243627926,0.5858881515694769,0.5031456150468067,0.8208185689311736,0.19454127854040565,0.5699032921678818,0.16117747632226118,0.8053245272107753,0.4625000092444586,0.6041666662877261,0.3904958551528355,0.24148607403165676,0.30434976180936235,0.17021072629982126,0.3720930897133703,5.0
2021-04-11 23:22:33.760,0.4841239556977375,0.5947921536810119,0.507269774776692,0.82459613184207,0.19471695945881098,0.5719925402308396,0.16073879102833066,0.8058765228914198,0.4627861046835877,0.5972222214643412,0.3863636238030835,0.24148607352483853,0.5217399047237348,0.1914903351750873,0.534883875997864,5.0
2021-04-11 23:22:33.780,0.48968039292047744,0.6125708167546224,0.508072112773228,0.8260248734578743,0.1895777295155764,0.5636916244224203,0.15676812670129345,0.8123129038689889,0.47214965208378723,0.5648148148148148,0.3822313923687744,0.24148607453847498,0.3913004763812753,0.25532044690010813,0.5116278792860958,5.0
2021-04-11 23:22:33.800,0.49235368987450506,0.6024926007637451,0.5079189585097571,0.8254234001113708,0.18818255837589676,0.5578845081615321,0.157094328586531,0.813414668405189,0.4787753812763812,0.5648148148148148,0.3863636238030835,0.21671827267147528,0.30434976180936235,0.2765978770501829,0.7441861794267406,5.0
2021-04-11 23:22:33.820,0.4950269868285327,0.5924143847728679,0.5077658042462863,0.8248219267648712,0.18678738723621716,0.5520773919006349,0.15945085599872239,0.8115513296886477,0.48198016788429177,0.6064814818604218,0.39462808650258757,0.19814242203145277,0.17391033346690282,0.21276558659997089,0.6976744241427808,5.0
2021-04-11 23:22:33.840,0.5043140575584529,0.6018805181881358,0.5073763957473184,0.8273862921703207,0.19159299235844288,0.5466203528650198,0.16180738341093376,0.8096879909721066,0.4851849544922028,0.6481481519375529,0.40082643272392454,0.24148607453847498,0.021739904723747476,0.28723441340002914,0.6860465448566851,5.0
2021-04-11 23:22:33.860,0.500992238718855,0.6282757132273278,0.5065966163881048,0.8307457881628056,0.18651063348174193,0.5463095291501332,0.1595127218735095,0.8128918783920547,0.4883152513099809,0.6481481519375529,0.398760317091327,0.27863777987306565,0.08695516673345141,0.36170324020009975,0.6046511517144383,5.0
2021-04-11 23:22:33.880,0.504471622890258,0.6351380819670909,0.5040777431971049,0.8341052841552907,0.181428274605041,0.5459987054352465,0.15009786056556526,0.8229321188343496,0.48710989721559406,0.5740740714214906,0.3884297392665671,0.3157894760849284,0.5217399047237348,0.31914837989995015,0.6046511517144383,5.0
2021-04-11 23:22:33.900,0.49297998136199267,0.6310951734115301,0.5038433278465896,0.8334824780369424,0.1616073002178545,0.5484532514724094,0.13622865627318811,0.837804227130676,0.4856331669139116,0.4999999999999999,0.380165276397949,0.3281733714434279,0.30434976180936235,0.2765978770501829,0.534883875997864,5.0
2021-04-11 23:22:33.920,0.4872772162751064,0.5789054861580114,0.5023792764994787,0.8266920074138298,0.15080292373589882,0.5528560533719539,0.12550898742435362,0.8486272822387754,0.4812412686091973,0.5416666647719641,0.38429750833959986,0.27863777987306565,0.30434976180936235,0.2340430167500333,0.534883875997864,5.0
2021-04-11 23:22:33.940,0.48944380029588075,0.5427782294938331,0.5025533493171004,0.8255893524534106,0.1496519884883944,0.5563782948915894,0.12369800454432507,0.8497886571696577,0.4775663293987001,0.6296296296296295,0.3904958555756204,0.22291022288481607,0.3478251190953188,0.2340430167500333,0.7906976965711234,5.0
2021-04-11 23:22:33.960,0.49484523718299517,0.4830259955584502,0.5025731405582585,0.83544675534081,0.16123510442597505,0.5575562206399738,0.13395649141750643,0.8381680560913253,0.47603027021838995,0.6574074074074073,0.39462808650258757,0.21671827267147528,0.3478251190953188,0.2765978770501829,0.7441861794267406,5.0
2021-04-11 23:22:33.980,0.49413631524716245,0.5133085219044173,0.5050830142615098,0.8461851740006123,0.17001633494693155,0.5555413139191371,0.14237025038807535,0.8293583934518997,0.4779342177499676,0.6203703715071917,0.3904958555756204,0.23529412331149774,0.6521704287431427,0.3404258100500249,0.5813953931422469,5.0
2021-04-11 23:22:34.000,0.4965622105582016,0.582287004587229,0.5112732606906265,0.8506539741291641,0.17004336278053123,0.5448098848350004,0.14470990528898478,0.8293299586084601,0.48924684618117187,0.6018518507150303,0.3822313923687744,0.24767802373817938,0.4782600952762652,0.3404258100500249,0.5116278792860958,5.0
2021-04-11 23:22:34.020,0.5017507508412509,0.5723309472748321,0.5067432301080131,0.8542445289751683,0.17062896584188567,0.5378147490659309,0.14674585498639925,0.8287441323158912,0.496606174492806,0.662037037037037,0.380165276397949,0.25386997395152017,0.6521704287431427,0.2765978770501829,0.534883875997864,5.0
