2021-04-25 16:42:04.820,0.9215167069127128,0.7716798825994774,0.23362761619031494,0.3171036944048776,0.5784306212792238,0.49220162382658456,0.2296774347252073,0.3564242831587519,0.5792391919351892,0.44622225691902256,0.6633522881523137,0.4997784740625433,0.665289062113222,0.17713017817369411,0.8935185066666667,5.0
2021-04-25 16:42:04.840,0.6175009152908667,0.7430307233110285,0.9731070429419212,0.3172792568211132,0.5765567764874502,0.4878897119608671,0.22855591130024183,0.35894806871566226,0.5966888603077818,0.4937778114721542,0.4098011458928105,0.504652200446747,0.6559915007991007,0.1804934210299753,0.920138885925926,5.0
2021-04-25 16:42:04.860,0.1891826520178744,0.5967326918174661,0.14976515516751965,0.31745481923734875,0.5746829316956765,0.4835778000951501,0.22414023565168945,0.361576264809181,0.581786304995038,0.4777778113266411,0.5610795585014218,0.48382809649194763,0.6466939394849784,0.18385666388625516,0.9467592651851852,5.0
2021-04-25 16:42:04.880,1.0,0.733700548087146,0.3094046284954504,0.3225967356638323,0.5750636609613984,0.5135232101067266,0.2237280581357936,0.3598713767873734,0.5564988779715871,0.5248889243617593,0.7372159378600971,0.4787328383678134,0.6487599231746028,0.18834091116249452,0.9537037037037037,5.0
2021-04-25 16:42:04.900,0.5224292320646443,0.6888164626172146,0.9911268325159733,0.3248552825034545,0.5742325405052058,0.49942653229643186,0.22416911970267558,0.3607234132374066,0.5720188975895227,0.49755558783926296,0.46661932845086584,0.467545423215393,0.6570247042141846,0.19506716727865547,0.9351851614814816,5.0
2021-04-25 16:42:04.920,0.09772313498816561,0.5746259199763379,0.1452423082443828,0.3323081644974212,0.5733087384260476,0.5111904661707553,0.2219669743556009,0.36167092199254014,0.5593014865439608,0.4431111459210883,0.7265625227081709,0.43686310143819385,0.6776858105320527,0.1928253880351353,0.9259259259259259,5.0
2021-04-25 16:42:04.940,0.9191309758284285,0.7063542179673803,0.285816470656894,0.3350496087869373,0.5773603034472881,0.53242553300756,0.22740771756542458,0.3555154880017219,0.5418217730986503,0.38666671080565307,0.5575284220552102,0.43088170656266317,0.6859501684310925,0.19730940571497585,0.9259259259259259,5.0
2021-04-25 16:42:04.960,0.6001914462149945,0.6362072947777909,1.0,0.33229123770497515,0.5812811805106879,0.5204021477934688,0.23342635262745776,0.34915767895789357,0.5261967132294622,0.3991111475217329,0.3892045428782003,0.4060700077165649,0.6694214526330129,0.2040358914275369,0.9583333451851852,5.0
2021-04-25 16:42:04.980,0.08718746868479231,0.5130851376569476,0.31718002431804243,0.33098967432554227,0.5855517551089919,0.5400143509579549,0.24068995353673608,0.34119187831810177,0.4975374637432196,0.45911114533903574,0.659801157519394,0.3792645009078333,0.6776858105320527,0.22645735740513767,0.9722222222222222,5.0
2021-04-25 16:42:05.000,0.7406044012443611,0.6497199934967088,0.5197570148240505,0.331188126960349,0.5933952055716529,0.5655568449861164,0.2533086996653244,0.33172110060585747,0.515995915484503,0.5657778044875234,0.7372159378600971,0.36996012540016215,0.7066116978895024,0.23991032883025976,1.0,5.0
2021-04-25 16:42:05.020,0.0,0.4304051806393418,0.5326882475883107,0.3296350725312632,0.6027729988304815,0.5473804508854158,0.2635003421811297,0.32277542057166586,0.5044948905240006,0.6755556037365738,0.7215909374967664,0.3469206906278371,0.7148756326480002,0.26905828052042163,0.9768518637037037,5.0
2021-04-25 16:42:05.040,0.4435548979423526,0.44861842507540167,0.0,0.33781609522174727,0.611685182943654,0.5570482675783188,0.27729026278583074,0.31015742970865595,0.4689466318073662,0.737777823695258,0.5227272854636664,0.3185644600076462,0.7066116978895024,0.3026904794868241,1.0,5.0
2021-04-25 16:42:05.060,0.7865774373540656,0.570407640703588,0.5657549599988158,0.3615566177141395,0.6321618213566553,0.5770079037258999,0.2990983537777598,0.2947478342660372,0.4925466915807637,0.7817777966298137,0.5163352392791565,0.28998671451096425,0.6942145263301323,0.338564916889547,0.9722222222222222,5.0
2021-04-25 16:42:05.080,0.4567114531409209,0.4898175239050463,0.4448234495960618,0.39069610788780973,0.6565082504869534,0.5487643696812476,0.3224145295631423,0.27863469506853134,0.5071472992769718,0.7804444815341275,0.512784102832945,0.2514399745329426,0.7107436652687513,0.38116561040843083,0.9675925807407407,5.0
2021-04-25 16:42:05.100,0.37560398998977523,0.5375173970150273,0.4102725491697987,0.41353737967599347,0.6752226482875825,0.533981171143733,0.3495037635707601,0.26064683208135164,0.519437706029833,0.7751111483948117,0.5333806942209719,0.2122286337139829,0.6880163636909866,0.44058286260331475,0.9050925985185185,5.0
2021-04-25 16:42:05.120,0.44604717832796964,0.5667850183509417,0.4287794698563768,0.436850207793355,0.6972844494760662,0.5181569575398525,0.382565354909087,0.23979485615645008,0.531579716382892,0.793333359040655,0.5802556953109641,0.18032786587988028,0.640495988416105,0.5022421236381204,0.8749999881481482,5.0
2021-04-25 16:42:05.140,0.5110077222747899,0.597605540500763,0.4418210038455292,0.4622331469736496,0.7219433268488441,0.5012589185283566,0.4210082346953533,0.21695954849675952,0.5434572141254246,0.830222250225418,0.6171875201648556,0.15440850561421984,0.6239668494774859,0.5515697620623641,0.8703703703703703,5.0
2021-04-25 16:42:05.160,0.5174985722482301,0.6149332753788334,0.4586867618790763,0.49123198517939626,0.7483207606807403,0.48020038559283673,0.46417513264526017,0.1931063692741527,0.5579118393474992,0.8760000299757073,0.5980113775420217,0.14155958019972553,0.6074377105388643,0.6008967116974089,0.8287037155555556,5.0
2021-04-25 16:42:05.180,0.4599069566983285,0.6186711690424379,0.44115562249060614,0.5248326019597949,0.774922447309635,0.453060348916581,0.5101251459487904,0.16967682849584653,0.5765862493087104,0.935555539710791,0.5440341041409356,0.14244572674279662,0.5578511400040884,0.6479818820889321,0.77314816,5.0
2021-04-25 16:42:05.200,0.37382893316791516,0.5932355109088919,0.41076300057265624,0.5639590439873262,0.8005552597949586,0.416675998593435,0.5572661098158969,0.14771951938211003,0.602091685750303,0.985777800122129,0.4651988721283937,0.1475409877681677,0.5289256757871782,0.7017937677894166,0.7453703585185185,5.0
2021-04-25 16:42:05.220,0.3104711846881161,0.6038740579826242,0.3853328078799555,0.6083615179848995,0.8244889605966974,0.36897832163692224,0.6045946302651724,0.127786166921211,0.6357597415950046,1.0,0.38565340643198875,0.14909173515217683,0.4586775757939923,0.7556051942971008,0.6944444681481481,5.0
2021-04-25 16:42:05.240,0.28759138498129294,0.6596663982242034,0.36879228542610326,0.6559420694195602,0.8468812668920352,0.3123216383487269,0.6521481933131524,0.10964966133143883,0.6747855118480326,0.9764444780418121,0.3473011444394876,0.15064246440345536,0.4214873305375027,0.7982063470087835,0.6388888651851853,5.0
2021-04-25 16:42:05.260,0.31475206780135984,0.7256083966400927,0.37103141091205105,0.7040083366065681,0.8681190554117781,0.25183934059773305,0.6999071493718667,0.09291969983694659,0.71426009346618,0.924888917086102,0.34517045094517723,0.15396545047541485,0.36776836948293357,0.8295963075388669,0.5879629748148147,5.0
2021-04-25 16:42:05.280,0.3733065400785884,0.7875882885773862,0.3677832497306756,0.7501845415108744,0.8886554581204534,0.1939947089758394,0.7475061679044642,0.07719006136489431,0.7486829800359407,0.8577777829515782,0.3508522692591157,0.1648205552343645,0.33057854736698594,0.8609864976653492,0.4953703822222222,5.0
2021-04-25 16:42:05.300,0.411290756327113,0.8228836218971315,0.3660393034406361,0.7926350694158505,0.9084004991208913,0.14206036104214234,0.7938562147725265,0.06249112091166436,0.775942510252798,0.7520000344866147,0.34765625808410877,0.18985379615604975,0.28925591159070785,0.8766814779303902,0.46296296296296297,5.0
2021-04-25 16:42:05.320,0.40427857742715584,0.8503420911304495,0.3582629045577985,0.8302640930211624,0.927000219009577,0.09829550277211745,0.8374725021726288,0.04903378888551139,0.7952435191204625,0.6573333676259304,0.3565340991996376,0.2197607342682424,0.20247909579943998,0.9058296592169521,0.44907406222222224,5.0
2021-04-25 16:42:05.340,0.4000126535609105,0.8988718211727635,0.3611018386147942,0.8627913779876775,0.9442885451037618,0.0633503495371247,0.8775475627553443,0.03687020497023194,0.8070644748051298,0.6290000335044009,0.3707386449844838,0.23953256395432204,0.1528925252646641,0.9237666483219148,0.42592592592592593,5.0
2021-04-25 16:42:05.360,0.4138013353247958,0.9212756191517188,0.36932231426059875,0.8901615769298651,0.960090053844504,0.03682746824707901,0.929251015474683,0.021324680950341585,0.8127171607125295,0.6006666993828714,0.38494319076932987,0.25930439364040175,0.11570228000817452,0.955156838448397,0.42592592592592593,5.0
2021-04-25 16:42:05.380,0.42759001708868116,0.9436794171306742,0.3775427899064032,0.9127922841737828,0.9742387146069684,0.01875253656034913,0.9708562033875721,0.008881922523278128,0.8105077034881865,0.5924444774597596,0.40767045821179193,0.31191848786372717,0.053718537914026,0.9596410857246377,0.3333333333333333,5.0
2021-04-25 16:42:05.400,0.4282274284417021,0.9452457196541123,0.37446321794171183,0.9322667694068074,0.9860669140849625,0.006446162152986179,0.9803023422224525,0.006057057228938602,0.8086302312898409,0.5982222550273517,0.43181818604603034,0.3524590176716515,0.04958657053477709,0.9730940571497585,0.37499998814814817,5.0
2021-04-25 16:42:05.420,0.4162040292751189,0.9619042129666716,0.37056693501478416,0.9493403716419045,0.9948880007565937,0.0,0.9897484810573332,0.0032321919345990754,0.8067527590914954,0.6088889249438119,0.4708806927676489,0.3961010223015904,0.012396325278287497,0.9910312758511198,0.3333333333333333,5.0
2021-04-25 16:42:05.440,0.40687997052712416,0.9669991577005463,0.37932521723495666,0.9640546778179878,1.0,8.259646775305276e-05,1.0,0.0,0.8020730640379994,0.6213333689355488,0.5248579667500641,0.44173682764107025,0.028925464216907837,0.9977577615636796,0.3148148148148148,5.0
2021-04-25 16:42:05.460,0.39755591177912947,0.972094102434421,0.3880834994551291,0.9824151458154461,0.9994343210578339,0.01046061439503818,0.9968616213608731,0.00035757610639441397,0.7960025007759047,0.6231111502864826,0.5710227428761308,0.492467884939556,0.0,0.9887892670111996,0.29166667851851846,5.0
2021-04-25 16:42:05.480,0.39253336815510526,0.9507328858449611,0.40834655549111654,0.9964083638422355,0.9907318797613588,0.031316044185544026,0.9753779277780659,0.005882649283948825,0.7903042184947577,0.6048889287271536,0.6065341050129294,0.5485157380859075,0.012396325278287497,0.9730940571497585,0.310185197037037,5.0
2021-04-25 16:42:05.500,0.37722524203052904,0.9510378295312938,0.40869807714960105,1.0,0.9790668930279669,0.05821160815608018,0.9469623465824685,0.013430582916136967,0.7825158469749934,0.5675555858384572,0.6200284235085332,0.6078865736776724,0.0,0.9865470285748792,0.2962962962962963,5.0
2021-04-25 16:42:05.520,0.339893712305358,0.948437906603827,0.41079969434018704,0.9976866575509297,0.9626855598666785,0.09593044778269876,0.9074453174315036,0.024297935878457556,0.7700618041603817,0.5044444770232202,0.573153422418541,0.6632698259830858,0.051652765794671325,0.9730941719479579,0.25925925925925924,5.0
2021-04-25 16:42:05.540,0.28378432035911944,0.9425837405395362,0.40866452022502026,0.9884452621445301,0.942114291147367,0.14214188760746302,0.8587286337084886,0.03838150626309091,0.7527153087589739,0.4128889211604702,0.5333806942209719,0.7151085646471373,0.13223141894679366,0.941704096619675,0.23148145777777784,5.0
2021-04-25 16:42:05.560,0.25186634203788955,0.9363271572606735,0.4089953423675269,0.9713588654954034,0.9179227192561066,0.197753632853708,0.8023547880690737,0.055553919586441305,0.7279052872635406,0.31777782078499534,0.5589488766336949,0.7693841428400774,0.18594995686082086,0.9372196197470356,0.27314816,5.0
2021-04-25 16:42:05.580,0.3061278263499127,0.9374196248662726,0.407817744275208,0.9473672594187732,0.8899306821089866,0.2646300241726622,0.7385150055807359,0.07622798347978711,0.6925470491993813,0.24177783446323076,0.5759943350634852,0.8236597572984784,0.2520656663342183,0.9013451823443127,0.3148148148148148,5.0
2021-04-25 16:42:05.600,0.28730637779375995,0.9103900884532927,0.4144008474410807,0.9192568078706087,0.8576005674117281,0.3361672671196869,0.6683345624867438,0.10114748247823212,0.650191211011588,0.18355559980771896,0.53409092162648,0.8717324184863042,0.34297487264527465,0.8677129833779101,0.36111113481481477,5.0
2021-04-25 16:42:05.620,0.24873819111831985,0.8594774994181641,0.42173139677265636,0.8893959663928978,0.8213312103619931,0.4036834600929959,0.5948343510217573,0.13038406297207075,0.6067216207275751,0.1248889461887307,0.4751420565031027,0.906291589684159,0.40909058211867205,0.8139013272738259,0.3981481718518518,5.0
2021-04-25 16:42:05.640,0.2845921862072085,0.8342575180084763,0.4256842238684569,0.8584676266478273,0.7821967560618841,0.46458123662176176,0.5210903539497991,0.1633828425474398,0.5640515124074502,0.05644443875326376,0.48721592042022194,0.9286664181757269,0.4586775757939923,0.7825111371473423,0.4120370251851852,5.0
2021-04-25 16:42:05.660,0.429930177617641,0.8256581382859467,0.4357519604732042,0.8260802890736223,0.7414711667625166,0.5229845356302475,0.4495545320340994,0.199242081066518,0.5185527813149382,0.0022222403305243595,0.573153422418541,0.9388569220937386,0.5454543915852578,0.7466366997446194,0.4907407170370371,5.0
2021-04-25 16:42:05.680,0.49518592697892155,0.8653816536087342,0.4061109219421736,0.2321038791649767,0.7570754939835171,0.3116804101577966,0.4995475534787148,0.1853248329939694,0.7135154037833495,0.0,0.6619318335738292,0.944395220125184,0.619834458957695,0.6995515293530962,0.5231481362962963,5.0
2021-04-25 16:42:05.700,0.5487172958381479,0.7875177098555673,0.4577421457164393,0.22119772777930022,0.6886325477728132,0.5121655039204793,0.3704818070536963,0.2479257423718916,0.5391757069673047,0.10244448073380533,0.689630700760925,0.9468321140522642,0.7024793073697115,0.6390133875364508,0.5648147911111112,5.0
2021-04-25 16:42:05.720,0.5082620381200854,0.6671891988485573,0.4988304403359383,0.22733439461662125,0.61650724894783,0.6792510968283099,0.2637309929240402,0.31795800423456677,0.37346583017969054,0.2173333727188905,0.6413352479990941,0.9421798900329674,0.7355371621064103,0.5919282171449275,0.6250000118518518,5.0
2021-04-25 16:42:05.740,0.42946498327934185,0.5917665539334721,0.5027719757626316,0.21100547277834342,0.5747381887849095,0.7115628635439305,0.2132505267649736,0.360204920856223,0.3394095818799755,0.2437778216580742,0.6383167820198142,0.9292202189665025,0.7809913421213976,0.5403585698807635,0.6296296296296297,5.0
2021-04-25 16:42:05.760,0.43578414831946527,0.5546219236754404,0.49892357582073393,0.19947286029490527,0.5336737388731232,0.7337617341549233,0.16889579857232676,0.40281081896658627,0.31486261314478314,0.27022227059725795,0.6352983160405344,0.9162605479000376,0.7933885136807679,0.4932733994892402,0.6435185303703703,5.0
2021-04-25 16:42:05.780,0.5184061368495638,0.5153425466452355,0.5113753629522542,0.19035293542202034,0.49424115004057034,0.7500358417314733,0.11561379030010316,0.4645103582906964,0.28838081401660626,0.30666670280243036,0.6477272877889831,0.8843597800659349,0.8305783357967156,0.4461882290977156,0.652777765925926,5.0
2021-04-25 16:42:05.800,0.5452044888604324,0.48645907642836594,0.5176778586734244,0.17880331125750798,0.44015021460611337,0.7678235046152024,0.0748734688817571,0.5221420559879392,0.26842494032239317,0.30666670280243036,0.6455966059212561,0.8633141532562432,0.8801653294720359,0.3946188114299517,0.6712962844444444,5.0
2021-04-25 16:42:05.820,0.5760081701099723,0.4633503894627723,0.5247105715254905,0.1673852305111223,0.3907567415962049,0.7804296300206064,0.054639980333545245,0.557763756788547,0.25877983848410574,0.29511114766724605,0.6576704756516671,0.8416039256056133,0.9008264357899038,0.36322862130346945,0.7083333214814815,5.0
2021-04-25 16:42:05.840,0.610451833829647,0.4399425250307982,0.5328062157873316,0.15995695348601474,0.36920219740263216,0.7848584733062909,0.038876245967301416,0.5908399260832614,0.2506833325457209,0.281777811181128,0.6654829758333325,0.8194506065507172,0.9380162579058515,0.30717495635946485,0.72685184,5.0
2021-04-25 16:42:05.860,0.6448954975493216,0.4165346605988242,0.5409018600491725,0.15252867646090718,0.34764765320905944,0.7892873165919755,0.02687892859989082,0.6212614499893345,0.24412312553562965,0.2666667151710474,0.6590909302301518,0.7953035212384684,0.9421486484256424,0.28475349038186276,0.7685185422222222,5.0
2021-04-25 16:42:05.880,0.6820598445258135,0.381863060215642,0.5431922998444239,0.13467000212196106,0.30955646088486427,0.7955559106046592,0.017957235581271342,0.6490633974800727,0.2392471770480371,0.2528889269809959,0.659801157519394,0.7709348902240865,0.9462810389454333,0.2331838431176987,0.7453703585185185,5.0
2021-04-25 16:42:05.900,0.721765155673717,0.3663013668761592,0.5405115381966415,0.12093157561468565,0.28752040474741875,0.7984139766347572,0.011577444465668057,0.6740866389900668,0.23550472631319472,0.2568889377489685,0.6740057033042401,0.7485600617325185,0.9421486484256424,0.19955164415129623,0.7777777777777778,5.0
2021-04-25 16:42:05.920,0.7508492795174376,0.33638831284622794,0.5423505606516739,0.10649672280235614,0.2680549325142919,0.8009277480622288,0.007230921873491327,0.6962492960088651,0.23224982981185427,0.27777782224012676,0.698153419511895,0.7297297468823127,0.9586775757939917,0.14798199688713218,0.7638889007407407,5.0
2021-04-25 16:42:05.940,0.7560558512548696,0.30665339780376466,0.5502065338593446,0.09228465170565152,0.2507445232114402,0.8034184452605818,0.004393538237212798,0.7159932816354393,0.22907863394796907,0.3106667026569172,0.7123579769233246,0.7137793629652613,0.954545396844473,0.10986532104808892,0.8009259140740741,5.0
2021-04-25 16:42:05.960,0.7338768249283685,0.2711056874884166,0.5563103002808355,0.07904864703273619,0.23529673274217286,0.8056208394169176,0.0026720909649420865,0.7336328234272135,0.22630308433285606,0.35377781947537706,0.7038352436391253,0.6989366531606837,0.9710745357830922,0.08520207582696665,0.8055555792592592,5.0
2021-04-25 16:42:05.980,0.6905971793477923,0.24458792975876675,0.563771105299441,0.06754472690560079,0.2213890343859055,0.8061379589257325,0.0017195497798697156,0.7495244322107892,0.22562518248128569,0.4044444806610487,0.6889204821916203,0.6836508700845704,0.9462810389454333,0.0672646275292051,0.8425926162962962,5.0
2021-04-25 16:42:06.000,0.680981972860301,0.2189730203474331,0.5650342209826472,0.05804915287558224,0.20924761602425582,0.8050441620060529,0.0013349913200265244,0.7634024326399554,0.22694720655157305,0.44666670134729886,0.6938920674030247,0.6632698259830858,0.958677364223722,0.044843161551603,0.8425926162962962,5.0
2021-04-25 16:42:06.020,0.6950334080612106,0.20536616326199778,0.5670081309029024,0.05011413742937474,0.19924861223604345,0.803736027965823,0.0013567070663881456,0.7748318884956931,0.22855292180796646,0.46933336609804244,0.7059659371334356,0.637793538988961,0.9256199326275628,0.022421236381201998,0.8425926162962962,5.0
2021-04-25 16:42:06.040,0.695445804405102,0.19457117382984607,0.5731330795966388,0.04279610951003132,0.1916804637653267,0.8025983650464303,0.0015814544996079643,0.7834822971438612,0.2299565544467959,0.4604444786238647,0.698153419511895,0.6101019164628004,0.9338842905266026,0.004484247276240661,0.8425926162962962,5.0
2021-04-25 16:42:06.060,0.6656318267152753,0.1980915779060635,0.5900253329033585,0.18484393510097993,0.18157619014012769,0.8694117747755522,0.005802110095882584,0.7950288170363967,0.14828955868585375,0.442666701492812,0.6839488853536324,0.581524158273207,0.9462810389454333,0.013453201021520882,0.8194444325925926,5.0
2021-04-25 16:42:06.080,0.6350227664331125,0.20654870050305707,0.5681906209254031,0.1504889130825252,0.18319936205434625,0.7983729637081962,0.0019464055379789468,0.7931742192583604,0.23515039012359554,0.4573333676259305,0.659801157519394,0.552060266233454,0.9421486484256424,0.013453201021520882,0.8287037155555556,5.0
2021-04-25 16:42:06.100,0.600865801753563,0.18525756967456528,0.5808198145486433,0.14180244652251991,0.18284053655019172,0.7935594726664894,0.001810629415095774,0.7935841261805456,0.2410428823038813,0.44022225531837794,0.6161221745803588,0.5048737330933141,0.9297519000068117,0.006726485712561042,0.8749999881481482,5.0
2021-04-25 16:42:06.120,0.5366006549478693,0.15230897648529346,0.6007942145201499,0.13265888865556777,0.18535262630783636,0.7863469037380252,0.0014085718586697863,0.7907137190039066,0.24986510370301307,0.37333337431953506,0.5447443311395134,0.4618963314802408,0.9049588263096947,0.0,0.8425926162962962,5.0
2021-04-25 16:42:06.140,0.46098762511672536,0.17588012708909942,0.5847844986747804,0.12241344244023426,0.19003813026552813,0.7775038035031456,0.000889396854632337,0.785359277977529,0.2606827399205831,0.3613333674804174,0.4495738740903797,0.4370846290075964,0.9338842905266026,0.004484247276240661,0.8287037155555556,5.0
2021-04-25 16:42:06.160,0.34421094877208913,0.19494871548148288,0.5522668303317695,0.11079626390546828,0.19653300072813462,0.7674176549593186,0.00039130509948976,0.7779360589086797,0.27302719306424234,0.37866670382102235,0.31818181976726134,0.4023039411199776,0.9338842905266026,0.002242008839920279,0.810185197037037,5.0
2021-04-25 16:42:06.180,0.26562891578658926,0.1677236726910591,0.5504768988252288,0.09874666269908529,0.20513940677368495,0.7513664437227754,0.0,0.7613604685424704,0.3076246824282815,0.4111111434473649,0.2705965797614434,0.3506867554111513,0.9462810389454333,0.0336324285628026,0.810185197037037,5.0
2021-04-25 16:42:06.200,0.4106684095288685,0.19007262166534503,0.5567595425358695,0.08285260832491402,0.2252191520832953,0.7129780948176064,0.0012141843038584038,0.7356744860233464,0.35684529801764336,0.45377781219971997,0.27130682449056087,0.2866637284390048,0.9628097547435104,0.060538141816645366,0.7870370133333334,5.0
2021-04-25 16:42:06.220,0.5545950550127833,0.21870451784399783,0.5416813639130464,0.07089504336913331,0.2559365544592366,0.6717134558775804,0.0028714330832436256,0.722871425048202,0.37348764363815634,0.48666669989216743,0.30752841042862683,0.2204253351091805,0.958677364223722,0.08744385507048683,0.77314816,5.0
2021-04-25 16:42:06.240,0.6417188645914901,0.29411837032830723,0.5229220024644171,0.06871188187570833,0.27765067654220127,0.6553209457652189,0.004528681862628847,0.7100683640730576,0.3901299892586694,0.5142222566279963,0.3643466051945947,0.162826770844281,0.9710745357830922,0.13901350233465087,0.7037037037037037,5.0
2021-04-25 16:42:06.260,0.6740564733467123,0.37627545325143236,0.4944216011330398,0.06652872038228336,0.299364798625166,0.638928435652858,0.015989219713174983,0.6606472846144562,0.4296263498506303,0.5702222560459437,0.40056819113266057,0.1138679812461147,0.97933847054159,0.1793721870136144,0.6805555674074074,5.0
2021-04-25 16:42:06.280,0.5924647296538721,0.39211362178811116,0.48066939520509316,0.07016601983088341,0.3502941965097706,0.6149720719801826,0.03595684849282197,0.6030502342758262,0.45750641733837233,0.680888933238061,0.41832387336371823,0.07332743874527892,0.9442148436855378,0.2634529140260208,0.6527777896296296,5.0
2021-04-25 16:42:06.300,0.4589632881566661,0.3359677034802563,0.4746218039121281,0.08071692928562496,0.3886698699656221,0.5994381585695262,0.05671921033956279,0.5600874440117939,0.4746889292770867,0.8040000362327723,0.42116477670739577,0.04740807847961847,0.9090907936889436,0.3677130981761089,0.620370394074074,5.0
2021-04-25 16:42:06.320,0.32161710402280147,0.3170882319342883,0.46450881507581315,0.09928475473497951,0.428336188645109,0.5807620843696529,0.08328030896236253,0.5161762361787325,0.49472282641320015,0.8662222016240284,0.38139206013641,0.02835621792727954,0.8842972968512848,0.4237667631201135,0.5972222103703704,5.0
2021-04-25 16:42:06.340,0.2428867367181396,0.414629513850541,0.42930600353549236,0.1240183468433727,0.4677488560457704,0.5578061151343405,0.1149321688633304,0.4731501568645576,0.5186778584264524,0.8697777788772102,0.3316761382628652,0.01417810896363981,0.8471070515947952,0.4955156379255593,0.5370370370370371,5.0
2021-04-25 16:42:06.360,0.23149373208105017,0.5418477120691512,0.40609114502706334,0.15187421060473044,0.5065148129234548,0.5306659001410131,0.15123625846545138,0.43151832923503547,0.5460761191227615,0.8586666863594451,0.303267046693173,0.002879930933154643,0.826445945276927,0.5426008083170839,0.48148148148148145,5.0
2021-04-25 16:42:06.380,0.27470054901932967,0.6023066459180709,0.4081479495624834,0.18108786797278467,0.5453407303670783,0.49966761697778234,0.1926998407371378,0.3906043427831271,0.576024583725543,0.8595555533890263,0.3046874954583658,0.0,0.7396691294856592,0.6210761688350893,0.42592592592592593,5.0
2021-04-25 16:42:06.400,0.3220728428311342,0.6299992605587238,0.4233266434042513,0.21192357724685618,0.583840628881332,0.46516237195942656,0.23885718671030037,0.3509007746401723,0.6076848664741487,0.8244444690199972,0.31178977997737234,0.0035445317740926486,0.6983469168499207,0.6771300633754941,0.4074074074074074,5.0
2021-04-25 16:42:06.420,0.3637348390054689,0.6818313021608277,0.42088098030418797,0.2426890836254769,0.6213557553605543,0.43060555764384634,0.2883054170034715,0.31313047851403264,0.6370632103678745,0.7688889336746003,0.29829546148176844,0.011076632328352244,0.6157024915784461,0.7152467392145373,0.36111113481481477,5.0
2021-04-25 16:42:06.440,0.39980840635411613,0.740696847562759,0.4117810589827317,0.1552010808291775,0.6504077781120914,0.4455301972828761,0.3241591684091973,0.2845559455199987,0.6149751263479348,0.7226666985825492,0.28196022801590376,0.02591936026566052,0.5495867821050486,0.7690581657222215,0.3333333333333333,5.0
2021-04-25 16:42:06.460,0.42976891261183686,0.7981789836569259,0.38064177403702465,0.17664330313740137,0.6919619083155981,0.36662952916447045,0.39233037788350306,0.2447897910180573,0.6837796456254941,0.6986667067312851,0.2975852341925262,0.047186514644754846,0.48347107263165123,0.8116590888375055,0.3009259140740741,5.0
2021-04-25 16:42:06.480,0.5093717271451084,0.8533527547268548,0.3775521768338355,0.20441636653089604,0.7241618677885923,0.3374632755990207,0.4443060680541975,0.21493008274525657,0.7015500468097225,0.7122222526991414,0.32599431994892675,0.0836287155143571,0.40909058211867205,0.8475335262402284,0.25000002370370367,5.0
2021-04-25 16:42:06.500,0.5174176515345671,0.8703198984121447,0.38111022999152283,0.23287858976287795,0.7539790081100834,0.30859338500724326,0.4951131980716418,0.18806931978924546,0.7176234710207584,0.760444467710379,0.3231534107919575,0.12494461357446679,0.35950401158389617,0.8789237163667106,0.24074074074074073,5.0
2021-04-25 16:42:06.520,0.5139171195640124,0.8763360329259928,0.37478827651077506,0.24890874607450575,0.7662229991347003,0.29185690126298414,0.5401140435099222,0.166603763315892,0.7379887784386626,0.7786667038210221,0.3217329562134729,0.1577314916861793,0.2603304473738,0.9147981537694334,0.1944444207407408,5.0
2021-04-25 16:42:06.540,0.510416587593458,0.8823521674398411,0.36846632303002724,0.26493890238613355,0.7784669901593172,0.275120417518725,0.5694297529338394,0.15395762498746518,0.7532486777690217,0.7688889336746003,0.32528410428626786,0.19472752054565307,0.18181798948157193,0.9327353724707949,0.16666666666666666,5.0
2021-04-25 16:42:06.560,0.5142602826948505,0.9205366921663307,0.3615313482073758,0.29837065870748625,0.7996036574347021,0.24043774701372408,0.5987454623577566,0.1413114866590383,0.7685085770993809,0.7382222572100489,0.33593749618502733,0.23637573715896235,0.14462774422508234,0.9573990768847174,0.14814814814814814,5.0
2021-04-25 16:42:06.580,0.518103977796243,0.9587212168928204,0.3545963733847244,0.3312985500878007,0.8168356820014585,0.20829573815065255,0.6443520717032862,0.12314503237218515,0.7935706303155855,0.6946667177902839,0.3508522692591157,0.2848914534855932,0.08677681579126668,0.9708518187134381,0.08333330962962969,5.0
2021-04-25 16:42:06.600,0.5230625696694089,0.9980661999022611,0.3675254525196337,0.3617159621579738,0.8301604001917053,0.1813036689807466,0.6544457614447254,0.11939239925959585,0.7995609848305845,0.6382222535722203,0.36647727543573816,0.3409392993788524,0.03718982211594642,0.9708518187134381,0.09722216296296278,5.0
2021-04-25 16:42:06.620,0.5190826118457282,1.0,0.36499620660852566,0.39820654437163827,0.8420009156288244,0.1553243337895876,0.6645394511861648,0.11563976614700656,0.8055513393455834,0.5764444816796407,0.3750000145332293,0.40186088054135344,0.02066110631786925,1.0,0.0,5.0
2021-04-25 16:42:06.640,0.4834933605108691,0.9929193757788427,0.35958967433691286,0.4218382141761988,0.8453688923462361,0.15175424769097207,0.676179049069575,0.11117232279799093,0.8099864360367172,0.5177778098715097,0.37215909956296833,0.46477626060012234,0.008264357899038585,0.9910312758511198,0.06481483851851846,5.0
2021-04-25 16:42:06.660,0.43124998337245607,0.9825088958103544,0.35805458986422106,0.42872565301829285,0.8414888815558578,0.1635342301017765,0.6675794659275721,0.11397107140435542,0.8017384862770242,0.45955558976731203,0.3565340991996376,0.5254763033135825,0.02066110631786925,0.9865470285748792,0.050925985185185374,5.0
2021-04-25 16:42:06.680,0.3986533684743541,0.9646435679747984,0.3607538678968584,0.4293068854549949,0.8332398385906986,0.1833074535822827,0.6493363836577833,0.12063857986379656,0.7901068641062025,0.38711115159610093,0.40411932757887215,0.5877270825314133,0.008264357899038585,0.9652464522190378,0.041666654814814845,5.0
2021-04-25 16:42:06.700,0.41353223792552096,0.9510298378775003,0.36896657116674897,0.4229319871717323,0.8206405212803649,0.21533020398759775,0.6215420836406218,0.1309535051466927,0.7699509423889178,0.3191111504319958,0.5000000116265835,0.6524147139710441,0.04132210685060241,0.9596410857246377,0.0486111051851852,5.0
2021-04-25 16:42:06.720,0.4499872300462822,0.9543414919934153,0.3793658867685519,0.41064569949243984,0.8030428592293299,0.2608197449780565,0.583495062935606,0.1456217801578624,0.7393819328519957,0.281777811181128,0.5085227390974911,0.7133363078264564,0.07437985580216623,0.9540357192302368,0.05555555555555555,5.0
2021-04-25 16:42:06.740,0.3967562543952141,0.9232080280570565,0.39474059574698167,0.3953741843614111,0.7803757184858577,0.3082906026189787,0.537882803279373,0.16495384448093672,0.7071308641470732,0.25422226390365343,0.46803978361067966,0.7687195601318698,0.1942147379004026,0.9215246394819945,0.1342591999999998,5.0
2021-04-25 16:42:06.760,0.3144101279035017,0.8694241316660513,0.3897816482672162,0.37825819214097856,0.7532347232268221,0.3537700151997473,0.4870874587980608,0.18873034604456973,0.6757170828027592,0.21555559136795668,0.5099431936759757,0.8152415102011478,0.2520656663342183,0.8968609350680721,0.16203709629629648,5.0
2021-04-25 16:42:06.780,0.3707283063760201,0.8339994150829906,0.39653429275241237,0.35909770824557796,0.7226198424134825,0.4012458657186857,0.4329617199883113,0.21634027146533394,0.6405025563345113,0.18044448153412762,0.6292613782686831,0.8475853150413247,0.3140494084283668,0.8856502020792716,0.1944444207407408,5.0
2021-04-25 16:42:06.800,0.5317598559212235,0.8207836181525251,0.42175554531397075,0.33863951491446087,0.6897265722488929,0.4526413394607835,0.3780058915030714,0.2468942854466206,0.5986579595048004,0.17955560359106065,0.7571022903322983,0.8761630786707374,0.39256186632059487,0.8408070405276673,0.24537035851851854,5.0
2021-04-25 16:42:06.820,0.6206126385296108,0.787753923423272,0.44990750389906153,0.3191296803589166,0.6546504542941648,0.5050392404548655,0.32356904827262817,0.28043499918014675,0.5526397567171631,0.20044449899570466,0.8451704741983442,0.9076207369678433,0.4297516884365425,0.8026905942850242,0.3148148148148148,5.0
2021-04-25 16:42:06.840,0.5427733590387772,0.7939349225316765,0.435040341259333,0.05126580446928276,0.675928954874578,0.3695032870969053,0.36917042897243163,0.259973241708153,0.685806474685072,0.22666670935052174,0.8821022583591938,0.9406291789144196,0.5247932852673898,0.771300404158542,0.3009259140740741,5.0
2021-04-25 16:42:06.860,0.4872067677207494,0.7030304199505049,0.46727349934141316,0.06963332671173741,0.599728132036727,0.5331673320271012,0.2507881972599368,0.33478951865496515,0.5316946320168285,0.260888948516941,0.8785511509794408,0.971643800205451,0.5743802789427076,0.7152467392145373,0.34722223407407404,5.0
2021-04-25 16:42:06.880,0.4191450759856587,0.6253596561787667,0.4921962181088528,0.08444737702585532,0.5323965381626361,0.6411090751264092,0.16929174198657332,0.40415172233865393,0.41912229151792496,0.3022222657953243,0.8515625372414002,0.9920248261742048,0.6694214526330129,0.6636770919503733,0.379629605925926,5.0
2021-04-25 16:42:06.900,0.3701902058002194,0.5659118993639384,0.4986157554052074,0.07643888198315188,0.48743637583927607,0.6727796136510991,0.12563971847959413,0.4519156733510365,0.38488260785713646,0.34000004219881125,0.8515625372414002,1.0,0.7520658779044899,0.6143496831225297,0.4074074074074074,5.0
2021-04-25 16:42:06.920,0.4453578114427654,0.5037413785176194,0.5137559263695849,0.07055810342641992,0.4423680545806297,0.6990944345815294,0.08848281145967363,0.5007834210009259,0.35522328301554235,0.4033333695903579,0.8806818299405219,0.990806415476126,0.7933885136807679,0.5762330072834864,0.44907406222222224,5.0
2021-04-25 16:42:06.940,0.5149983067617792,0.45900888324933253,0.5228010001422523,0.06642810189137886,0.3984054498981315,0.7220311455730648,0.04715047241235779,0.5727433520895969,0.3159496368255217,0.4755555891852595,0.9311079587567881,0.9707576717951105,0.8347107263165064,0.5246633600193223,0.4907407170370371,5.0
2021-04-25 16:42:06.960,0.584638802080793,0.41427638798104566,0.5318460739149194,0.06402592349298629,0.35636402268469286,0.742825055973729,0.019495891085622816,0.6411943902047551,0.278808437755841,0.5111111449024963,0.9765625227081708,0.9536996137655857,0.9008264357899038,0.47757841922419786,0.5092592829629629,5.0
2021-04-25 16:42:06.980,0.6557188186994688,0.3543358229436305,0.549282286256444,0.06338409755353616,0.2977013969143566,0.7734920260171742,0.012875750932617534,0.6726891525837912,0.25936798125567556,0.5311111427197992,1.0,0.9370846471403269,0.9297519000068117,0.4304932488326746,0.5416666548148148,5.0
2021-04-25 16:42:07.000,0.6705571978642252,0.32348726193901417,0.5551769119347434,0.06412500549972192,0.24331603014677616,0.8052381709803942,0.00625561077961188,0.7041839149628273,0.23992752475551019,0.5435555867115361,0.9978693471987318,0.9198050615413995,0.958677364223722,0.38789232571739063,0.5601851733333334,5.0
2021-04-25 16:42:07.020,0.6531825008180752,0.28025578980149324,0.5618257584583727,0.06467966779582404,0.20984917415220425,0.8255315096965256,0.0022287102406818946,0.7627147659575142,0.20187175540930086,0.5448889163585364,0.9843750054499609,0.9007532372545216,0.9917356421009602,0.35201788831466774,0.6111111111111112,5.0
2021-04-25 16:42:07.040,0.6233611248688641,0.23729064924366064,0.5696830136521328,0.06454842997675853,0.17858178583341974,0.8441911787257746,0.004444559699538523,0.7984497658693968,0.17912847065675383,0.5373333647156676,0.9580966073745791,0.8799291380142324,1.0,0.28475349038186276,0.6388888651851853,5.0
2021-04-25 16:42:07.060,0.5913123300110761,0.19946997228517213,0.5745850012562391,0.06331389465808501,0.1495677596032447,0.8605449940335105,0.008626659304396152,0.822543003129421,0.1653116422740968,0.5306666946536943,0.928977300142228,0.8555604888671199,0.9834708610613808,0.25336307065898045,0.6759259022222223,5.0
2021-04-25 16:42:07.080,0.5747087209029066,0.1662528007523341,0.5835765137573736,0.0608208005389817,0.12310054193865169,0.8740221983356599,0.01280875890925378,0.8466362403894453,0.15149481389143976,0.5151111433018517,0.910511390621928,0.827868889913509,0.969007917382656,0.1995514145548961,0.7129629392592594,5.0
2021-04-25 16:42:07.100,0.5726119676636394,0.13703151299639138,0.5891528528642573,0.056564348903500906,0.09943452573968163,0.8853599544078915,0.024259651173430125,0.8885664775300027,0.13043282325849312,0.48222225570398786,0.8955965942946728,0.7968542686224773,0.9876032515811718,0.14125574077097125,0.7453703585185185,5.0
2021-04-25 16:42:07.120,0.5769300055779867,0.11400768165725846,0.5967697437122069,0.04958178386474143,0.07871818525597019,0.8942380047888834,0.03270054070100103,0.9119940039269943,0.12045142708986571,0.44622225691902256,0.8742897756174035,0.7636242991064988,0.9710745357830922,0.11659203635704876,0.7685185422222222,5.0
2021-04-25 16:42:07.140,0.5734273480530698,0.1003424655910956,0.6056127282015699,0.03977843762462981,0.0609570160549357,0.8999006417274786,0.04087630837371841,0.9320031908174794,0.11441420154618964,0.42533336879003564,0.8473011386261959,0.7284005633331672,0.958677364223722,0.09641257921936824,0.8240740503703704,5.0
2021-04-25 16:42:07.160,0.5667149715292108,0.07798360999971084,0.6140000390496182,0.027821534800148175,0.04646499448326343,0.9022005753222012,0.04809173405927177,0.9482698539788103,0.11238124188173808,0.4177778098715097,0.8245738944369008,0.689632259520282,0.9669421452633012,0.07174887480544576,0.8287037155555556,5.0
2021-04-25 16:42:07.180,0.5542042245933346,0.048717804086929904,0.6235083635914235,0.014330592599278557,0.03564754481179602,0.9016971862279306,0.053719064021815185,0.9603736810381592,0.11356986398997647,0.41911114315633863,0.7982954789216437,0.6508639919728578,0.9462810389454333,0.06502238909288471,0.8518518518518519,5.0
2021-04-25 16:42:07.200,0.5442749371035439,0.03234534182805999,0.6313511253692281,0.0,0.028384087001337176,0.8984949682488623,0.05746450318799814,0.9684812191687815,0.11779885740851667,0.42800003172186496,0.7535511538860867,0.6143110363849196,0.9504130063246822,0.05156941766776394,0.8518518518518519,5.0
2021-04-25 16:42:07.220,0.5056767765089607,0.0,0.6545466843548563,0.37680377829776207,0.0,1.0,0.08545736524325233,1.0,0.0,0.4413333682079831,0.7009943286688644,0.5779796301256606,0.9090907936889436,0.04260092311528392,0.8888888888888888,5.0
2021-04-25 16:42:07.240,0.5015047816382254,0.007825445406718742,0.6426828310629843,0.3349051028752974,0.011820313619134805,0.9413595392857477,0.07219668689393574,0.9868836465151302,0.0684209222217823,0.4528889247982988,0.6633522881523137,0.5407620827631496,0.9180440243881285,0.04334829766132425,0.8912037056790123,5.0
2021-04-25 16:42:07.260,0.4973327867674902,0.015650890813437568,0.6308189777711122,0.29300642745283284,0.02364062723826961,0.8827190785714948,0.05893600854461917,0.9737672930302603,0.1368418444435646,0.4636296648451574,0.6389678180821043,0.5069044539009052,0.9269972550873132,0.044095672207363275,0.8935185224691358,5.0
2021-04-25 16:42:07.280,0.5244719662935298,0.02402681233027807,0.6200760791694533,0.2706208717758206,0.02925592302302641,0.8649553101754144,0.05450388796192832,0.9675076874178267,0.15773543374668086,0.47437040489201604,0.614583348011895,0.4730468250386608,0.935950485786498,0.0448430467534036,0.8958333392592592,5.0
2021-04-25 16:42:07.300,0.533527203105227,0.057150563041871785,0.6095973984372001,0.24891184450943196,0.04069459261681171,0.8465847644467142,0.047121904610105396,0.9547306869153651,0.1792051313162792,0.5693333635515625,0.42116477670739577,0.42401418327679186,0.9338842905266026,0.058295673783924876,0.9074074074074074,5.0
2021-04-25 16:42:07.320,0.3594168487567475,0.037701977673613454,0.6154183876927619,0.2377250682969335,0.05123288989431603,0.8297681806737104,0.040848162236443594,0.9429243137070787,0.1990148986470521,0.6195555912224434,0.3203124900084049,0.39366415557360607,0.9338842905266026,0.0896860935068072,0.9351851614814816,5.0
2021-04-25 16:42:07.340,0.27479272103770064,0.021240128340461448,0.6202987156323132,0.22988006875197892,0.06366826545620624,0.8058551480495323,0.030198696970885546,0.9204532249275134,0.24511174432312374,0.6404444829892589,0.20738633357900302,0.35511741559558446,0.9338842905266026,0.09641257921936824,0.8611110874074075,5.0
