2021-04-19 17:14:38.180,0.43812369678262736,0.49198383037001714,0.001303686873836652,0.8984684790676556,0.48619745256358865,0.02101046189008178,0.9698212754962918,0.4858299367077762,0.8948078971034134,0.40011037979310954,0.4838026689837087,0.45845500327339395,0.07241375535790355,0.8333333333333334,0.03830647662851139,3.0
2021-04-19 17:14:38.200,1.0,0.6730610680863951,0.5227448999868128,0.8188495157633249,0.5797299277487421,0.015071500465758966,0.971774149294671,0.39133109385531767,0.8643388041181502,0.4332229625745665,0.5246698505599603,0.4571276869153548,0.06896534677763007,0.796875200000001,0.024193568532778036,3.0
2021-04-19 17:14:38.220,0.4356482717832919,0.5853801686070469,0.7924918566789915,0.8092288169165333,0.5845729704658494,0.020405481006084112,0.9653562577038135,0.3864994850020808,0.8660153331580092,0.4050772672103281,0.4871667347399778,0.4677462166932442,0.06594816582163063,0.8085938666666668,0.02923389359000988,3.0
2021-04-19 17:14:38.240,0.3462053172937376,0.5547973518844296,0.0644307622249349,0.7767351930657583,0.6166113167497506,0.02131120772255906,0.9624718600078098,0.35469869312237107,0.8563860518274147,0.39624724513527293,0.48305509756919635,0.4677462166932442,0.06293098486563167,0.8203125333333325,0.03427421864724187,3.0
2021-04-19 17:14:38.260,0.9927884326379063,0.7088120432240662,0.30540426853061536,0.7744717204409547,0.6262518228243247,0.012988115730292975,0.9713645465502497,0.34518603990653757,0.8483409511840345,0.4139072892853833,0.4983802916801155,0.45553490754644954,0.06379308701070018,0.8072917333333347,0.024193568532778036,3.0
2021-04-19 17:14:38.280,0.7029234241794828,0.6635697768656065,0.8697320682549107,0.7691774265640655,0.6298909703425022,0.013496620225437286,0.970561506231272,0.34160195238263896,0.8474555796761399,0.4536423908817173,0.5224271403957226,0.4616405622284892,0.06034467843042619,0.812499733333334,0.022177444703433337,3.0
2021-04-19 17:14:38.300,0.2577274837280453,0.5668464227443217,0.3687789797019132,0.7481377222822057,0.6413200447810492,0.02129777888843773,0.9610139707320983,0.3303708331121117,0.848247670019747,0.4188741767026018,0.4835534788521462,0.4730554812562619,0.06379308701070018,0.7864581333333324,0.030241960665972362,3.0
2021-04-19 17:14:38.320,0.6509622184952363,0.6792530139181083,0.06934394089356834,0.7342449971019237,0.6622081651476394,0.01320873376996752,0.9688304447341027,0.30994341195231356,0.8364629275000801,0.38576159256599346,0.4900324212529466,0.46243695213022656,0.06724131903923336,0.828125333333334,0.024193568532778036,3.0
2021-04-19 17:14:38.340,0.9226089899325015,0.7390157381841489,0.7275167426517798,0.7320208092303416,0.6671003592745157,0.010582190485537444,0.9714530241260813,0.3051777058274537,0.8332147441007824,0.4130794747158469,0.5105906086365909,0.46442792645000053,0.07241375535790355,0.812499733333334,0.03427422896982228,3.0
2021-04-19 17:14:38.360,0.47256300804125345,0.6359224312037101,0.7525681456485724,0.7218034700176782,0.6718338400700798,0.01716370660960693,0.9637712173190343,0.3005736847089489,0.8354788112168469,0.42218543498074756,0.47769751076042727,0.46588797413964494,0.06724131903923336,0.8333333333333334,0.022177444703433337,3.0
2021-04-19 17:14:38.380,0.36475564945962985,0.6417835391812131,0.0706906334288619,0.6897500590160669,0.7021740337228622,0.018622645381546992,0.960163615774769,0.27122573221925944,0.825619924963299,0.4260485696385842,0.48704214043906513,0.46588797413964494,0.06206888272056318,0.8072917333333347,0.020161320874088635,3.0
2021-04-19 17:14:38.400,0.8597582662729045,0.7298298962662854,0.6194384852287967,0.6885224740043436,0.7084555553149422,0.010837058782169165,0.9683643197471716,0.2651852868470898,0.8188265242858509,0.42991170429642084,0.496386770117703,0.46588797413964494,0.06034467843042619,0.8072917333333347,0.030241960665972362,3.0
2021-04-19 17:14:38.420,0.5263457838043877,0.7120575307762879,0.29851469851201645,0.6818045779188688,0.709339709162764,0.012603452626764348,0.966065187371972,0.25952641189159853,0.817699054841929,0.41556291842445614,0.4896586370754278,0.46986992251845133,0.05517241866349629,0.7916666666666666,0.006048412778355284,3.0
2021-04-19 17:14:38.440,0.6045231598097491,0.7130958592587667,0.3963619518605018,0.6687877299434946,0.7193733407862872,0.012492460258390422,0.9659679649658481,0.24732336866275287,0.8126221275314759,0.4139072892853833,0.49364567918042784,0.47332094448441275,0.049999805793085814,0.8072917333333347,0.01411292874089431,3.0
2021-04-19 17:14:38.460,0.6514853853708396,0.7229483665743278,0.44747041870298476,0.6541915764442929,0.730404617434317,0.011655487723089582,0.9658785778000044,0.2410351727847349,0.8099852022758739,0.40176600904962884,0.49700974595652175,0.4791611355037322,0.049999805793085814,0.7760415999999987,0.020161320874088635,3.0
2021-04-19 17:14:38.480,0.6345993377265682,0.7279855651755028,0.4301666750587475,0.644197183288276,0.7384191191462691,0.011941148118932512,0.9650167492423465,0.2349867060569674,0.8078243441051536,0.3785872009851625,0.5000000275352718,0.4903105919552081,0.05517241866349629,0.7708335999999993,0.0,3.0
2021-04-19 17:14:38.500,0.633661227231542,0.7390970145561283,0.41897032421325814,0.6342027901322594,0.7464336208582214,0.012226808514775405,0.9641549206846884,0.22893823932919985,0.8056634859344333,0.35540839303814264,0.5056068054954284,0.5025219017538568,0.06034467843042619,0.812499733333334,0.02822585748178862,3.0
2021-04-19 17:14:38.520,0.6211303104488026,0.75343076896349,0.4001857704957134,0.6163433212997309,0.7630524840639555,0.014542485160750032,0.9604363332012207,0.2132197549730542,0.8007001950709034,0.3498896292412332,0.5133316995738662,0.513671357336194,0.051724010083222804,0.7864581333333324,0.024193568532778036,3.0
2021-04-19 17:14:38.540,0.601335388322213,0.6834800344157629,0.3715283132295706,0.8515841843547585,0.6720933995206216,0.008532869639245903,0.9734097596925823,0.3003213766146928,0.8302567983812253,0.3349889624724061,0.5225517344416789,0.5213697931254164,0.060344766706296835,0.796875200000001,0.022177444703433337,3.0
2021-04-19 17:14:38.560,0.6297894844445799,0.7404002091686546,0.3740525496417857,0.7315784110714905,0.7907389588116273,0.02181443179719306,0.9505717257942131,0.18724596748519987,0.7939793538133907,0.2869757264736364,0.5361325966118358,0.5349084155882646,0.07758601512483396,0.8645840000000014,0.03427422896982228,3.0
2021-04-19 17:14:38.580,0.6111980537469623,0.7377539574424945,0.35800494963130086,0.7143851059455926,0.809482134517018,0.028155140038460313,0.9424126475331562,0.1698121344648315,0.789860324116066,0.16942604856512142,0.5534513127950799,0.559065571522842,0.08620686002377763,0.875,0.044354889406866674,3.0
2021-04-19 17:14:38.600,0.5907712033623926,0.7906854505050714,0.32793387561188625,0.6960441320750356,0.8359729440692562,0.03715052274558219,0.9309335896643096,0.14538287722767507,0.7835293314958721,0.041942595822169366,0.5778719416089062,0.5866737450776869,0.11551709709392247,0.9322917333333347,0.05241938472424474,3.0
2021-04-19 17:14:38.620,0.574105716266213,0.8619687786724901,0.27471230062577595,0.6760842502952072,0.8707764572222791,0.04963959732258658,0.9153181552574644,0.11367391163920595,0.7745814557445173,0.0,0.6116372115744004,0.6137509921762301,0.1482757427443413,0.9427082666666653,0.05241938472424474,3.0
2021-04-19 17:14:38.640,0.5635461888077564,0.8879766125616742,0.24058291423971886,0.650713821245225,0.9090682916488514,0.06755062838712446,0.8940371639249916,0.0793086923748991,0.7650977729854951,0.061810154525386324,0.6535011455183031,0.6405627717009285,0.17931018410462263,0.9635418666666676,0.058467756212278545,3.0
2021-04-19 17:14:38.660,0.5685902475675063,0.8989012044053664,0.2173441219012954,0.6176417001811014,0.9433866060888114,0.09234775230152047,0.8662144889925507,0.04898933549197002,0.7579051689025386,0.16390728928538328,0.6971094185417421,0.675338461107235,0.22931034300118902,0.9791664000000007,0.07862905644120652,3.0
2021-04-19 17:14:38.680,0.5758974086389286,0.9099432932541172,0.21432017479068133,0.5755963417915831,0.9688819281348208,0.12511901524257574,0.8310151427867021,0.026766224499496293,0.7542179110629397,0.20309050772626933,0.7417144582103806,0.7170161944454646,0.2844827616646853,0.9947920000000007,0.09879035667013449,3.0
2021-04-19 17:14:38.700,0.5806497321636372,0.9417099437399604,0.20113246252658137,0.5246217063762002,0.9879119823301367,0.16630290229409114,0.7877932541637092,0.010350356195541768,0.7509846659758085,0.2168874262528858,0.7823324516947193,0.7629413350884143,0.34827584867538497,0.9739584000000013,0.12096776008324635,3.0
2021-04-19 17:14:38.720,0.5930978481706526,1.0,0.1816906270334657,0.4656696741779486,0.9987789875368541,0.21566172102136547,0.7367164214663993,0.001042776227705875,0.7462875862292749,0.27538631798295504,0.81821583675867,0.8032917544587364,0.40689649936741495,0.9635418666666676,0.14919357627471305,3.0
2021-04-19 17:14:38.740,0.5784386448613695,0.9642852564980305,0.1896926075345333,0.395265856899315,1.0,0.27314687084817235,0.6776673985422056,0.0,0.7375536308393927,0.42991170429642084,0.8844381147313195,0.8626227739998006,0.48448269104398917,0.9114586666666673,0.203629043537981,3.0
2021-04-19 17:14:38.760,0.5437579821792929,0.8599609101030403,0.21331385694994004,0.3176073196693881,0.9866906269501784,0.33785852256298315,0.6111685054873192,0.011399513047018816,0.7234266116103467,0.43874173088864743,0.9327186542798735,0.9516857055136209,0.5637930870107,0.8541669333333327,0.20766131184183093,3.0
2021-04-19 17:14:38.780,0.5360326871752104,0.8803914596632362,0.2289660936812044,0.23938809804112438,0.9542226630532148,0.40864572775620017,0.5376901966179743,0.03951228615677825,0.7020067376984965,0.44370861378869453,0.9395713981952158,1.0,0.6431034829774112,0.7864581333333324,0.28830647146722116,3.0
2021-04-19 17:14:38.800,0.5362845750864514,0.9732206402199344,0.2240304635689409,0.16178635345249703,0.9040122975912797,0.48334008174525817,0.420508832392294,0.11364711301936803,0.6467227961641985,0.6241721989819776,0.9391976017797984,0.9930979517223831,0.7172414426254516,0.703124799999999,0.3145161431841828,3.0
2021-04-19 17:14:38.820,0.496613360136592,0.9385272041435259,0.25083199825684915,0.08941245407990998,0.8380478193951336,0.5568416198023308,0.31094494142744983,0.21970170304946493,0.5750834683189515,0.8548565076241089,0.9639920229297427,0.9246084692793122,0.7793103253460149,0.5572917333333347,0.39717742663891764,3.0
2021-04-19 17:14:38.840,0.33299174289090305,0.5003013013142642,0.45095348432443355,0.039751799640643966,0.7561852605563953,0.6225856817339187,0.2647841259851104,0.285529873837576,0.5311010928621319,1.0,0.9972589146717618,0.8611627295042411,0.8310345119809774,0.4583333333333333,0.45564518285119615,3.0
2021-04-19 17:14:38.860,0.242268338162987,0.26128495248456973,0.5901963891052714,0.022631676978702393,0.6667886764684979,0.6816289003916696,0.21862331054277095,0.3513580446256871,0.4871187174053124,0.9453642700307958,1.0,0.7990443384626282,0.8862069306444738,0.33854133333333264,0.526209682039542,3.0
2021-04-19 17:14:38.880,0.23531798492767877,0.4618607351206337,0.5926801729477262,0.0443349912041287,0.5295011305081434,0.7655821921939089,0.1384796537261037,0.4868678636614163,0.3785491567416063,0.6821191962636705,0.9774483063513164,0.7409078849790439,0.9293104489322329,0.2552079999999993,0.5987903463475541,3.0
2021-04-19 17:14:38.900,0.2088494465910017,0.5445614317835812,0.6492888814866431,0.08081529330540577,0.4106539361314808,0.843864726518687,0.09670322171955094,0.5636610771512184,0.29622750316506324,0.4023178851763582,0.9314727342168077,0.701619335904101,0.9517240453935706,0.1979173333333347,0.6693548455359,3.0
2021-04-19 17:14:38.920,0.12311251480147385,0.599363082392599,0.721130382221303,0.006753115146254759,0.47158362395961817,0.8577382962922017,0.09737153101269273,0.5007873037998183,0.2633339927423257,0.30132450331125826,0.8813855238916924,0.6625962218102986,0.9724137906682518,0.10416693333333266,0.7641129132570237,3.0
2021-04-19 17:14:38.940,0.1654412526687949,0.3883343573290662,0.8599885076532173,0.05295335710577629,0.3209665585867173,0.9226557653386096,0.04585985285235237,0.6575677616570275,0.1518713967235258,0.36865342840931115,0.8401445703758207,0.6110963598947212,0.9741379066825182,0.041666666666666664,0.8548387229968779,3.0
2021-04-19 17:14:38.960,0.2894075789437226,0.24736156288642921,0.9653448343574375,0.09168339741457575,0.24928462837839283,0.9572903540788045,0.024475152300774305,0.7336177236292846,0.08557887192289591,0.4332229625745665,0.7834538103462254,0.5675603904779764,0.9844828675957292,0.01041653333333367,0.9334677484703432,3.0
2021-04-19 17:14:38.980,0.38019102563373525,0.328760856163784,0.9938411659221585,0.12592669200778925,0.20646363442361046,0.979394132212432,0.012979769684867205,0.7794032203133962,0.041411893041951385,0.42163355860105656,0.719162764561697,0.5280063673106478,0.9827586633055923,0.01041653333333367,0.9778225862643078,3.0
2021-04-19 17:14:39.000,0.45593076160625945,0.39534893623290424,0.9911167046306991,0.16213003151673958,0.16862150682002386,0.9934306288431045,0.005614085301343311,0.8200565078432455,0.013092571094739103,0.3206401766004415,0.6556192708150083,0.4929652255404251,0.9827586633055923,0.005207999999999326,0.9798387204162329,3.0
2021-04-19 17:14:39.020,0.5321219024294355,0.4319350621262525,0.9889668156403648,0.1936625510847906,0.13701712176214162,1.0,0.001472498567924286,0.8541286741729304,0.0,0.23123621664202187,0.5925741593710944,0.4743827973970163,0.9879309230725226,0.0,0.9838709680749219,3.0
2021-04-19 17:14:39.040,0.6157736303587039,0.4221633877769864,0.9954344415143722,0.21991955519291836,0.10992835101838205,0.9990976175498484,0.0,0.8834104869396456,0.0025532787029974024,0.18874172185430463,0.5321455565464853,0.4645606579554336,0.9913793316527961,0.0,1.0,3.0
2021-04-19 17:14:39.060,0.6953965808972533,0.41021828729812254,1.0,0.2433355042436935,0.08561263423042828,0.9909409209262517,0.0009937669825790508,0.9097479882127967,0.020454187321504006,0.17439292694799718,0.472713708129177,0.45872046650154485,0.986206895334126,0.031250666666668016,0.9717742044536938,3.0
2021-04-19 17:14:39.080,0.7365185972435639,0.386527418650653,0.9750596438250738,0.264888248090586,0.06350904522249182,0.975978321368194,0.004612818190593795,0.9337287058292102,0.052695262629453385,0.21136865793880494,0.41938701385585075,0.44916378963625897,1.0,0.015625066666668016,0.9576612963579603,3.0
2021-04-19 17:14:39.100,0.7496613084265712,0.3015052038608245,0.928297531575242,0.2864129386596279,0.04469565729977391,0.9551474351905259,0.011163701415860193,0.9541650234015804,0.0970368638499442,0.3178807992191581,0.375404954615243,0.4284576610997604,0.9913793316527961,0.06249973333333401,0.9334677484703432,3.0
2021-04-19 17:14:39.120,0.7301050353456894,0.23133847683193737,0.8863458156454089,0.3125809549244299,0.028873532731115405,0.9295842982740987,0.020867351285014973,0.9713691721965491,0.15072530436144746,0.40286976173673605,0.3324196620198345,0.4056278256516314,0.9844828675957292,0.05208266666666532,0.8931451686576481,3.0
2021-04-19 17:14:39.140,0.67243213667576,0.21806438499196956,0.8449265051880175,0.34305499687576974,0.015076883463876338,0.8997148231250157,0.03418869595602618,0.9863812431107323,0.21240374299999817,0.37913907555798493,0.2827062379118881,0.39049641947418406,0.9896551273626596,0.08333333333333333,0.8387096807492195,3.0
2021-04-19 17:14:39.160,0.5699795057303321,0.23744629661245858,0.7869975189015483,0.3715234835665981,0.004092092047399627,0.865442616184549,0.05194501003367531,0.9983404334833358,0.281582933384789,0.24917219220622067,0.20882135778465472,0.35213697648784065,0.977586226986922,0.11979146666666565,0.7903225849739853,3.0
