2021-04-27 14:41:05.860,0.8398794483764165,0.7043654769584116,0.6509216598544837,0.07966986722352244,0.41395743983141264,0.9131436057498655,0.17323477671819695,0.5331925077816906,0.9341907034038462,0.5097282265136908,0.5002522470393543,0.7024514174535,0.9488421880468604,0.5836908909281964,0.4016948918531453,4.0
2021-04-27 14:41:05.880,0.30506522193251373,0.5767561512617343,0.32697196242014354,0.08499138063727545,0.42264264266652996,0.913046092037219,0.17306771439997412,0.5239814916912496,0.9322234034671042,0.49610115484839734,0.4905660383591408,0.736263759030004,0.9488421880468604,0.5836908909281964,0.4067796420430908,4.0
2021-04-27 14:41:05.900,0.7190710501522742,0.6929222604349834,0.2212916629858937,0.09304570783412293,0.4450197248832318,0.9099211585586493,0.17821153686413527,0.5003872696867342,0.9265554566637437,0.48974185473792714,0.5276965044160513,0.7826349656469842,0.9488421880468604,0.5836908909281964,0.4118643922330363,4.0
2021-04-27 14:41:05.920,0.4551129012259272,0.6352431915902199,0.7447241777560915,0.08987093134612184,0.4477967844097681,0.9128948469725157,0.17229782501768887,0.49747320717340576,0.9264211424450409,0.455068529184449,0.49924326714055317,0.8439802123260701,0.9418416018248262,0.5922746903718962,0.4067796420430908,4.0
2021-04-27 14:41:05.940,0.34643548736098284,0.6370098932870254,0.027598782771421013,0.08942887386045083,0.4761949884662468,0.9146812332106767,0.16761081843607997,0.4678554148139517,0.9199657095375053,0.4432583929719186,0.5074160067984267,0.8864871555139158,0.9466882039344645,0.5987124850190584,0.43220337563688577,4.0
2021-04-27 14:41:05.960,0.7469811245138005,0.7874054685936972,0.5059718370495478,0.08161637978424863,0.494291489383175,0.9178514723063559,0.16075494390400416,0.44915808447492817,0.9160316050273146,0.4320539217394901,0.5459590405843506,0.9314092579086553,0.9466882039344645,0.6008584898155971,0.42542371450226923,4.0
2021-04-27 14:41:05.980,0.23290826990915173,0.46183410919984047,0.13130188105650298,0.07479879939309975,0.5280974997018313,0.9283945180064173,0.13940792061864984,0.4146094712663337,0.9089071486089172,0.4520402910366061,0.5138734798024768,0.9758483288573843,0.9520732193581533,0.5772533160234878,0.4135593031777074,4.0
2021-04-27 14:41:06.000,0.5365771922379999,0.48174808118383305,0.3696309960812104,0.06401834045705551,0.5556177772974152,0.9367845627451727,0.12276285933860435,0.38686110903272863,0.9025839069345412,0.49716104067879,0.5297144633877918,1.0,0.9531501562716519,0.5643777267291645,0.4084745703436943,4.0
2021-04-27 14:41:06.020,0.16341273855627442,0.4199526544915636,0.7144788111050124,0.04615387240082697,0.5599942349876887,0.9489193696128343,0.09997047764552651,0.3824802577935544,0.9023372867806005,0.47323795807150687,0.5111996822447923,0.9939620960522396,0.9596122188942378,0.5622317219326258,0.40677962468715834,4.0
2021-04-27 14:41:06.040,0.36362436928727937,0.514449538622976,0.031595388548109796,0.032830445553000145,0.5805187427281723,0.9608836571222172,0.07743430030362328,0.3620542799393363,0.8972779291663043,0.5073056347560925,0.5656341486109714,0.9103973059914215,0.9639202974044275,0.5536481422313798,0.4118643922330363,4.0
2021-04-27 14:41:06.060,0.8526301577055592,0.6370277392025955,0.5585551034764198,0.01828586333523645,0.5924167119533674,0.9646192714119567,0.07045727192144892,0.3503044591512301,0.8940724332945558,0.612688326018999,0.5841993779230494,0.8562975665856462,0.9639202974044275,0.5386265481405178,0.41864405336765276,4.0
2021-04-27 14:41:06.080,0.5380199833125635,0.43750489540162896,0.660904368989889,0.006340454022609368,0.5919526175248917,0.9766663092191495,0.04825509386227381,0.3507614847327203,0.8941711521223166,0.7039897024584931,0.5767329266719216,0.7555850959440965,0.9660742815168234,0.5343345385474405,0.4271186254469404,4.0
2021-04-27 14:41:06.100,0.724795512702222,0.3035742286903276,0.24061447742444264,0.005060155455618683,0.5861252122293631,0.9875304727288907,0.028145756205832626,0.3565091998572362,0.8954072958379645,0.7565674913282189,0.5840732550227685,0.703840133107885,0.9671513287157206,0.5150213743484086,0.4118643922330363,4.0
2021-04-27 14:41:06.120,0.799146928403762,0.2013061609636107,0.5660557195215884,0.009150703690307956,0.5554185174720988,0.9938545144527792,0.01199875839732641,0.41460183763522546,0.9102448771828094,0.8091452801979447,0.5914135833736154,0.6520951702716735,0.9746903282518049,0.49785421494591536,0.3932203024179253,4.0
2021-04-27 14:41:06.140,0.731855098532481,0.1348581181964202,0.3952694664359586,0.01630229149558724,0.5011166852710447,0.9972696531984966,0.00147699830764193,0.5046581513758275,0.9314430647475913,0.8937088484466548,0.5852083594735737,0.5589905007505722,0.9682282656292193,0.4892704155022144,0.3779660865599538,4.0
2021-04-27 14:41:06.160,0.7227477650450305,0.04804605913183502,0.42374298848425807,0.03870002873752771,0.4049430953611885,1.0,0.0,0.5814071833844001,0.9474215739064696,0.9218714533070039,0.5715871300138977,0.45296465850396345,0.9682282656292193,0.4806866160585147,0.3694914450569362,4.0
2021-04-27 14:41:06.180,0.7300766528644925,0.0289496257810527,0.4897283797510419,0.054687287928039334,0.34768217023779086,0.9980682787269072,0.0032054898422360263,0.6243119330418615,0.9553893863319217,0.8753122917839183,0.5613207597500622,0.352131421599333,0.9617663132920319,0.47854083100442973,0.3627118707019823,4.0
2021-04-27 14:41:06.200,0.718136450605699,0.02036302754314608,0.5039354784348301,0.07067454711855096,0.29042124511439316,0.9961365574538144,0.006410979684472053,0.667216682699323,0.9633571987573739,0.8287531302608327,0.5510543894862268,0.25129818469470266,0.9434571726231717,0.504291789850624,0.34237280051847024,4.0
2021-04-27 14:41:06.220,0.7061962483469053,0.011776429305239457,0.5181425771186183,0.10113278178510839,0.22511525425936518,0.9890514004921229,0.020340803814035,0.7401209759056837,0.9753734384645208,0.7734877716694606,0.5161941327438576,0.1199131075167666,0.927302126352106,0.5407725529370553,0.32711867144016155,4.0
2021-04-27 14:41:06.240,0.652563756651118,0.023906173461952677,0.49249008923825166,0.1374822475628073,0.17663053624010724,0.9799914193150044,0.039169206737018486,0.7950461964375437,0.9834654101611606,0.771632974874414,0.48705983713364975,0.08453090336230873,0.9079159384843489,0.5665237315257032,0.3033898140791724,4.0
2021-04-27 14:41:06.260,0.6003093193931557,0.011953086730976338,0.5281529089771139,0.1675458648858498,0.14057899993343084,0.9702298347023446,0.06016909657078433,0.8364789565771558,0.98836704764114,0.7697781780793672,0.45792554152344195,0.049148699207850866,0.8949918683818766,0.5826181082723808,0.2898304918099394,4.0
2021-04-27 14:41:06.280,0.5480548821351933,0.0,0.563815728715976,0.19760948220889216,0.10452746362675451,0.9604682500896846,0.08116898640455018,0.8779117167167678,0.9932686851211195,0.6655689340560449,0.4151447921625535,0.024574349603925474,0.8820677982794044,0.5987124850190584,0.27627116954070646,4.0
2021-04-27 14:41:06.300,0.45465115508063775,0.10442446017759434,0.6640665971540957,0.22867258638887558,0.06605278018911885,0.9473838357997326,0.121671638132949,0.9307255244983503,0.9966343425605597,0.5613596900327228,0.3723640428016651,0.0,0.8217554711345341,0.6512875149809417,0.2355932027330075,4.0
2021-04-27 14:41:06.320,0.4322296846694822,0.1716143510161387,0.6426100115195393,0.25973569056885887,0.02757809675148319,0.9342994215097808,0.1621742898613478,0.983539332279933,1.0,0.4827769079273812,0.3383866469806586,0.0030793514143668526,0.7692514604681715,0.7113733969238693,0.228813541598391,4.0
2021-04-27 14:41:06.340,0.40980821425832653,0.238804241854683,0.6211534258849831,0.3252974172999916,0.0,0.8999664724679025,0.24221821214643546,1.0,0.9937198549321516,0.4041941258220396,0.30440925115965217,0.006158702828733529,0.7167474498018089,0.7714592788667967,0.2220338804637745,4.0
2021-04-27 14:41:06.360,0.387386743847171,0.30599413269322734,0.5996968402504269,0.3929938437997836,0.011140677486389037,0.8559353396626358,0.28526166342787884,0.9934952127645315,0.9842581285401225,0.3920054629393384,0.29497529364810104,0.01811380277801067,0.6673846736247316,0.8016213721314516,0.22674198570556342,4.0
2021-04-27 14:41:06.380,0.3267301033454213,0.43283438653686246,0.8098435779544495,0.4209732518572606,0.01596794451199407,0.8330455669190607,0.3283051147093223,0.9869904255290629,0.9747964021480933,0.37981680005663715,0.28554133613654986,0.03006890272728782,0.6180218974476548,0.8317834653961058,0.2314500909473521,4.0
2021-04-27 14:41:06.400,0.27976681411014204,0.54688419110397,0.808128276550731,0.4489526599147377,0.020795211537599105,0.8101557941754856,0.37134856599076566,0.9804856382935944,0.9653346757560639,0.3177379221569357,0.20435206822682767,0.19236812094461386,0.5686591212705775,0.8619455586607606,0.23615819618914102,4.0
2021-04-27 14:41:06.420,0.23280352487486267,0.6609339956710777,0.8064129751470127,0.4769320679722147,0.02562247856320414,0.7872660214319105,0.41439201727220903,0.9739808510581257,0.9558729493640348,0.15886896107846785,0.12195203352302182,0.24725279015673465,0.42649436852428263,0.9506436476192447,0.33559322616351633,4.0
2021-04-27 14:41:06.440,0.1858402356395834,0.7749838002381854,0.8046976737432944,0.5726293435180949,0.08717612386046426,0.6752709585811145,0.6083377481669506,0.9310755182156194,0.886094536687773,0.0,0.039551998819216054,0.3021374593688555,0.35433496333313796,0.9957079904069233,0.4135593031777074,4.0
2021-04-27 14:41:06.460,0.15822480121491672,1.0,0.8638782897580107,0.6480118218151955,0.1705772235977127,0.5833895639880892,0.6967834912897227,0.8715076630921079,0.8214639016148111,0.17889321257981827,0.0011098506352482066,0.3693998526284096,0.25525048102355014,1.0,0.5322033643555296,4.0
2021-04-27 14:41:06.480,0.1447411416528957,0.5708360694258898,1.0,0.6683920083134103,0.18510721973332497,0.5519114680085591,0.7852292344124949,0.8119398079685965,0.7568332665418492,0.388901514500166,0.0,0.42857145681202785,0.2148627550604869,0.987124410705676,0.5745762507858658,4.0
2021-04-27 14:41:06.500,0.05778624825492778,0.5663379553574331,0.8300643582652788,0.6887721948116251,0.19963721586893715,0.520433372029029,0.9244861953130682,0.7579262942538656,0.607769645878227,0.5242637708626608,0.016950867255027514,0.4725275061989563,0.174475029097424,0.9742488214113527,0.616949137216202,4.0
2021-04-27 14:41:06.520,0.0,0.5131678274767681,0.58062911323836,0.7134376566252134,0.2093350990962165,0.4614145096478891,0.9532550289062566,0.748238520037211,0.548310268038955,0.594140367363461,0.060336986386241305,0.556575323752101,0.13354877953491215,0.9420600679179975,0.6847457485623669,4.0
2021-04-27 14:41:06.540,0.07864467259798691,0.3693137484732872,0.4126052772456121,0.741392579651859,0.22651799023398167,0.3743283929792566,0.9820238624994452,0.7385507458205565,0.48885089019968303,0.5486410882626276,0.09509635133269251,0.5808477552272717,0.08723751454871191,0.9077253096281036,0.7652542267054293,4.0
2021-04-27 14:41:06.560,0.26814102746632895,0.4519828869539617,0.3059487083361984,0.7813358476774541,0.2779270127367697,0.25975037348024654,1.0,0.6811005429470175,0.32620154435875676,0.5031418091617942,0.12985571627914363,0.6051201867024425,0.054927311721181864,0.8884121454290717,0.8559322052283826,4.0
2021-04-27 14:41:06.580,0.3612616577575716,0.43407781458338845,0.09434210739896144,0.8295016313665188,0.3100244495981767,0.1723379779527298,0.9881913690049404,0.663347676435846,0.26502225808809726,0.4702097199236639,0.20573099558450614,0.5568168246487916,0.03661828133772007,0.8519313823426391,0.9389830497884516,4.0
2021-04-27 14:41:06.600,0.43689291106402356,0.43662617119069874,0.060078454096539335,0.8614365882564358,0.32047296268387476,0.1201604344989701,0.976382738009881,0.6455948099246746,0.20384297181743766,0.5471269693746047,0.2767632035842262,0.5918367576897942,0.02261716403635078,0.8347640031976922,0.9525423720576845,4.0
2021-04-27 14:41:06.620,0.5250583686230603,0.49997879061102696,0.05306426699026469,0.8857587541409715,0.337765314979422,0.0775141134044432,0.9298540279785769,0.6246679544553022,0.1060049919882064,0.5631766310624429,0.35273938253119197,0.6355512765274027,0.021540171980152834,0.8197426288492838,0.9813559275408216,4.0
2021-04-27 14:41:06.640,0.6248640518746372,0.6275834003161441,0.0927290927402268,0.9084690783442633,0.3591909166155798,0.04314147827352937,0.8770500694034845,0.5919350835314219,0.037253124203217,0.5677189882842073,0.43759459780139287,0.6816809822476924,0.008616046734981486,0.8090128246090454,0.9796610165961506,4.0
2021-04-27 14:41:06.660,0.751518985885728,0.6912292468936473,0.16024572636762233,0.9242108837889254,0.38182147965235524,0.027006697804764963,0.8549213128814911,0.5676581912064956,0.0203712369285127,0.6146566808150972,0.5265866265273701,0.7546190271215499,0.005385070566387809,0.8111588294055841,1.0,4.0
2021-04-27 14:41:06.680,0.8454298271566164,0.6691324468322244,0.22842901834171006,0.9399526892335874,0.4044520426891307,0.010871917336000554,0.8327925563594978,0.5433812988815694,0.00348934965380834,0.6667423707613771,0.6125517106017746,0.8171718553809247,0.0,0.8025750299618831,0.9525423720576845,4.0
2021-04-27 14:41:06.700,0.8940464364398601,0.6449666081943446,0.27683821883050036,0.9653434134572004,0.47755560296207095,0.0,0.800416161910757,0.46644455962687575,0.0,0.6837005093465929,0.6933710062767713,0.8386668446746948,0.002154094397794132,0.8047210347584218,0.9220338709180116,4.0
2021-04-27 14:41:06.720,0.9266210628717674,0.6011950288922658,0.3535352101727513,0.979254765387278,0.5367096704303144,0.006156027399294797,0.7882101596308111,0.4058889573198027,0.014796593570623191,0.6947535798255435,0.7618807604001805,0.843738695614644,0.005385070566387809,0.8175966240527451,0.8796610105215742,4.0
2021-04-27 14:41:06.740,0.916277246372248,0.5828375465221997,0.42948407675160144,0.9909813259146532,0.5991534142062414,0.021012798019476288,0.7812694382435793,0.3436813919787928,0.039699475827792756,0.7203421834995499,0.8148521844406964,0.851467232357123,0.0193861878677571,0.8025750299618831,0.7796610044469978,4.0
2021-04-27 14:41:06.760,0.8792775248696971,0.5643045346386505,0.4666341494331039,0.9995095095436648,0.6666506914112106,0.043456998688597766,0.7756432940412623,0.27855755324383713,0.07331507660121056,0.7815125916073301,0.8619715531474605,0.8690979503143904,0.025848140204944456,0.8047210347584218,0.71525424970204,4.0
2021-04-27 14:41:06.780,0.8524565953085643,0.5565911089396711,0.5124523671265411,1.0,0.743004714871271,0.07577296084963797,0.7683275267626561,0.20771823994266048,0.11797614655903318,0.858127056406119,0.9037433027888694,0.8734452471663774,0.03984925750631375,0.8133046144596691,0.644067781754668,4.0
2021-04-27 14:41:06.800,0.8593079863406757,0.575328529284866,0.5813169834415378,0.9864072062194379,0.8239782055091663,0.12153365776104429,0.7579907970480422,0.13609624008589782,0.17566723135723242,0.90854721041379,0.9302794749531991,0.8418065639000767,0.07108246827764601,0.7832618657628513,0.5508474368147082,4.0
2021-04-27 14:41:06.820,0.8752937819162167,0.6115580816059213,0.6077757828871665,0.9592619952639946,0.8957368489633891,0.17959787227829888,0.7441227495096857,0.07581830349416296,0.24206233750757108,0.9208115835878207,0.9594389965061347,0.797609001755406,0.09046854586000472,0.7424893128257963,0.4677965922546393,4.0
2021-04-27 14:41:06.840,0.8750762340941528,0.6498149390176295,0.567213513302538,0.9258918680378788,0.9493913353097906,0.2461275038794842,0.7285338958628031,0.04726582047851333,0.29537243110788064,0.9318646292802951,0.9916254660140896,0.768626998361109,0.12924081131012066,0.7038627646852789,0.3542373159786275,4.0
2021-04-27 14:41:06.860,0.8355838899505245,0.7058523333712828,0.5706419871753303,0.8855863479303292,0.9858487243070788,0.32182359047040887,0.7129450422159205,0.018713337462863695,0.3486825247081903,0.9824362286571011,1.0,0.7500302115812949,0.17232093469962956,0.6716737914494698,0.27627116954070646,4.0
2021-04-27 14:41:06.880,0.7192685092805312,0.7462968359246381,0.7415733218550313,0.8222681529807033,1.0,0.4140719499695779,0.6376059453880057,0.0,0.5116688095846852,1.0,0.9645847956417434,0.6890472350272434,0.21217013706324417,0.5987124850190584,0.20169489705992505,4.0
2021-04-27 14:41:06.900,0.699823869251692,0.7506405168332225,0.6872558220040975,0.7582711381956625,0.983922098555958,0.5047196490681948,0.6010743911740872,0.015329619494911746,0.5654944737624816,0.9333787483542167,0.9463222495631047,0.626856680846587,0.253096386625756,0.5364807630864329,0.14745760798299312,4.0
2021-04-27 14:41:06.920,0.7255613113388776,0.8216482840447114,0.49822643838288083,0.7170107966664466,0.9521306607526403,0.5796432620025663,0.5645428369601686,0.030659238989823336,0.6193201379402778,0.9448860805811435,0.9042477886089619,0.6737109189095775,0.30048469881085316,0.4613734518594828,0.09999998004067767,4.0
2021-04-27 14:41:06.940,0.6675298220152185,0.9465988832579837,0.6360744162171638,0.6791898595197421,0.9044704498623651,0.6505108467606795,0.507432791707891,0.06869484614481788,0.682494512259286,0.9766825687402567,0.852184457213568,0.6930322538468281,0.35918151030007733,0.34871248501905827,0.056779629460039505,4.0
2021-04-27 14:41:06.960,0.7142878555352171,0.9477331198769973,0.8161478550820321,0.621019539623288,0.7843322740114925,0.7428465583416903,0.4189449290453411,0.17130733409682425,0.772389323986913,0.9420092506227215,0.8047623854526857,0.666948456920171,0.3852988847333963,0.29989290851550326,0.03347456058098212,4.0
2021-04-27 14:41:06.980,0.7604121071845285,0.9957887589388847,0.7301483736937742,0.5809658046166573,0.6422903326023328,0.8107209914674482,0.3409352696815334,0.3017984347452667,0.8460135603578589,0.7990764001299432,0.7536071054093333,0.6737109189095775,0.41141625916671554,0.2510733320119495,0.010169491701924736,4.0
2021-04-27 14:41:07.000,0.8042904607254041,0.9687766080939799,0.7050855541343625,0.5748459528234432,0.6072868741418169,0.8251211289908728,0.31236989501387874,0.3461057183225983,0.8652783927555806,0.6700734252880615,0.7042679941389923,0.6973795645367087,0.43295643114686855,0.20815455453590212,0.020339026793680874,4.0
2021-04-27 14:41:07.020,0.8481688142662798,0.9417644572490751,0.6800227345749508,0.5687261010302289,0.5722834156813009,0.8395212665142974,0.2838045203462241,0.39041300189992983,0.8845432251533024,0.6537209566402428,0.666633034829235,0.7205651708104618,0.4582660477523644,0.18025781063562302,0.008474598113186438,4.0
2021-04-27 14:41:07.040,0.8630377372286102,0.7366941894264813,0.8001022133334443,0.5629467491335142,0.5320533640482479,0.8596455008655531,0.25723893632750117,0.43039550269280036,0.89903733043626,0.7042925188373345,0.6527091237878427,0.7249124696392907,0.470651594255388,0.1464594436736369,0.0097457466098244,4.0
2021-04-27 14:41:07.060,0.9003897799696055,0.7371632544419827,0.8128573826681718,0.5559443699467633,0.47387578406976366,0.8817682880851724,0.23067335230877825,0.47037800348567094,0.9135314357192177,0.7283670158306575,0.6387851962292183,0.7065571975940608,0.48303714075841164,0.11266107671165078,0.011016895106462612,4.0
2021-04-27 14:41:07.080,0.9405838630335758,0.8076037843272496,0.7694439394002424,0.5509212500748767,0.39514543307467503,0.8985453381639711,0.20292232874387478,0.5532435411734038,0.9355312272420371,0.674615794903064,0.6182019996867838,0.7031759656109365,0.4975767265165304,0.07939954056247997,0.01355927887940183,4.0
2021-04-27 14:41:07.100,0.9716732914866715,0.8552920901996508,0.7568582324475253,0.5502236257357829,0.3499197914572918,0.9050029498016648,0.19214724433057767,0.6019893677880682,0.9463589488758898,0.6011810260144911,0.5911613392247768,0.7323994876935015,0.4986537737154273,0.07939954056247997,0.01355927887940183,4.0
2021-04-27 14:41:07.120,0.9846026329147161,0.8305430366993033,0.7700808823871279,0.5498182389279006,0.3219712891847206,0.9082374130916645,0.1867512640575648,0.6324794831149129,0.9525507069789539,0.5684760515391395,0.5620018218011492,0.7722497490325014,0.5002692893710738,0.07618053336767319,0.010169491701924736,4.0
