2021-05-01 18:40:32.180,1.0,0.4783106420011677,0.5837716181799829,0.7569792751623334,0.538470028844848,0.7010770995607085,0.03255553838071055,0.24591833692044748,0.5124125149294227,0.2942216951274673,1.0,0.6466774831040407,0.8860760929338476,0.9256678270017981,0.9577114385723128,1.0
2021-05-01 18:40:32.200,0.40864184982012614,0.4026344129522359,0.6314396856636938,0.7626800568086315,0.572804302090757,0.7084479750432845,0.0396209548871839,0.21292367882664437,0.46695611046349117,0.2956957564880081,0.7012858879727578,0.5948136287110913,0.8481012412113405,0.9210220067236722,0.9402985105041953,1.0
2021-05-01 18:40:32.220,0.41326772400663053,0.40677061906482154,0.09534668093888127,0.7663014859546091,0.6097445568367457,0.717170700744805,0.04976670339803438,0.17988856970655828,0.4172050774067631,0.28272405415905205,0.5618200126018379,0.5094543683560289,0.822785105463915,0.9279906776751228,0.9291044780396525,1.0
2021-05-01 18:40:32.240,0.8386126219103698,0.4945814116831016,0.3039659034128442,0.7720079084822958,0.6519906548985549,0.7230321790175188,0.07530981202367526,0.1453183558753133,0.36942490975956016,0.29687499688940927,0.6854599730370505,0.4316585956105961,0.8101267135395178,0.9291521624775237,0.9278606938244105,1.0
2021-05-01 18:40:32.260,0.6538333727719725,0.47792450758840527,0.7642157769747435,0.782154439703586,0.6871734871431985,0.7222146319986912,0.10955811354178537,0.11920232829535007,0.34005063194158447,0.32665090751469983,0.8694362260685891,0.4208536171014069,0.759493793943298,0.9407665347756233,0.9104477657562929,1.0
2021-05-01 18:40:32.280,0.2679774064720492,0.379829529159131,0.4256664930531178,0.7837611693140618,0.7225685507745668,0.7319803905029915,0.1275805731337492,0.09543073891952339,0.29350127493587497,0.375589589283314,0.611275996775923,0.42409509915697474,0.7278479761576462,0.9419280195780242,0.8880597008272073,1.0
2021-05-01 18:40:32.300,0.6229356796338774,0.39080401807709236,0.11452048149113868,0.7869164851361801,0.7597160078664755,0.7392169137282804,0.1555125837462669,0.07322711582359587,0.25142366046605547,0.40153297463671167,0.4055391026117291,0.3203673815270845,0.6645569886877145,0.9570266084203722,0.8830845767025569,1.0
2021-05-01 18:40:32.320,0.8889346089225431,0.4486097451740795,0.5729272944730874,0.7984631410304153,0.7997075854693915,0.7360347598413645,0.2014156657238841,0.05251478201384029,0.2219096508142996,0.4089032935047375,0.7754698642338854,0.25121556682582724,0.6455695628264609,0.9558652425494485,0.8569651782322217,1.0
2021-05-01 18:40:32.340,0.41675047191340125,0.31218923587171593,0.8020592016474467,0.811245291945264,0.8281310496483476,0.730193175750427,0.237250744484923,0.039830529447365384,0.20348589113297477,0.340212256588064,0.6538081431656361,0.28146950842035534,0.6202534270790356,0.9570266084203722,0.8445273742887547,1.0
2021-05-01 18:40:32.360,0.14878100493280116,0.24067579410165912,0.33554303033829125,0.8091737993699977,0.864201734854864,0.740757846299369,0.2661341622067212,0.02619595160965029,0.16206282216480686,0.2299528254009661,0.1389713398173527,0.3511615627608811,0.5759492173689865,0.9616724286984984,0.8445273742887547,1.0
2021-05-01 18:40:32.380,0.6234193393468221,0.3328706747912538,0.24598916857634653,0.800371309764491,0.9085432128248575,0.7580180319176022,0.30575007368702456,0.013243486048789452,0.11311995288003374,0.2791863184764627,0.005934677620600591,0.4673149955057488,0.5949366432302411,0.9721254351256743,0.8432835837053537,1.0
2021-05-01 18:40:32.400,0.476466162033476,0.2713973830229253,0.5942009282864265,0.7798579216225424,0.9487042822986222,0.7873167548701557,0.3451685735825257,0.005164547615791185,0.0693592886554337,0.38782427179078904,0.002967338810300251,0.5699622053352297,0.5822785753565284,0.9790941060771252,0.833333335456053,1.0
2021-05-01 18:40:32.420,0.38401900591807,0.19819747831246534,0.5679236694435158,0.7232118900201867,0.9801220051163966,0.8580355082909895,0.38050751865397586,0.0012773370011226104,0.0308924687606648,0.4964622251051155,0.0,0.6726094151647107,0.5632911494952748,0.974448285798999,0.8121890611103683,1.0
2021-05-01 18:40:32.440,0.3705882833089358,0.14841718698896067,0.6170345364173625,0.6052062829395385,0.9969647466145647,1.0,0.4271117468282113,0.0,0.0024025327953424505,0.6739386656312466,0.05143425592528006,0.8541329006758382,0.5759492173689865,0.9825783226213732,0.7786069700848987,1.0
2021-05-01 18:40:32.460,0.4254125452882752,0.13071119767005013,0.6309912251395263,0.464230372036731,1.0,0.0,0.4681464418987507,0.0002581589191883425,0.0009392024142551895,0.6689268999579524,0.2413452270577088,0.8887088124484627,0.6455695628264609,0.9895469935728242,0.7450248917957468,1.0
2021-05-01 18:40:32.480,0.4198875472893107,0.12749544872313534,0.6343044948609028,0.34910406460028687,0.9937355306028789,0.13827777204246947,0.4949013597594966,0.0013402434327115607,0.003362951177042631,0.6126179234519556,0.43818005216662526,0.8919502945040306,0.6012660012177821,0.9918699631776257,0.7101990101868764,1.0
2021-05-01 18:40:32.500,0.4143625492903461,0.12427969977622055,0.6376177645822791,0.29053561449537235,0.9711648142617616,0.21359050744410749,0.5126795226701634,0.002766552878790647,0.0017297620686446183,0.5754716698279961,0.5232443530421095,0.9340896850422934,0.6455695628264609,1.0,0.6840795989802234,1.0
2021-05-01 18:40:32.520,0.27266954130825527,0.1006346260574062,0.6660816219877895,0.28260670975880553,0.948147862186277,0.22975391351496147,0.5304576855808303,0.004192862324869733,9.657296024660281e-05,0.6064268932466174,0.5163205112097087,1.0,0.6582279547508583,1.0,0.6492537428439885,1.0
2021-05-01 18:40:32.540,0.21554093846471786,0.09124760161716813,0.702787250884257,0.27702332303988486,0.936638337820787,0.24014614077700705,0.5587717175358067,0.007227628198046034,0.0,0.6459316035427359,0.5331355458288976,0.9665046028818782,0.6329114949527483,0.9953541797218741,0.6355721610534382,1.0
2021-05-01 18:40:32.560,0.23686004946811443,0.08162537421609775,0.7196540273593703,0.2672027601450736,0.9245883455190316,0.2553293413640055,0.577855443765406,0.009598512140836084,0.006533434215684561,0.6530070700817859,0.5865480046888805,0.8454889249436801,0.6550632757570878,0.9941928138509504,0.5733831031271494,1.0
2021-05-01 18:40:32.580,0.2463062119897172,0.08779010603216784,0.7290375957760343,0.2581480318182462,0.9098536225097286,0.26957239419727286,0.6002232258973663,0.012924885315668138,0.014769619437846609,0.654186286352544,0.5845697653219171,0.7633711554881769,0.667721667681486,0.9907084486423556,0.5438432996569385,1.0
2021-05-01 18:40:32.600,0.22105218444645391,0.15866949154473897,0.7516239897467879,0.250213127032621,0.8936760926188622,0.28209764771908663,0.6239228887623451,0.01711630016667645,0.02448775195710736,0.6689268999579524,0.5074184300103444,0.7125877980617472,0.6803800596058832,0.9872240834337609,0.5143034961867274,1.0
2021-05-01 18:40:32.620,0.21573983834394916,0.21168955932813752,0.7631244071717425,0.24252209431058083,0.8762214356163796,0.2936735301161077,0.648638259076416,0.022268681177850514,0.03621506308011525,0.7057783012529362,0.48763603957913354,0.6758508967780791,0.6645569886877145,0.9709639503232737,0.46393037238484075,1.0
2021-05-01 18:40:32.640,0.25549179522668064,0.2079200574510266,0.7843944032173982,0.2331653031891611,0.8565568597355507,0.3069503812818921,0.6751922547942043,0.028854609004409386,0.05311024717926409,0.7473466641535245,0.5469832254456704,0.6272285465506761,0.6329114949527483,0.9593495780251737,0.4191542552629872,1.0
2021-05-01 18:40:32.660,0.26892938653471055,0.1944841325916817,0.7928267471272942,0.22300632639047377,0.8347163073363251,0.32107859308476294,0.702741499325311,0.037134941908688344,0.07520610763554375,0.7385023490776945,0.6033630474041273,0.5375472983295344,0.6075950351546383,0.9454122361222723,0.3955223997505007,1.0
2021-05-01 18:40:32.680,0.2486207783380226,0.21316942468821495,0.7843786672060516,0.2156055679675673,0.8112174030734125,0.33181146845381543,0.7313536139752581,0.0471735252242391,0.09689930885426534,0.7054834971852467,0.5905044915188652,0.48676393205911334,0.5759492173689865,0.9349593486265734,0.3694030140164833,1.0
2021-05-01 18:40:32.700,0.1960935320726695,0.2319076084623645,0.7983694782680806,0.21017792080508796,0.7879689538397247,0.33971035434393676,0.7589945939882737,0.05824849982439813,0.11711467908764424,0.7084316102540712,0.5163205112097087,0.5267423286643367,0.5696205074828158,0.905923298949847,0.3258706620053952,1.0
2021-05-01 18:40:32.720,0.14576082413990707,0.21250230294134517,0.8079714667880205,0.20431609283042027,0.7662368410492186,0.3472407921986508,0.7832873218490868,0.06962298415107701,0.1382771514821926,0.7326061229400456,0.4935707584896295,0.5591572288159385,0.5379750137478504,0.8919860759784227,0.2985074474790236,1.0
2021-05-01 18:40:32.740,0.1904919891372709,0.22723126051518266,0.8164485099756892,0.19806738280616476,0.7430982682930516,0.3550301562368309,0.807583494592241,0.08280954926829771,0.16245695360822157,0.7084316102540712,0.5311573024139052,0.5245813347312971,0.5189875878865959,0.8745643985997961,0.2636816422880596,1.0
2021-05-01 18:40:32.760,0.21475762008720414,0.19281334817092324,0.8310688893071729,0.19311912703434722,0.7192199133711801,0.36135022623059876,0.8322564854185194,0.09757127891380876,0.18608897132179053,0.676002378562324,0.47675572144162315,0.5105348653225485,0.4746833781765468,0.8513356540035962,0.24626867601098892,1.0
2021-05-01 18:40:32.780,0.16366419299021542,0.19768849266268643,0.8314358910888695,0.18937775259211168,0.696401630400367,0.36582820208944733,0.8559301753576462,0.11276114785490918,0.20688576639793727,0.7222877151338385,0.49653811349204563,0.7784981130194537,0.4620253103028351,0.826945305673519,0.22014929027697153,1.0
2021-05-01 18:40:32.800,0.13487840750146063,0.29579619662351764,0.8437580557447018,0.1844919418784296,0.6740643172679037,0.3710435738076902,0.877009769760669,0.12864580424937824,0.23004946675783028,0.6911114308930757,0.5924827288618141,0.6912479842995802,0.4620253103028351,0.8037165610773195,0.20024879377836996,1.0
2021-05-01 18:40:32.820,0.22135480679581288,0.29924813001162764,0.8666802658351069,0.17815008770512547,0.6518446954198092,0.37822315358869785,0.9024656100989475,0.1546500242537939,0.2730473034300655,0.6599351466523128,0.6884273442315826,0.6039978555797069,0.4746833781765468,0.7874564874325705,0.1728855792519983,1.0
2021-05-01 18:40:32.840,0.3311763611335603,0.05536852189722101,0.8455118934563017,0.5269976731781909,0.6087235442580002,0.4702793889558862,0.7574916525420294,0.16765248634423832,0.3987266874478203,0.5843160572957556,0.7161226913210412,0.42301461103444643,0.4620253103028351,0.7653889897758176,0.16044780078116683,1.0
2021-05-01 18:40:32.860,0.20321951681866757,0.03247850999599999,0.8252647868887268,0.5133166425240099,0.6118465859286177,0.46457706981679736,0.6125176949851112,0.18065494843468274,0.5244060714655752,0.6058372609805953,0.7052423667066847,0.4424635564318024,0.4177217486941562,0.743321729982019,0.13805977406103456,1.0
2021-05-01 18:40:32.880,0.17828803223228534,0.10040349906533819,0.8678172124039031,0.49963561186982886,0.6149696275992351,0.4588747506777085,0.7416749337647021,0.19355804340060248,0.4762790667602176,0.6880896228399896,0.6726014252478464,0.47487847427138724,0.4177217486941562,0.7119628296319677,0.11194038832701715,1.0
2021-05-01 18:40:32.900,0.19774348987325804,0.12055090972355965,0.9149902156491196,0.043655772257404676,0.5604868469249856,0.4236930195989495,0.8708321725442927,0.2064611383665225,0.42815206205485995,0.769162744297983,0.703264135435779,0.4770394593604354,0.4177217486941562,0.6922183015800163,0.09452742204994627,1.0
2021-05-01 18:40:32.920,0.17498338155784807,0.07110417537985711,0.9428472136190597,0.06104018353969092,0.5201459049363789,0.4113636799549957,0.9715424837388542,0.2644096198925035,0.42687244763283216,0.7989386549232737,0.7181009306880046,0.46947598943878843,0.379746896971649,0.6480835441294648,0.07338309675899045,1.0
2021-05-01 18:40:32.940,0.14476532980983242,0.040595281372898716,0.9428483511620487,0.05898521546148326,0.49017598871711965,0.41505870779532905,0.990061514446114,0.2959531267590967,0.45787676825078066,0.7632664940296909,0.700296784481392,0.5062128686124779,0.36075947111039536,0.6120789424327647,0.072139395329814,1.0
2021-05-01 18:40:32.960,0.07242827348792279,0.011321905426128667,0.9406792146742888,0.0530624570582335,0.46473867513160283,0.4215538043987821,0.9954261628008271,0.3239626066331501,0.49385211160235015,0.7125589395936536,0.6745796646148098,0.5678012045480968,0.36708882909793633,0.584204377558439,0.054726429052743136,1.0
2021-05-01 18:40:32.980,0.05506201463722417,0.055117828925551074,0.954670578708604,0.04747492181351382,0.44200251361136284,0.4274186026956325,0.9978964656225896,0.34993288533156675,0.5265243313477248,0.729657985740578,0.6132542442389444,0.5796866711798144,0.33227833231851406,0.5325202662209747,0.027985128922548695,1.0
2021-05-01 18:40:33.000,0.0493568117704013,0.05871502710538221,0.9839307241059521,0.04141554048344466,0.41816843770765416,0.43326798543564154,0.9991856199012489,0.378090930793059,0.5601657447866355,0.8596697889671855,0.62116719361074,0.4964884047577913,0.35443043717353906,0.4645760812387619,0.0024876575847085102,1.0
2021-05-01 18:40:33.020,0.05018391455003955,0.0,1.0,0.033976342767127396,0.3872230195296421,0.44014547547402755,1.0,0.4160333675117122,0.6019801346001211,0.9955778183314418,0.7655786754951263,0.3819557351506862,0.3481014032366827,0.4111498021634351,0.0024876575847085102,1.0
2021-05-01 18:40:33.040,0.04010259433689301,0.067693550586647,0.9588787807529859,0.025518500991177424,0.347994785808387,0.44825583359558707,0.9984742888728143,0.46630194393940017,0.6531823037433951,1.0,0.885262157196412,0.3614262927868105,0.36075947111039536,0.36701504471288293,0.0,1.0
2021-05-01 18:40:33.060,0.035627617107681614,0.20618650766969684,0.9118010783315065,0.017386805733418487,0.3073089219978324,0.4563731563034585,0.9928440623946011,0.5208937727022095,0.7049386349278971,0.8705778049087715,0.8506429520824368,0.3754727445075761,0.3639240690914947,0.3353657731622317,0.0031094764585022335,1.0
2021-05-01 18:40:33.080,0.03390697432839018,0.26921090878149045,0.9163935171188075,0.0106452285702679,0.27276263729409694,0.463099586866322,0.9847912657808758,0.5691174206522802,0.7476920305294336,0.6954598693160859,0.7903066594861109,0.3927606959718926,0.367088667072594,0.30371650161158087,0.006218952917004647,1.0
2021-05-01 18:40:33.100,0.0,0.22730828796776295,0.9299845015692465,0.005380081112310554,0.24893718260319603,0.4684245323625924,0.97951310503875,0.586223142523495,0.7630916502728604,0.6037735842454823,0.7823937182103732,0.38951921391632466,0.3734177820221215,0.28077806875024297,0.0037313908546794516,1.0
2021-05-01 18:40:33.120,0.02004440775868154,0.2251326351764841,0.9287025992403068,0.25282042677304856,0.234614397416592,0.4719203392824509,0.9742349442966243,0.6033288643947101,0.7784912700162873,0.631780646333993,0.8704253457520709,0.28795244599951686,0.379746896971649,0.2578396358889048,0.0012438287923542551,1.0
2021-05-01 18:40:33.140,0.04008881551736304,0.22295698238520523,0.9274206969113674,0.5002607724337866,0.2202916122299879,0.47541614620230943,0.9562281291793207,0.6455207009848324,0.8161759890581449,0.6538915064154976,0.9653808272702563,0.08049703727171062,0.49367112808848596,0.20092908080359134,0.01865673138783613,1.0
2021-05-01 18:40:33.160,0.09202342797293668,0.2764391246657648,0.8503886318851444,0.9965280180156276,0.1862002651140234,0.48225642146379055,0.9385380201874565,0.6969198170915696,0.8559805583411576,0.5252063576894577,0.930267074458627,0.0,0.5253162977727667,0.1788617615440542,0.014925436055539993,1.0
2021-05-01 18:40:33.180,0.034082212648566486,0.34169699901576556,0.8310861791706439,0.9938087846453761,0.16533695944280924,0.4869086904763566,0.9237184957145538,0.7291025597119937,0.8806659026312126,0.4164209800204416,0.7596439391781058,0.022420320899276876,0.5696205074828158,0.16724738924595428,0.032338402332610865,1.0
2021-05-01 18:40:33.200,0.019141294058161236,0.47296373451426255,0.8455567758468974,0.9919360454353228,0.15082772220182666,0.4905467975900714,0.9058205847283806,0.7569967893699648,0.9031216908243549,0.30763560235142545,0.5890208038975846,0.044840641798553654,0.5822785753565284,0.15795574868970186,0.036069697664907,1.0
2021-05-01 18:40:33.220,0.03243658382576134,0.4957250286134526,0.8758738013757912,0.9908119898409565,0.1441980682002739,0.49287833078662924,0.9317628659973731,1.0,0.9860904309822013,0.30925705730008596,0.5143422677947163,0.10102646194760359,0.5443037236340212,0.13937270544015137,0.03980099299720314,1.0
2021-05-01 18:40:33.240,0.0516998649042177,0.44436825902952437,0.8250756356480615,0.01598805647775183,0.0,0.49437629127600535,0.912339355408982,0.8933247599065327,0.9585598708170464,0.32163914184140574,0.5895153718353834,0.1183144310999029,0.6265821369652065,0.132404153420178,0.04228865058191165,1.0
2021-05-01 18:40:33.260,0.11099334973986134,0.5510241963636887,0.8374905722668718,0.014558624836644812,0.06329423197903704,0.49518859051474623,0.894046361028279,0.8443317287420528,0.9463641709766166,0.31367921483800093,0.604352167087609,0.16477580950424492,0.6012660012177821,0.1184669304487534,0.046019945914207785,1.0
2021-05-01 18:40:33.280,0.10014359129966431,0.6111724943903197,0.8580082408274883,0.010577821986646523,0.12335801634455854,0.49900287634818374,0.875753366647576,0.7953386975775727,0.9341684711361868,0.28478772365497185,0.5410484992487222,0.2317666214284712,0.6455695628264609,0.10569107334825255,0.04975124124650392,1.0
2021-05-01 18:40:33.300,0.10170558069805458,0.5776689903107423,0.8510950816294727,0.007952000053012002,0.1193647673406642,0.5021621016226611,0.860290937909862,0.801738597628329,0.9433358556234387,0.3001179140259232,0.5618200126018379,0.289032951810028,0.68987377253651,0.09175373144535144,0.06343284850968967,1.0
2021-05-01 18:40:33.320,0.12151826428620538,0.5973477523102537,0.8219593510467341,0.0061400130798284795,0.11599995783229926,0.5042870923205894,0.8499355720260583,0.807143496322724,0.9497507855390356,0.3178065924388697,0.643916962522935,0.3149649143824685,0.7088608743470781,0.07781638954245033,0.07089556653745975,1.0
2021-05-01 18:40:33.340,0.14921317986118926,0.6539637086833329,0.8065770701470427,0.00437235129504857,0.11089773935232194,0.5067250610123399,0.8382322410305363,0.8153604220476997,0.9576964504551816,0.31898580870962767,0.6686449465139196,0.3614262927868105,0.7151899082839345,0.06387916657102573,0.08457717380064549,1.0
2021-05-01 18:40:33.360,0.15354677901108524,0.6715127200234909,0.8384119374551217,0.0023486224513816867,0.1063083364151481,0.5094848675863707,0.8245017330856091,0.82277655828757,0.9658026548840224,0.31574291570375695,0.6280910394911698,0.4068071565366497,0.734177334145188,0.05574912974865142,0.07835828456522984,1.0
2021-05-01 18:40:33.380,0.12895779534989005,0.5997690221055779,0.8502513316313242,0.0,0.1038535780254435,0.5123521189688947,0.8095170649186094,0.8267514936424093,0.9726614395402295,0.29510612422198595,0.6013848080371639,0.4424635564318024,0.7500000810126702,0.04181178784575032,0.0876866184183534,1.0
2021-05-01 18:40:33.400,0.12672834742572628,0.5408850436257813,0.8377444560627871,1.0,0.10430677817491883,0.5151331762937036,0.7942319980548063,0.8260174287902129,0.9774472056906491,0.2759433772093056,0.6350148853715997,0.5289033137533847,0.7658228278801543,0.025551714201001028,0.09577118716071172,1.0
2021-05-01 18:40:33.420,0.13952666567064984,0.6444050586077205,0.8346186696201707,0.997578959323092,0.10509334654822541,0.5181204613152443,0.7776716307916868,0.8247433388250491,0.9821707454305284,0.23113207304156022,0.6271019198076881,0.6153430710749671,0.7911396117289498,0.018583043249550475,0.09950248249300785,1.0
2021-05-01 18:40:33.440,0.15060954728029538,0.7244316530693411,0.8615296568220419,0.9951223916735692,0.10857833986847167,0.5211138508972941,0.7604657694061684,0.8191061714331238,0.9850390591015111,0.18248820257982853,0.611275996775923,0.6542409618696792,0.8354431733376277,0.012775857100500176,0.12189063657631793,1.0
2021-05-01 18:40:33.460,0.16402163822895105,0.689762594762475,0.8844081070555927,0.9928469670364544,0.1163605825775757,0.5239532991060373,0.7432655586190224,0.8065638026017773,0.9847657486775209,0.15831367782853256,0.6092977574089595,0.6834143799657132,0.867088667072594,0.013937222971423932,0.11691544877007873,1.0
2021-05-01 18:40:33.480,0.18485812912382343,0.6505419462010109,0.9010291070984677,0.9907537434250391,0.12675431967114006,0.5266706950491625,0.7263057584876261,0.7899098412347294,0.9823290873562341,0.14150942609704037,0.5845697653219171,0.7071853132291483,0.8417725313251696,0.010452887495698993,0.11567168365931328,1.0
2021-05-01 18:40:33.500,0.19441774659975244,0.6620971087212436,0.9108918615494059,0.9887875649359137,0.13848896325678686,0.5291987976904186,0.7102375013410877,0.7712440789810278,0.9783647560899357,0.14298348504451688,0.5608308929183562,0.7244732629246664,0.8417725313251696,0.006968670951450552,0.1131840897561936,1.0
2021-05-01 18:40:33.520,0.18940867259936964,0.6678260765514796,0.924380862111048,0.9868237252130108,0.1504061185040536,0.5316371915269998,0.6947441677956092,0.752439906929465,0.9737483198001684,0.15801886410858576,0.5974283212071791,0.7795786099859735,0.8544305991988813,0.0046457013466486945,0.11691544877007873,1.0
