2021-04-25 21:26:20.120,0.8684665348901299,0.6938880785035945,0.5435206141103451,0.010340087061290016,0.8598296379698522,0.859774524647213,0.12200777735468922,0.1215779077346123,0.6540288285618764,0.5108421521097245,0.5673267455314642,0.4717356789334118,0.8923077461670011,0.9626663317049454,0.02180673413029654,7.0
2021-04-25 21:26:20.140,0.4651868535925469,0.4163727128189729,0.6688851353712062,0.009781404523223975,0.8503446792618327,0.8655773624531483,0.11609644788722089,0.13009515359767865,0.6637371670092261,0.4974785637092907,0.533539615449526,0.4976114812913113,0.8888888110921089,0.9626663317049454,0.04672885270911468,7.0
2021-04-25 21:26:20.160,0.5028192625064148,0.5677202315535019,0.12225451230883783,0.017155044060661668,0.8714437172593683,0.872270026865345,0.11040165143038097,0.11119720233266296,0.6364625939691877,0.4639435118128579,0.5418316949934449,0.5099522454616766,0.8888888110921089,0.9626663317049454,0.0560746870515611,7.0
2021-04-25 21:26:20.180,0.8324112730243297,0.9063567277717411,0.5840954846243371,0.02233285597197104,0.866374940096138,0.8658211507729542,0.11640517366919279,0.1157212176293989,0.6444979316596172,0.4384770469658816,0.5727722903065752,0.5449840921388428,0.8923077461670011,0.9493330347804955,0.03426795292126456,7.0
2021-04-25 21:26:20.200,0.41836927152276315,0.5365180442112869,0.55473622587981,0.014228261178327378,0.8681766397368098,0.8775143752651096,0.10525302448874443,0.11411206690929718,0.6387353355309248,0.42486131328532,0.5506188240623738,0.5712579771467173,0.8905982786295552,0.9733328600178582,0.012461059289409068,7.0
2021-04-25 21:26:20.220,0.5615975994210709,0.6449003257005241,0.09026599077468003,0.021480499199432405,0.9046578354766256,0.887047081518426,0.09772780692706966,0.08180848514863351,0.5908646955768702,0.4577660030133439,0.5825495194385336,0.5798168942326158,0.8940172137044474,0.9546662989369503,0.03426795292126456,7.0
2021-04-25 21:26:20.240,0.8323641347258744,0.8103055396914653,0.598896913531841,0.02275399400423051,0.9011650646582653,0.887056498502472,0.09756317848466964,0.084878014758418,0.5951891028681223,0.44459151965174576,0.5748143701037464,0.5870820215264599,0.8923077461670011,0.9573333406151099,0.0373831778682272,7.0
2021-04-25 21:26:20.260,0.41630913399235053,0.4811370731102703,0.5294205292485813,0.012309549097897811,0.9005492235215617,0.9044900239291395,0.08111235553754004,0.08541975688105773,0.5892029707124751,0.43141703629014777,0.5670792207689592,0.5943471488203041,0.9094017213704446,0.9493330347804955,0.01557628423637171,7.0
2021-04-25 21:26:20.280,0.5532830752326571,0.6256380728530548,0.09259161460181355,0.015747035890784838,0.9352329313642203,0.9193595741568887,0.06865576004993268,0.054971362549021185,0.5387661084667051,0.43633382924134007,0.5912128866327147,0.5686703975626084,0.9128204814025827,0.9573333406151099,0.028037503027339733,7.0
2021-04-25 21:26:20.300,0.6435257519572872,0.7192913915700001,0.5666459688332943,0.0178026689280707,0.9356553130821536,0.920571818692753,0.0581293755792497,0.046532899975679345,0.5199664877057235,0.42889560474622707,0.5679455584507361,0.5660828179784996,0.9128204814025827,0.9813331658524727,0.04361378726371144,7.0
2021-04-25 21:26:20.320,0.5673536675804055,0.7164057061126732,0.08017744105678905,0.009231122575174012,0.9366768012758925,0.937060878610091,0.04760299110856672,0.038094437402337505,0.5011668669447417,0.43671204424535265,0.5646039731439088,0.5529458751487217,0.9230769365417503,0.9839996613973905,0.06230529644704534,7.0
2021-04-25 21:26:20.340,0.8805457855099829,1.0,0.5239355827006228,0.014441151182214002,0.9735756335026151,0.9518432376416107,0.04616890886626238,0.030666780746095624,0.4888912384128244,0.45007563491598956,0.5724010041758268,0.5597133913099239,0.9333333916809179,0.9839996613973905,0.06230529644704534,7.0
2021-04-25 21:26:20.360,0.687284359936212,0.8200847078138885,0.6039757969280507,0.02063275842120187,0.9724515612760058,0.9489538201802468,0.04473482662395804,0.0232391240898539,0.47661560988090745,0.4629349397731595,0.5824257580702903,0.5720541554802893,0.9401709117451938,0.9733328600178582,0.07165097128793281,7.0
2021-04-25 21:26:20.380,0.6718601869774342,0.819273119457681,0.5096872745980713,0.29601828054991447,0.9552242527391284,0.9398412735908521,0.08693526945042551,0.08052477618670298,0.5847075115485638,0.45436206959320347,0.5866336770068574,0.5824044738167248,0.952136659379053,0.9759996286293954,0.0591900715000827,7.0
2021-04-25 21:26:20.400,0.6564360140186565,0.8184615311014736,0.41539875226809175,0.5714038026786271,0.9379969442022509,0.9307287270014575,0.03201455884016882,0.025430016820858648,0.4719365245157037,0.4377206173169615,0.5856435789698466,0.5939490596535181,0.9547008606852225,0.9653329637831743,0.054517154328859486,7.0
2021-04-25 21:26:20.420,0.6513064795211215,0.875843793991526,0.39335258083024777,0.5361888757481716,0.9726196519596731,0.9708372274916482,0.02508222722500162,0.02309585798859236,0.46350690645000153,0.4349470413184415,0.5836633788437877,0.6078821837494328,0.964102582055667,0.9686662197476309,0.05996883786143396,7.0
2021-04-25 21:26:20.440,0.6706406404084154,0.8524316481186583,0.4054782146730881,0.5329230381244753,0.9756231304947985,0.9782229237869418,0.018736028542345486,0.020546462091432856,0.45492561054515984,0.43645990061628165,0.5792079341317062,0.6198248620114176,0.9735043034261115,0.9719994757120873,0.06542052139400797,7.0
2021-04-25 21:26:20.460,0.6838266435839183,0.8321857180815658,0.4213721693011599,0.5296050648802683,0.978006668462866,0.9847772329623878,0.013105845480199527,0.01852594058984831,0.4475274974598484,0.4377206173169615,0.5758663498378882,0.6269904637551598,0.967521342087805,0.9839996613973905,0.04672885270911468,7.0
2021-04-25 21:26:20.480,0.690556991783075,0.8318652848855654,0.419552565767867,0.5263347238474907,0.9802048897162916,0.9907350164570055,0.008012982574503304,0.016664697760249526,0.44064247165377296,0.44024204927364635,0.5762376369816458,0.621815304586942,0.9777777972269727,0.9733328600178582,0.06230529644704534,7.0
2021-04-25 21:26:20.500,0.7103273500419884,0.8309935542841611,0.4213642285537707,0.5248596841655284,0.9823141027901089,0.9956288649236683,0.0038749055827622205,0.014881057777626437,0.4345111538395304,0.45158849421382974,0.5774752607941709,0.6138535212512224,0.9880342523661403,0.9893329255538469,0.06230529644704534,7.0
2021-04-25 21:26:20.520,0.7379930426740572,0.7813695629176974,0.4407475405228509,0.5258473164185289,0.9832477901707134,0.9992268925502866,0.0007811625918877832,0.014091819162298541,0.4307514979168984,0.46671708925605265,0.5731435774503327,0.5923567029863742,1.0,0.9866661569423082,0.077881740184976,7.0
2021-04-25 21:26:20.540,0.7723436487306897,0.7206510847156733,0.47950968844940556,0.5302031522477899,0.9822744562444915,1.0,0.0,0.014914578747290814,0.4314508082696435,0.4510842077812164,0.5705445674440297,0.5402070214857299,1.0,0.9866661569423082,0.077881740184976,7.0
2021-04-25 21:26:20.560,0.7973091831928093,0.7098078089140277,0.5280552098368215,0.5383449694495653,0.9837042870111149,0.997914694346684,0.001987467696729813,0.013706382077238701,0.43109886374539486,0.4024205649702029,0.5581683293187777,0.4371019311982479,0.9914530123982782,0.9893329255538469,0.06230529644704534,7.0
2021-04-25 21:26:20.580,0.876421615879801,0.7495292429218996,0.6092393148324854,0.5546438461607742,0.9929109337076905,0.988590769037538,0.011122479786037849,0.005948386177069633,0.42563883739944264,0.42284416755486637,0.5225247635180515,0.33638536222617915,0.9897435448608318,1.0,0.0373831778682272,7.0
2021-04-25 21:26:20.600,0.9755204405492027,0.6825926033141989,0.7273292535503351,0.5805311736369045,1.0,0.9675574701816497,0.03035256237548341,0.0,0.42985649957479627,0.5796772542890949,0.455198024064643,0.2607484205368431,0.952136659379053,0.9733328600178582,0.028037503027339733,7.0
2021-04-25 21:26:20.620,1.0,0.5778309240392214,0.8554801832641421,0.6142504491284518,0.9830075803989312,0.9308669247050178,0.06177672810566674,0.014294981469301672,0.4722916467914821,0.8444276479216949,0.34306930968888666,0.13793793050459863,0.9094017213704446,0.901332838172528,0.00623044989392483,7.0
2021-04-25 21:26:20.640,0.9550654674306971,0.22480281813282832,0.9611563327606005,0.6543129495181695,0.9329477797246535,0.8793052003966396,0.10620112065866562,0.05713279827738264,0.55796485311134,0.8327029718528647,0.2607982634589931,0.11365449295985662,0.8547008606852223,0.8399993446401105,0.024922118578818136,7.0
2021-04-25 21:26:20.660,0.9309780434826705,0.12472637597231384,1.0,0.6935611989044935,0.866230870389649,0.8164715805824773,0.19900557281829617,0.14468323629823623,0.6911643233767427,0.8209782957840344,0.1785272172290996,0.08937105541511468,0.7726495696573887,0.7733328600178576,0.02180673413029654,7.0
2021-04-25 21:26:20.680,0.8314263560470221,0.1477787813960704,0.9965842945953228,0.7250621990077255,0.8025780886963796,0.7447744281105696,0.3148191117044896,0.22987031980356729,0.7711004068342021,0.8136661569578879,0.07710391388286661,0.042197490780178905,0.6837607585652797,0.7173329037085175,0.04984423715763627,7.0
2021-04-25 21:26:20.700,0.641988224727523,0.06172230694912887,0.9361834489280476,0.7485632392952231,0.7419321549330472,0.6658428675223267,0.4047197072119215,0.2937001933132694,0.7868989573421368,0.9162884439308921,0.03564354148850375,0.0023885415175267577,0.5811965572591103,0.6506664190862645,0.08099680563037924,7.0
2021-04-25 21:26:20.720,0.5385269508682423,0.030861153474564414,0.8490282532219132,0.7665533193242664,0.6748613468296564,0.5806743715820292,0.49906973119650977,0.37712992196192113,0.7819563577855727,1.0,0.0102722178764125,0.0,0.4888888110921092,0.5466662661689571,0.15576316136683366,7.0
2021-04-25 21:26:20.740,0.43506567700896176,0.0,0.7618730575157787,0.7736978046227145,0.5407657369011991,0.4528077707485082,0.591851166271036,0.4747699285543785,0.749656051108632,1.0,0.0,0.04299364956331827,0.39316230489297005,0.46399971601071394,0.22741445165788482,7.0
2021-04-25 21:26:20.760,0.2123560172105223,0.12996267617174498,0.5852210870225167,1.0,0.3982082007644165,0.32134862170368556,0.6900588020486391,0.5713020851214563,0.6607633041180649,0.9341906267354155,0.013242533260639882,0.07842356259843236,0.28888881109210907,0.3493330347804951,0.3676013287883472,7.0
2021-04-25 21:26:20.780,0.12288045487673496,0.300720530458508,0.46277977401770376,0.9560113929321417,0.3119028373608193,0.262885999980472,0.7546930020152537,0.6617471940380253,0.5909738325487588,0.879223393197629,0.04900984422146082,0.15326434550462895,0.21367504012855096,0.28266655015824216,0.4766356374460662,7.0
2021-04-25 21:26:20.800,0.06490493160071513,0.2379645579601117,0.3884519735212663,0.9234056719398123,0.2415674226243986,0.2011960026356293,0.7992422446579852,0.7136062246638464,0.510877298266082,0.7960161318164193,0.09492568462711844,0.22810509582677116,0.14358967177733137,0.22133305662582475,0.6168225145765286,7.0
2021-04-25 21:26:20.820,0.022179544466511887,0.2775388855983682,0.32624066268264107,0.8880608389781832,0.18753940144554337,0.1491079652654689,0.8437914873007166,0.7654652552896677,0.4307807639834051,0.6812909580777667,0.14975247118545792,0.2631369490207482,0.0760682421681492,0.14933317131380416,0.744548268616958,7.0
2021-04-25 21:26:20.840,0.0,0.31998902013491093,0.2544738764745023,0.8565620905794918,0.1514767687762076,0.10635021541446137,0.9084388737820135,0.8333404069788135,0.27667199617740357,0.6076651512991382,0.21955446231595396,0.2726910825068008,0.02393149526771898,0.10666637539560436,0.8909657551429042,7.0
2021-04-25 21:26:20.860,0.017657080870648715,0.3588425273431201,0.1424709680374727,0.836876996655699,0.13119618485671736,0.06938897160057855,0.9400811310729014,0.8552860992233318,0.18125447106223258,0.6053958561609145,0.3023514781527331,0.2890127416034313,0.008546987601721777,0.0693332532337916,0.93457944670568,7.0
2021-04-25 21:26:20.880,0.026390722698704596,0.3539475878883477,0.09435307462788549,0.8264458887685671,0.1119122960008101,0.038007903462991204,0.9660509515116934,0.8761963899898094,0.09687139769403198,0.6215330302598275,0.3902227789721157,0.32643311676450243,0.0017092924946916076,0.050666419086264285,1.0,7.0
2021-04-25 21:26:20.900,0.03500920855514171,0.4924386015775916,0.06461147986338267,0.8181107713924055,0.08424471547627521,0.015943469968059086,0.9846651537412635,0.9062631138403668,0.03803912092321769,0.5963187045015157,0.4704207979717123,0.3797770781474453,0.0017092924946916076,0.00799975970137417,0.9719626245739073,7.0
2021-04-25 21:26:20.920,0.05069496488779546,0.6934563235738709,0.036260391295807305,0.8115427224562839,0.050618652241513774,0.003368409683645857,0.9960381403987885,0.9428972444411284,0.006227436255670729,0.5347957617865029,0.5449257545247579,0.4378981030150091,0.0,0.010666528312912843,0.9688473677266327,7.0
2021-04-25 21:26:20.940,0.08829280123317201,0.7816574255731173,0.01234342694007736,0.8096095475043836,0.022057042113307626,0.0,1.0,0.9740835506564479,0.0,0.4626827957313244,0.6181930832132411,0.5011942837923851,0.018803442740889412,0.0,0.9595015652844983,7.0
2021-04-25 21:26:20.960,0.1068546269893545,0.7908678687077212,0.00617171347003868,0.8127488662763864,0.014704694742205076,0.009256697618505462,0.9978836882971553,0.9843479446013713,0.011383286858432397,0.3877962584244145,0.687500012662616,0.5700637096463594,0.03333330415954081,0.018666606592009614,0.9179647009864679,7.0
2021-04-25 21:26:20.980,0.12541645274553698,0.8000783118423253,0.0,0.8158881850483892,0.00735234737110255,0.018513395237010923,0.9957673765943108,0.9946123385462947,0.022766573716864795,0.3324508214131841,0.7321782419183641,0.6315684859147931,0.04786316557819221,0.03733321318402078,0.8764278366884378,7.0
2021-04-25 21:26:21.000,0.1623708445925614,0.80358882250515,0.001318773549527712,0.8190275038203921,0.0,0.027770092855516387,0.9721653290517844,1.0,0.11503144470561978,0.2771053844019537,0.7768564711741123,0.6930732621832267,0.062393026996843605,0.05599981977603039,0.8348909723904075,7.0
2021-04-25 21:26:21.020,0.19557199231934888,0.7624592203114422,0.02735487512587576,0.8364774057038096,0.01965875181162298,0.08771613943745178,0.9318996605882861,0.9767039533388102,0.2522803955009049,0.17183557198760743,0.881002510439567,0.8650477871223777,0.10598278629555255,0.12533320954313168,0.6791276515220145,7.0
2021-04-25 21:26:21.040,0.23491033692676003,0.7157870025285615,0.056053951273974646,0.8471324715886845,0.050530247745142504,0.13050713107471482,0.8944724513620073,0.9429936803060069,0.36200077523469565,0.12985374607884304,0.9446782469834105,0.9621815454473591,0.1504271918416068,0.1813331658524733,0.6043612957855601,7.0
2021-04-25 21:26:21.060,0.270764526939829,0.6892852050223266,0.09559862870222066,0.8552855473131622,0.0910473916330795,0.1822233292332341,0.8110793191266256,0.8711658025555415,0.5617384501374564,0.1227937030011178,0.9731435744113051,0.9896496751467537,0.18461531729124817,0.2320001310719779,0.5046728214702876,7.0
2021-04-25 21:26:21.080,0.3368157731964193,0.6164945574929354,0.18853989628696788,0.8418470282003473,0.14211185879749877,0.2553997488038151,0.7274315279284685,0.8039882339594275,0.7008118403432024,0.10640442489849913,0.995420823296944,0.9924363612239587,0.24957263311563815,0.306666375395605,0.4018692817096118,7.0
2021-04-25 21:26:21.100,0.4493025919003492,0.4421261377172474,0.2976430479736828,0.821131173221205,0.2076220334198478,0.337877141021604,0.6437837367303116,0.7368106653633137,0.8398852305489486,0.05421076054862307,1.0,0.9932325200070982,0.30256402626341466,0.36266633170494506,0.3364486008140448,7.0
2021-04-25 21:26:21.120,0.544091180106069,0.4576633400161847,0.3655479795058452,0.7881150357743884,0.31106062904935156,0.4657485363435273,0.5503343026643086,0.6613601034320157,0.9137808952621295,0.007060022439514076,0.9873762837106692,1.0,0.3811965572591103,0.450666419086264,0.23987535144573494,7.0
2021-04-25 21:26:21.140,0.686030056437073,0.571262199734837,0.4471979546218605,0.7554420234579108,0.4215848934980629,0.5891356086113304,0.4568848685983056,0.5859095415007175,0.9876765599753103,0.0,0.9523515085430111,0.9892516283392383,0.4461538730835008,0.5279997050880492,0.17757021450024854,7.0
2021-04-25 21:26:21.160,0.7903591756782519,0.5914751491705862,0.5808751243228722,0.7316782265713604,0.49365032400053704,0.6645431928268426,0.3260340605407072,0.4732031115749981,1.0,0.03958646225811904,0.90297032551432,0.9498407910522102,0.5247862290364417,0.5839993883307698,0.1121495336046816,7.0
2021-04-25 21:26:21.180,0.7968712822973274,0.46176062810373897,0.677879379833646,0.7062069448110677,0.5576470366692079,0.7329374146281409,0.2504249157955887,0.408721885976259,0.9714337222172256,0.12733229327756498,0.8547029968258368,0.8925159575518401,0.6128204814025827,0.6746662443236274,0.07632396820993573,7.0
