2021-04-27 15:18:32.180,0.98574123482025,0.18349376272077894,0.5998868966258274,0.8378259100328169,0.14503519529980594,0.8217198991832033,0.44650209108345457,0.7612950565449811,0.9695969892132844,0.7214469313294891,0.6433134731888048,0.2778052105960884,0.9531078344599561,0.06569345975455951,0.024822650997432198,4.0
2021-04-27 15:18:32.200,0.5284786657336012,0.04050700270823593,0.9132568024448571,0.8378312143941044,0.12995770016588187,0.8224324708065037,0.44444574884557614,0.7852635026947297,0.9766561593791688,0.7103381350623967,0.626916539242686,0.2952710228405691,0.9465649545431091,0.053528290303742405,0.040780075980077816,4.0
2021-04-27 15:18:32.220,0.3920067367663071,0.02593412907964674,0.22847487028980618,0.839000615661509,0.12742420202662025,0.8241805877509625,0.4372151734184768,0.7893128161580402,0.9781358147916082,0.6963132763654387,0.6053024001897774,0.29658919714601284,0.9531078344599561,0.05109485777612056,0.03368796779236585,4.0
2021-04-27 15:18:32.240,0.9096600109766824,0.1773761222842142,0.36088960181948276,0.8417525894173074,0.12024053936819576,0.8182223163240094,0.4628567344626847,0.8008279790614001,0.980014892556225,0.6803443817314934,0.6121167104747196,0.2824188206651413,0.977099138611634,0.053528290303742405,0.03191484996529098,4.0
2021-04-27 15:18:32.260,0.6758708437881626,0.12339595570938933,0.9270709693218421,0.8422406054723939,0.11031250470157973,0.8159301567775181,0.4732853333713578,0.81682206102904,0.9837025962821485,0.6864542196783942,0.6374574256621547,0.27912339029623595,0.9727371442214126,0.03163013818767388,0.04432613007393367,4.0
2021-04-27 15:18:32.280,0.29664516346911013,0.0,0.47087943677997207,0.8426512193393101,0.10548793098916973,0.8181338094767509,0.4642250635555223,0.8246272267403953,0.9862973336849054,0.6863153597250555,0.5994463526631273,0.284066535849594,0.9683751498311904,0.04866192354532174,0.040780075980077816,4.0
2021-04-27 15:18:32.300,0.6905363030590645,0.13518581041992783,0.13433709324224263,0.847044801050299,0.1087495071528973,0.8126363829987486,0.48741751210664597,0.8193483793169795,0.9834407266779315,0.6882593990717967,0.5945485665875215,0.2682484522763256,0.9661940409675933,0.041362373407692166,0.03900704893314976,4.0
2021-04-27 15:18:32.320,0.8999036827154213,0.17499460400087277,0.7285571287089952,0.8487591172784205,0.09875069049915036,0.807417726982144,0.5105005621653544,0.8355616796539875,0.9859233778585379,0.6764563030380111,0.6339437962746661,0.26528255199702155,0.9727371442214126,0.03649650494609454,0.030141732138216106,4.0
2021-04-27 15:18:32.340,0.44913537909410434,0.10271640334504666,0.8117793993807895,0.8493360302800204,0.0908795336497513,0.8076056363617984,0.5103910155434238,0.8483873332567318,0.9891598884659993,0.6764563030380111,0.608070713566012,0.2837369976679369,0.9683751498311904,0.029196954808464962,0.03191484996529098,4.0
2021-04-27 15:18:32.360,0.394725637897008,0.13619255863939017,0.16978734316706937,0.8511681270353634,0.09475786253362886,0.8092461231197516,0.5030323565391601,0.84206104881963,0.9881553010399691,0.6770117428513657,0.5996060626144686,0.28587903091428285,0.9596511610507469,0.034063321566884214,0.037234021886221706,4.0
2021-04-27 15:18:32.380,0.9104869339929282,0.2606290816311372,0.35115547023433213,0.8544548752354957,0.08953090787777722,0.8015540522859256,0.5364274220404397,0.8505902563939771,0.9874574009527229,0.6775671826647204,0.5911414116629251,0.28802106416062884,0.9618320465773718,0.04622874016611283,0.03900704893314976,4.0
2021-04-27 15:18:32.400,0.6959059831795119,0.18982451107392137,0.90653645462413,0.8552983575800922,0.08081956438434082,0.7977584828558651,0.5631100608528509,0.8680139728100411,0.9890218749749733,0.6786780628597219,0.6046103218762213,0.29082218590837267,0.974918253085009,0.034063321566884214,0.037234021886221706,4.0
2021-04-27 15:18:32.420,0.7023722400403284,0.18508001090607307,0.49631547251659847,0.8576490489961777,0.07697684933371338,0.7934075670510465,0.49642951800386204,0.8370575824587638,0.9873853574915499,0.6836770211799135,0.6082836608359492,0.2725325079796099,0.9574700521871498,0.029196954808464962,0.021276506123429267,4.0
2021-04-27 15:18:32.440,0.624649686314378,0.14659042839843575,0.49926365674047385,0.9436350568615677,0.09783090281864112,0.8107298865008549,0.5485776763144435,0.863721956279767,0.9886677311004283,0.699507057565397,0.6146720762324176,0.25144172448721486,0.9661940409675933,0.034063321566884214,0.03191484996529098,4.0
2021-04-27 15:18:32.460,0.643709260144633,0.11632425389593153,0.5112223577144351,0.9580608155985915,0.06532641246393951,0.7871786676507002,0.6007258346250249,0.8903863301007701,0.9899501047093068,0.718669732262716,0.6197828086193123,0.23628271457990865,0.9727371442214126,0.02676402057766615,0.01950356985664829,4.0
2021-04-27 15:18:32.480,0.651318116896709,0.07659382310018964,0.5304422005629036,0.962814693827525,0.05314265270143418,0.7828449244757623,0.6208584077724525,0.9106053662756872,0.9918372664204388,0.731167128063195,0.6202087038563854,0.22870320962625554,0.9618320465773718,0.017031536209236347,0.03900704893314976,4.0
2021-04-27 15:18:32.500,0.6155079919352694,0.056456071902181756,0.5471300083877454,0.9675796845451892,0.03723545789409041,0.7790537806415353,0.6391897260136955,0.9371519683777293,0.9949374389662037,0.7429702184140575,0.624574120232026,0.22738504071551568,0.9825519107706262,0.010948951483827088,0.037234021886221706,4.0
2021-04-27 15:18:32.520,0.6058802293404729,0.03756646403350034,0.5482765645602348,0.9706787057690351,0.024971671673896897,0.7769540027091134,0.6497945948924251,0.9577491764372038,0.9975038616132903,0.7295008040767925,0.6347955841343167,0.22738504071551568,0.9798255246911304,0.005474475741913544,0.03457443592575634,4.0
2021-04-27 15:18:32.540,0.6250090688172245,0.037522569084609644,0.5707422281645831,0.9739942279066536,0.014267898301153962,0.775286822967356,0.6583299698473372,0.9758100510856247,0.9996520133282414,0.6813164019731563,0.634156744328952,0.23957815034351782,0.977099138611634,0.0,0.03191484996529098,4.0
2021-04-27 15:18:32.560,0.6206060877558329,0.11568415428562716,0.5802455706124053,0.9774537086316123,0.008975698886701048,0.7734872555564217,0.6667885804880063,0.9847673877615668,1.0,0.637297797333095,0.620741070941855,0.26528255199702155,0.9956380056097779,0.01946471958844668,0.029255309394899155,4.0
2021-04-27 15:18:32.580,0.570591436807779,0.20033049600056074,0.6028006490299118,0.9805676354070086,0.008605555417650061,0.7712614115103835,0.6765027618194374,0.9853947607032588,0.9985954875929934,0.6427133332401334,0.6094548705155789,0.2804415565096239,0.995092784228122,0.017031785357647863,0.02526590775916434,4.0
2021-04-27 15:18:32.600,0.5706369204515064,0.16844420708014682,0.6395565489800185,0.9834663947672801,0.008044985308922403,0.7684702140722044,0.6886727367004094,0.9863445955366064,0.9967975006079296,0.6775671826647204,0.6103066589852785,0.3147140938458634,0.9945475628464654,0.014598851126849053,0.021276506123429267,4.0
2021-04-27 15:18:32.620,0.5926841074261393,0.12752406203336542,0.692273081084593,0.9857628868716642,0.0037885177382144604,0.7659800382612784,0.6999977226817505,0.9935642874583258,0.9961858851311578,0.6739568237642568,0.6017887714994877,0.3872136806452659,1.0,0.02311449465726076,0.018616965553037445,4.0
2021-04-27 15:18:32.640,0.5798814762399971,0.22451993098516895,0.7382731593813225,0.9870495352668313,0.0,0.763478522177867,0.7113074250196426,1.0,0.9953534480687444,0.6296604987628844,0.5728279530717207,0.48772447683005044,0.9836424652024247,0.03649650494609454,0.014184397935717564,4.0
2021-04-27 15:18:32.660,0.4944186215682135,0.31937972403393106,0.7820955682385151,0.987042038041101,0.00264291917718081,0.760101316032285,0.7255146929597017,0.9955096032424705,0.9920097937556548,0.5730056378007132,0.5352427753097665,0.6040533511933994,0.9683751498311904,0.06326002722693766,0.026595678044360253,4.0
2021-04-27 15:18:32.680,0.3923539006107838,0.3861649887511603,0.826808050569692,0.9856409161953588,0.014114111907820755,0.7554648377691643,0.7437045405918826,0.976069887117026,0.9850281959677308,0.4960772145584214,0.49914822782732315,0.7401548509278115,0.9312976391718747,0.12652080189910844,0.021276506123429267,4.0
2021-04-27 15:18:32.700,0.3227941048232599,0.4898765539142637,0.8968990017999919,0.9829234237512584,0.037204868082823236,0.7496196902494552,0.7646026802997504,0.9372031444032128,0.9731013171990829,0.36096649018917193,0.4355834946368197,0.8910858520587437,0.8767721509516719,0.21654509885212378,0.037234021886221706,4.0
2021-04-27 15:18:32.720,0.27262770535017394,0.7895600461755777,0.9604947968074926,0.9792980261612283,0.07830454168075848,0.7407022768661472,0.793176683832847,0.8689877032535457,0.9511732981332331,0.20808165087552813,0.33347531787582513,0.9728126212333249,0.8451471891143768,0.27128973169705983,0.04343966194054292,4.0
2021-04-27 15:18:32.740,0.17581876193022491,1.0,0.9366504752778078,0.9758770983638385,0.13951692840155527,0.7259707052727866,0.8353369326959702,0.7700413513150713,0.9127439756001196,0.09032839225899482,0.19521933374197892,1.0,0.8135222272770818,0.32603436454199586,0.049645301994864395,4.0
2021-04-27 15:18:32.760,0.08290465108917168,0.8668313132078319,0.95856185150109,0.9731242533889238,0.21489927200570927,0.7052743277816489,0.884301891551613,0.6533662256534829,0.8560294362210463,0.04516419612949741,0.1307761997408424,0.9101169713404336,0.6172300230104075,0.6155717258410742,0.17198571149539174,4.0
2021-04-27 15:18:32.780,0.06293097945479759,0.6408668827336248,1.0,0.9721871298059588,0.29972707405740645,0.6785973683855934,0.94935909411741,0.47105983222593323,0.7338047011340679,0.0,0.06633306573970588,0.8202339426808671,0.5212650297406676,0.751824762960201,0.2517730179689132,4.0
2021-04-27 15:18:32.800,0.05762134135003065,0.578241336727847,0.939315036886922,0.9750081610117235,0.38859883565319353,0.6436291388407962,0.994389629217287,0.3086168963150184,0.5769351116608306,0.0009025845820703805,0.008517896026476412,0.6106442227206179,0.42530003647092757,0.8637469628808733,0.3599291203138698,4.0
2021-04-27 15:18:32.820,0.024108862282371146,0.49047148878849484,0.8340587233801531,0.9835684814970839,0.47531592657375665,0.5973619575802431,0.9971948146086436,0.26749351235228935,0.5163629213817855,0.09838227637214464,0.0,0.4712472953146525,0.3227917166103968,0.9464719588446677,0.485815583908253,4.0
2021-04-27 15:18:32.840,0.0,0.2218169552871607,0.7584098340275921,1.0,0.553944639221335,0.5368507806796674,1.0,0.22637012838956025,0.45579073110274043,0.24001945150926496,0.017568146937442946,0.3575547587727831,0.23336960325750322,0.9756689136531327,0.6028368577999083,4.0
2021-04-27 15:18:32.860,0.0771168972984664,0.19125147752371505,0.6249927377700925,0.49984089879468313,0.6293588218895342,0.4294881576885319,0.9689087430123879,0.15884465818336047,0.29020094140195973,0.3663820317791334,0.05547276464654605,0.28802106416062884,0.1657579085296632,1.0,0.7074467789588031,4.0
2021-04-27 15:18:32.880,0.13903675850227393,0.22252308274659802,0.5315021815842761,0.0,0.669065511112799,0.3233800111520959,0.903465310040267,0.1273485585584317,0.15765404642822423,0.47066584196086303,0.10679303046928838,0.23990769931458258,0.12868039787034782,0.9878345814007714,0.7890071124792527,4.0
2021-04-27 15:18:32.900,0.2044470368834626,0.29881579712413914,0.44078825440773106,0.019249082612196988,0.681343369996719,0.2614391082573435,0.8457844381914714,0.11836816899131501,0.0930829665567216,0.5700895787806015,0.1621592631340385,0.22112371546201015,0.09160311054800399,0.9829684637907622,0.8776595541874139,4.0
2021-04-27 15:18:32.920,0.289319072268198,0.35259839771725443,0.32238012062694027,0.034615254228850145,0.6898979153847195,0.20952266151947052,0.7847075933750666,0.112297040361183,0.04640740704625927,0.6554884489472895,0.23008941967217092,0.23068047647912493,0.06761180639632611,0.9610705608231066,0.9379432726482576,4.0
2021-04-27 15:18:32.940,0.389928725764175,0.36718476080148105,0.2286105724740351,0.04615336609433297,0.7001388169686936,0.16826961950531732,0.7240245238795507,0.1052294835919759,0.01763317325946429,0.7154759521993423,0.31154176502072395,0.2590212294408679,0.03707739899082962,0.9501217339134832,0.9867021337437758,4.0
2021-04-27 15:18:32.960,0.4703491336003847,0.39900812162821897,0.10187289525480167,0.05614737542574162,0.7134739488658822,0.13504074544188724,0.6665328148061956,0.09635850820019194,0.0030094229161269103,0.756995081657354,0.39874361284165294,0.26923708030805643,0.028353410210385756,0.948905142223878,1.0,4.0
2021-04-27 15:18:32.980,0.5436939119286455,0.41298486758505276,0.07421041079961786,0.06498002596825628,0.7296990278598494,0.10937877845383095,0.6162078608734366,0.08607315784172496,0.0,0.796292449588778,0.4827512877807145,0.287032436128898,0.02235555625534476,0.9385644865848528,0.9933510714108952,4.0
2021-04-27 15:18:33.000,0.6087588134961531,0.4074183743171695,0.04342745808001433,0.07312402817581888,0.7496107125762156,0.0903024326471206,0.5731341374366408,0.07421895725184674,0.006824383876780574,0.8253141718804644,0.5564310165111063,0.3058164199814705,0.016357702300303763,0.9282238309458269,0.9867021428217905,4.0
2021-04-27 15:18:33.020,0.6826304434530441,0.4748957760632386,0.03200233057712187,0.08111447060577819,0.7720374335015993,0.07632525531809843,0.5370005448258949,0.061892137569792595,0.020396710167178672,0.8271193524104516,0.617972758437119,0.3318503625139832,0.013086094839151732,0.9318736060146416,0.95567376098989,4.0
2021-04-27 15:18:33.040,0.7718307499458154,0.5620767507085055,0.0,0.09040302951927431,0.7938994921713176,0.06427698888786106,0.5060535203013923,0.0509281546687138,0.03580049852064612,0.8105950145533978,0.6811115981335464,0.3641456292210607,0.0,0.9245740558770121,0.9290780103214122,4.0
2021-04-27 15:18:33.060,0.8830176840809014,0.6072446314297941,0.03665302096269995,0.10140866055809704,0.8136632113370242,0.053222479102797794,0.479924927407885,0.04191969768424577,0.05081118089050877,0.7936541070655896,0.7448892907078166,0.3924863778670406,0.008724100448929644,0.9318736060146416,0.8918439521231315,4.0
2021-04-27 15:18:33.080,0.9693051213618936,0.5996509570822993,0.14207129000525587,0.11347163749129671,0.8319915728243736,0.04390692938504076,0.45843817361291417,0.034336480473177215,0.06585357076043413,0.783656185878868,0.7978066734739419,0.407315838803282,0.02617230134678893,0.927007239256221,0.8528368850339523,4.0
2021-04-27 15:18:33.100,0.9966971482434968,0.5555398299057719,0.2228648731717922,0.12650335674206245,0.8498932976062344,0.03571253061176517,0.43987323989775734,0.027650724155386164,0.08142011031897928,0.7946261142365293,0.8391184234486792,0.42148621528415353,0.039258507854426125,0.9221411216462133,0.7925531665731085,4.0
2021-04-27 15:18:33.120,0.9743437992753198,0.5279827154530108,0.27950115612617765,0.1408867398553942,0.869855681727235,0.027338269134970963,0.4215379429254208,0.021039001744901933,0.09956572201604945,0.8223981049042602,0.8737223450091043,0.43334978403314667,0.04798249663487031,0.9099757030469847,0.7358155748302383,4.0
2021-04-27 15:18:33.140,0.9813204521028418,0.4587971842778269,0.31146209980167605,0.15636630330705287,0.8940660655109237,0.018667700583185953,0.4026394326168871,0.014221405176375481,0.12252775742410377,0.8635006647315175,0.9070485712718263,0.4330202404567857,0.08506000729418539,0.8807784990901096,0.652482268730949,4.0
2021-04-27 15:18:33.160,1.0,0.3254792785153809,0.3686322477575067,0.17215037858322937,0.9250162017956233,0.010582750394154166,0.38324226713746007,0.007431876025200874,0.15304853162525323,0.9453586202953778,0.936594995062307,0.38671936528072454,0.11123219697248854,0.8807784990901096,0.5886524598641907,4.0
2021-04-27 15:18:33.180,0.9502782917330894,0.14180792461710492,0.4591155015238709,0.1896453770743016,0.9642270727203682,0.0,0.36262789844987997,0.001949605989873955,0.19265570862166212,1.0,0.9590076716709418,0.320316337341351,0.152671702022026,0.8345497589239967,0.4982269366410131,4.0
2021-04-27 15:18:33.200,0.9200249976275207,0.16684844481649125,0.4786719448241281,0.6832324339112144,1.0,1.0,0.3405977967326643,0.0,0.24132079438672197,0.977782407465815,0.9797700350651795,0.258362142288146,0.2050163047156039,0.807785738346332,0.4414893448981428,4.0
