2021-04-22 01:47:17.740,0.4120726091826578,0.9244648144731993,0.6358804540489612,0.7026843523944141,0.8298433789860269,0.4705452815693368,0.5785030506753577,0.08868565324837926,0.30893597389680333,0.9176130526674217,0.8699551606266136,0.4739884280934983,0.8974371092714145,0.005865027786134428,0.008333333333333333,2.0
2021-04-22 01:47:17.760,0.8511723069515753,0.98902878460213,1.0,0.670513614509467,0.8006571988984573,0.5194678516470256,0.5909913549140413,0.10816804769461177,0.3536803753874407,0.9337187713644493,0.3527653638588232,0.5722543217226382,0.9743579644960422,0.011730355865537915,0.008333333333333333,2.0
2021-04-22 01:47:17.780,0.031063890225676904,0.841875111234155,0.3281129337621133,0.6494054909638934,0.791726059729676,0.5572197852738838,0.5655258513157819,0.11436801442374486,0.38280878867197127,0.9425975666952099,0.654708540402534,0.4739884280934983,0.8717950737674567,0.02639307547751022,0.014583360000000085,2.0
2021-04-22 01:47:17.800,1.0,0.963341005812682,0.7436102525228823,0.6278407601159011,0.7634244533313553,0.5862234364450318,0.579892953495885,0.13471623619879738,0.4162290078841496,0.9273177809382642,0.3437967673254965,0.5635838016965377,0.846153038263499,0.0,0.010416639999999916,2.0
2021-04-22 01:47:17.820,0.02613825429999121,0.835978900473966,0.6219941253649877,0.608258401971001,0.7436442433284973,0.6182174760189967,0.5682701270713326,0.14956292747722652,0.44784873392831026,0.9436299828703122,0.5874439721942516,0.494219641487733,0.7820518879690406,0.024926743457661056,0.014583359999999932,2.0
2021-04-22 01:47:17.840,0.815546072611228,0.9166769709754914,0.35745575799360674,0.5926845083750458,0.7133280297605566,0.6347121537847584,0.5916192524930948,0.1732984731149819,0.47551948962319945,0.9172000851833257,0.39910318806257583,0.5317918972998088,0.846153038263499,0.02639307547751022,0.009375040000000051,2.0
2021-04-22 01:47:17.860,0.47035965540664254,0.8655217674038718,0.90998340290947,0.5774052399093529,0.6883879341316925,0.6584129059408698,0.5898442437031617,0.19369853297944478,0.505385866921806,0.9118315121153074,0.45889391318374273,0.44797686801519654,0.8205136284031603,0.014662719611972306,0.006250026666666751,2.0
2021-04-22 01:47:17.880,0.27314174181770673,0.8100001410666028,0.15633733957092438,0.571258266045022,0.6799812472163738,0.6718216741240691,0.5781885417848256,0.20074943178892207,0.5191038065538609,0.9126574469144901,0.9043348275712846,0.47109825356864476,0.7948715928992099,0.0029323637464343908,0.006250026666666751,2.0
2021-04-22 01:47:17.900,0.9641551653699396,0.9116736617633596,0.8587089519448978,0.5588505267317379,0.6521595741851434,0.6930774464896704,0.5768987996353595,0.22470330108627948,0.549297397555393,0.9019203011164718,0.3677130451391149,0.5231213772737082,0.846153038263499,0.017595083358406698,0.005208320000000034,2.0
2021-04-22 01:47:17.920,0.0,0.7590038431275927,0.3692297498232822,0.5485086171871344,0.6345148037734413,0.716346680670864,0.5530957975816396,0.24037971676087885,0.5748534011053226,0.9062564561502869,0.8295964211698259,0.3988439212006266,0.846153038263499,0.011730355865537915,0.005208320000000034,2.0
2021-04-22 01:47:17.940,0.9673346136749165,0.861332920601125,0.43064811792600227,0.5396197192200077,0.6060324430427728,0.728090190313356,0.5632411749633293,0.2664607062820256,0.5993212913114734,0.9185422287460964,0.8684603802637361,0.47687860143553185,0.7948715928992099,0.0,0.008333333333333333,2.0
2021-04-22 01:47:17.960,0.3840024191873857,0.7978077876687549,0.8024763435167557,0.5298820637871652,0.5795532089666139,0.7496769514322891,0.5452268411506304,0.2915482942801352,0.6288435691559981,0.9136898644416659,0.7189835674608187,0.4508670389915901,0.7692321830388713,0.005865027786134428,0.010416639999999916,2.0
2021-04-22 01:47:17.980,0.31215198673509603,0.7628509830174897,0.10367818814680292,0.5255811949750467,0.5681520529170108,0.762784042343621,0.5267513250406888,0.30259421684300614,0.6438654382017844,0.9123477210479044,0.6928251252203083,0.4494219535033933,0.8205136284031603,0.023460411437810184,0.016666666666666666,2.0
2021-04-22 01:47:18.000,0.5756304011214797,0.7592202018029431,0.6157219730082499,0.5175321338670347,0.5412197690133117,0.7786526352286292,0.5155523733159891,0.32925815520759644,0.6696199724627504,0.911005577654143,0.6666666829797978,0.44797686801519654,0.8205136284031603,0.02639307547751022,0.009375040000000051,2.0
2021-04-22 01:47:18.020,0.4855963663660439,0.7534188865379768,0.4408266550469596,0.5104016798371266,0.5148352970222925,0.7931201612035901,0.5037047272183909,0.35613889489802436,0.6938744349523043,0.9130704137225495,0.6666666829797978,0.44508668994188305,0.7435901475349135,0.005865027786134428,0.005208320000000034,2.0
2021-04-22 01:47:18.040,0.5266995077257673,0.7386141035030349,0.45725432900535695,0.5038479753342628,0.4881479626645995,0.8065412354299585,0.4915996294761385,0.38406955931429665,0.7173019974681968,0.9142060736277766,0.6741405236199436,0.4479768644667366,0.7243586209069451,0.01173013064558868,0.008593760000000051,2.0
2021-04-22 01:47:18.060,0.5555158102244089,0.7024475997161261,0.4437009280815823,0.4978673436721257,0.4614192984525094,0.8191301881595991,0.4787522274364649,0.41276708624110003,0.7398361392582117,0.908992363450799,0.6610613029584952,0.4631502759909376,0.7051270942789842,0.017595233505041226,0.011979200000000068,2.0
2021-04-22 01:47:18.080,0.5597673976011446,0.6931622341343058,0.43634736758955767,0.492462458804401,0.4352695870503362,0.8309931440803282,0.4646983191271425,0.4415200339910881,0.7611649989919663,0.9037786532738212,0.6479820822970467,0.4783236875151386,0.7435901475349135,0.03225840355691371,0.017708373333333385,2.0
2021-04-22 01:47:18.100,0.5640189849778802,0.6838768685524855,0.42899380709753304,0.4876627416492798,0.4099200037707113,0.8419770841165244,0.4501175262374445,0.4700103004252192,0.7810774257877741,0.8956225504486964,0.6334080925899555,0.5050577924074737,0.8205136284031603,0.035190467010080745,0.016666666666666666,2.0
2021-04-22 01:47:18.120,0.5659864108270489,0.6504956582490452,0.4204586812052428,0.4833742250176592,0.38542630883771967,0.8524232819265306,0.4381422745195295,0.4907362775128361,0.7946569663834526,0.8874664476235714,0.6188341028828642,0.5317918972998088,0.8717950737674567,0.03225840355691371,0.020833333333333332,2.0
2021-04-22 01:47:18.140,0.5690546241113924,0.6460068052802544,0.4117904435205753,0.47960561411431596,0.36252486567956776,0.8620932830330787,0.42616702280161456,0.511462254600453,0.808236506979131,0.8323353412276209,0.5635276821457849,0.5924855351168729,0.846153038263499,0.055718514701456535,0.020833333333333332,2.0
2021-04-22 01:47:18.160,0.577041465933473,0.6489904784454091,0.3952346197524395,0.47660152370794184,0.342721455469091,0.8706627096963198,0.3939743408475671,0.5574382107034866,0.8367221744148845,0.7685319163135818,0.472346814101157,0.5433525883023029,0.846153038263499,0.09677400949767512,0.029166666666666667,2.0
2021-04-22 01:47:18.180,0.5709490941039443,0.6168259951597784,0.399234620302577,0.4744500048651102,0.3220688618517088,0.8808817584594938,0.3720584164892566,0.579713608598225,0.8505402204373942,0.7606855303975566,0.44394623190345106,0.5722543217226382,0.7692308702170617,0.12316708497518705,0.03125002666666675,2.0
2021-04-22 01:47:18.200,0.595491813813679,0.5638130979653607,0.4034210164733826,0.4737741742125392,0.3075885280059832,0.889200479362198,0.35851651355534525,0.5907365649189521,0.857504333560292,0.7739004858324074,0.4544095965648069,0.5317918972998088,0.5641011502944621,0.1436948323732955,0.040624959999999946,2.0
2021-04-22 01:47:18.220,0.2996679590474769,0.5937226617186305,0.5000312611353154,0.0,0.405774118696663,0.6396354671235595,1.0,0.4747262410812893,0.6281446644771508,0.8168490690244807,0.45590436469283613,0.4682080814094312,0.641027256806328,0.14956016045269727,0.032291626666666615,2.0
2021-04-22 01:47:18.240,0.45682034763244883,0.5172188160250337,0.43737194179030897,0.04392883272265678,0.3399475876216831,0.7676953284169297,0.7237223864725184,0.5516204612996771,0.7654087776427971,0.8990295310939286,0.5201794064329388,0.41040460747184077,0.641027256806328,0.14956016045269727,0.029166666666666667,2.0
2021-04-22 01:47:18.260,0.54585598648706,0.4501565504226116,0.4159038991912862,0.06810935133597416,0.300208374538284,0.8362916025652246,0.5377259928411297,0.5997716945553837,0.8305133385445903,0.9758414236445505,0.6158445666268059,0.3526011406311702,0.641027256806328,0.12023472122875095,0.032291626666666615,2.0
2021-04-22 01:47:18.280,0.6234008455070139,0.41685492441667543,0.3958189281289715,0.08311303916376556,0.26349048223839944,0.8770462206817233,0.42069279039447227,0.6453243040743057,0.8703827158752213,1.0,0.6606876104676811,0.34971097438605664,0.6153852213023702,0.11730205718905092,0.025,2.0
2021-04-22 01:47:18.300,0.6640217786363591,0.4263806864059985,0.36980639710492186,0.09980714109042349,0.21499705748019662,0.9142382791261092,0.3093385738006861,0.7069207891421275,0.9090548497708083,0.9812099965435597,0.6457399316343589,0.34104044489739616,0.5897431857984199,0.09970667353737515,0.025,2.0
2021-04-22 01:47:18.320,0.6720516293187997,0.45152949407043974,0.35264404456160403,0.10981618053941077,0.17719401732499024,0.9297944418859955,0.2645321006305714,0.7559695825115137,0.9301480059786525,0.9562254808256798,0.6562033085305632,0.3526011406311702,0.512819704930173,0.09677400949767512,0.020833333333333332,2.0
2021-04-22 01:47:18.340,0.6707806007053686,0.44217483577595296,0.34843764573406394,0.11612812991849643,0.15067970389710553,0.9371237559222583,0.24446239094650785,0.7908607506081854,0.9423574170239114,0.9434234984522275,0.6397608585104999,0.3583814896808772,0.6153852213023702,0.11143672910964743,0.0281250133333333,2.0
2021-04-22 01:47:18.360,0.6781023577408442,0.4293126917011791,0.3428046044774842,0.12260863493921585,0.12625889428990433,0.9439857190957671,0.22445599702825014,0.823325082459308,0.9529802923303617,0.9640718582912464,0.654708540402534,0.34393062770198957,0.5897431857984199,0.1026393375770769,0.032291626666666615,2.0
2021-04-22 01:47:18.380,0.6762349237152274,0.38684335670076586,0.34989007113205184,0.12894621713543802,0.10163020763340727,0.9508939593636533,0.20330439137208717,0.8563600007538176,0.9630186251229235,0.9589097672751844,0.626307943767707,0.39017340117452604,0.5384617404341234,0.10557200161677864,0.03125002666666675,2.0
2021-04-22 01:47:18.400,0.6941873205649661,0.3387394839746346,0.35361940401770503,0.13494186007646022,0.07633386524260659,0.9577710960078658,0.18142253576622377,0.890573021652468,0.9725281746239073,0.932686353499255,0.599402117218485,0.44797686801519654,0.4615382595658766,0.09090868141827163,0.029166666666666667,2.0
2021-04-22 01:47:18.420,0.7021194199286581,0.3463440681285697,0.34546819675787355,0.1408532437657884,0.05154162908126732,0.9642379913877213,0.16013713902646937,0.9243569019122033,0.9810327570747812,0.8893248031611042,0.5874439721942516,0.5375722392525959,0.5897431857984199,0.10850436536321303,0.02708330666666658,2.0
2021-04-22 01:47:18.440,0.7104996423326928,0.352378605593022,0.3293491241657953,0.1468286686458876,0.02948628394158484,0.9702028081713481,0.12963420874847578,0.9667243758024732,0.9908303029589989,0.8348131381887658,0.5814648972351653,0.6473988286155099,0.5384617404341234,0.10557200161677864,0.0281250133333333,2.0
2021-04-22 01:47:18.460,0.7279130680301394,0.36388191268024794,0.3139405043367749,0.15288922924027776,0.011889763583665752,0.9757785707940678,0.09955792932314328,0.9952835475248191,0.9976073717706558,0.7565558673872389,0.5889387403222808,0.7341040288765157,0.5641011502944621,0.152492824492399,0.03125002666666675,2.0
2021-04-22 01:47:18.480,0.7419608131061537,0.35775492272608167,0.2935391637943076,0.15903716127134618,0.0,0.9811055143837433,0.07956169027963214,1.0,0.9998885744874162,0.6429898937654329,0.59043350845031,0.8612716795823908,0.641027256806328,0.19061565524891586,0.040624959999999946,2.0
2021-04-22 01:47:18.500,0.7259134747259205,0.36788312308768556,0.29143010412646425,0.16888832975196852,0.0007795309622795429,0.9886896461512781,0.05839678831264998,0.9884143182524825,1.0,0.496593052311556,0.5470852327374639,0.9219652961086948,0.6923060765270053,0.26099718985561204,0.05520832000000003,2.0
2021-04-22 01:47:18.520,0.7285482909434009,0.3637665230832593,0.28774925984690186,0.18007842111948044,0.02882062135226562,0.9954637794220218,0.03888566979630001,0.9555167643331266,0.9966141141572312,0.3570101535571347,0.4603886813117719,0.9393063598172959,0.7692321830388713,0.3460408434877493,0.08125002666666675,2.0
2021-04-22 01:47:18.540,0.7391028772404642,0.34503946925637463,0.2858441172502443,0.18844394464618766,0.06779102260711144,0.9982682728960256,0.023179853157101873,0.9021871946638106,0.9884990098741963,0.22527359001598746,0.4678625097170694,0.9739884399216983,0.7948715928992099,0.44281515327869175,0.11458336000000008,2.0
2021-04-22 01:47:18.560,0.7667199204908993,0.32515512215506814,0.2689265479708557,0.1971254849326424,0.12132853924030498,1.0,0.009024615270272355,0.8299154096870507,0.9741387797603465,0.08878793640668985,0.3736921298860799,1.0,0.8717950737674567,0.5513195186419048,0.15416666666666667,2.0
2021-04-22 01:47:18.580,0.7896633206912154,0.31733271267421165,0.2551557632108876,0.2063364234829584,0.1897295279932908,0.999384040722728,0.0,0.7396108069739054,0.9507499234379413,0.0,0.15396121506579158,0.9537572028710637,0.9487185546357035,0.7214075766393458,0.21458333866666665,2.0
2021-04-22 01:47:18.600,0.6297245355124428,0.4288818320525835,0.31911400368075526,0.025522442270454086,0.4325737069798789,0.8759001656516868,0.33224646139143404,0.44452144624437373,0.7868755206401219,0.0377864786552776,0.014947754689381799,0.8872832160042925,0.9743579644960422,0.8211144003233564,0.2708333333333333,2.0
2021-04-22 01:47:18.620,0.7063354921666235,0.2546232924950184,0.31731198780235065,0.06401177728045543,0.4282894019729521,0.9212931763647746,0.19385417239451114,0.4493054063478902,0.8096798065690274,0.2122651232244505,0.0,0.9161849967374276,0.9743579644960422,0.8533725035870028,0.29583333333333334,2.0
2021-04-22 01:47:18.640,0.7645240410116503,0.09793200686447227,0.3509640491872291,0.08657077324055705,0.44933876697609415,0.9440683866333353,0.11213706733354085,0.4259684759323492,0.8058741188346865,0.41007641323710103,0.05530653085071447,0.846820836528623,1.0,0.8680352231989767,0.323958336,2.0
2021-04-22 01:47:18.660,0.818379404759232,0.0,0.3515803536484323,0.10417258588404996,0.4498195932721375,0.9699894138159707,0.030173931817979307,0.42544025236304245,0.8138843121409444,0.5513111907163831,0.05979081076510534,0.7601155889548173,1.0,0.9032259905023249,0.34374999466666667,2.0
2021-04-22 01:47:18.680,0.8119997067820686,0.053695827508610204,0.32083709605555555,0.11351949497928059,0.4614510293206616,0.9745041386437852,0.011483239513168037,0.41273257126004975,0.8080636905627833,0.6029320670751696,0.05530653085071447,0.7109826421402474,0.9743579644960422,0.9266861016468677,0.35833333333333334,2.0
2021-04-22 01:47:18.700,0.8129495460165522,0.1291932482419246,0.27782194087978834,0.1198462179524794,0.47888046034824616,0.9705460133607388,0.01707056361892659,0.3939389278539256,0.7960783944183977,0.5835225976887874,0.023916375692405213,0.6300577885633086,0.8974371092714145,0.9501468133779453,0.3875,2.0
2021-04-22 01:47:18.720,0.8037966934332618,0.19100420564246565,0.2655250218386332,0.12693760997562992,0.4976731706548595,0.965378879074388,0.02517573656082687,0.37401647396108445,0.7826270675078205,0.5209581071697692,0.020926851671195207,0.5317918972998088,0.9230765191317531,0.9501468133779453,0.40729166933333333,2.0
2021-04-22 01:47:18.740,0.7873885075769735,0.18250744096640484,0.245132841945621,0.13547415512348096,0.5234631911405631,0.9584612698852865,0.03449511107314331,0.3472672324113886,0.7637676907981614,0.44744996868868514,0.025411168290131122,0.4739884280934983,0.8205136284031603,0.9736069245224881,0.4364583466666667,2.0
2021-04-22 01:47:18.760,0.7948431458379439,0.172581348414685,0.2359404865174765,0.14581846379875232,0.5569182891557798,0.9492177587991246,0.04510420338270811,0.3136194566643808,0.7384872957909091,0.38736325400466554,0.03288499669542856,0.48554912146163237,0.9230765191317531,0.988269644134462,0.475,2.0
2021-04-22 01:47:18.780,0.7969703122422346,0.1983475451361597,0.21869358471260295,0.15788430842273132,0.5965772343043659,0.9374527235374323,0.05638505161525583,0.2753271193418855,0.707265941510546,0.3545323608212191,0.04185360546360362,0.4682080814094312,0.8717950737674567,1.0,0.5156250026666667,2.0
2021-04-22 01:47:18.800,0.8171440905825865,0.1980470512172797,0.2156604702112282,0.17185420118976086,0.6391658952929824,0.922844215708688,0.06890272462838641,0.2362114619238865,0.6720044319660261,0.3611398250179109,0.09342310588061006,0.384393053307639,0.9743579644960422,0.9941349722138638,0.5593749973333333,2.0
2021-04-22 01:47:18.820,0.8089585585168492,0.1760440584846358,0.21626492952375068,0.18720528759486038,0.680631283549015,0.9064880605793451,0.08080981448918953,0.200201181656466,0.635995897533805,0.3250052250874941,0.140508301913529,0.1878612672321792,0.8205136284031603,0.9765395885621898,0.5937499946666667,2.0
2021-04-22 01:47:18.840,0.8025513655481668,0.16448214895450777,0.21878752929165365,0.20503752076956389,0.7213730007241017,0.8871859024358976,0.09365356369622058,0.1668853796587544,0.5987316654151509,0.3066281482149305,0.16741411598320574,0.1878612672321792,0.7692321830388713,0.9618768689502175,0.6333333333333333,2.0
2021-04-22 01:47:18.860,0.80452809971864,0.17675342436633507,0.20662015044688375,0.22298496606678497,0.7540303464455912,0.866538139205602,0.10148022032522776,0.15033288714955523,0.5777314087182779,0.31801915781585927,0.17239667640996964,0.18834296278918475,0.726497207628026,0.950146613182434,0.6430555555555555,2.0
2021-04-22 01:47:18.880,0.8065048338891134,0.18902469977816239,0.19445277160211383,0.2409324113640061,0.7866876921670806,0.8458903759753063,0.10930687695423495,0.13378039464035604,0.5567311520214047,0.3294101674167879,0.1773792368367335,0.1888246583461904,0.6837622322171732,0.9384163574146512,0.6527777777777778,2.0
2021-04-22 01:47:18.900,0.8027627865900944,0.18956603054299967,0.19536479695268805,0.2676336210557017,0.8185349227808861,0.8137158001989858,0.13344959244372115,0.08974347836152136,0.4895982982954461,0.34080117701771667,0.18236179726349744,0.18930635390319595,0.641027256806328,0.9266861016468677,0.6625,2.0
2021-04-22 01:47:18.920,0.7990207392910753,0.19010736130783695,0.1962768223032623,0.2943348307473973,0.8503821533946917,0.7815412244226653,0.15759525455153905,0.05572811150454397,0.425577840720027,0.37745203235825225,0.20777284320514508,0.10404626396960677,0.641027256806328,0.8914956346367862,0.6973958346666667,2.0
2021-04-22 01:47:18.940,0.7952786919920563,0.1906486920726742,0.19718884765383654,0.3210360404390929,0.8822293840084973,0.7493666486463448,0.16669523993533802,0.04722837090496789,0.4049752309170614,0.3854016406247423,0.21449929978127633,0.0592485653398872,0.4358962240619188,0.8123167084975186,0.7666666666666667,2.0
2021-04-22 01:47:18.960,0.790635490212767,0.20466043155109834,0.19058642940025838,0.36261352344648856,0.9112228588663922,0.6974736742108619,0.175795225319137,0.03872863030539204,0.3843726211140957,0.3933512488912323,0.22122575635740765,0.014450866710167615,0.4615382595658766,0.747800652116857,0.8130208330666666,2.0
2021-04-22 01:47:18.980,0.7859922884334777,0.2186721710295225,0.18398401114668025,0.40419100645388434,0.9402163337242874,0.645580699775379,0.19597096455870786,0.025561755595193258,0.3443205208119532,0.4234978623855409,0.23617345598997183,0.0,0.4131053457812165,0.7008798125582777,0.8311342590814814,2.0
2021-04-22 01:47:19.000,0.7887840151355242,0.2645787520087889,0.1892886936498551,0.5095077232695621,0.9680567821812712,0.5244752463244707,0.2093118663177546,0.017041170396795428,0.2964641216168859,0.45860004445076374,0.26905835480661366,0.05635838016965373,0.36467243199655636,0.6539589729996984,0.8492476850962963,2.0
2021-04-22 01:47:19.020,0.7704547377976431,0.28631717318271804,0.16539000447873545,0.6148244400852396,0.995897230638255,0.40336979287356256,0.22265276807680123,0.00852058519839783,0.24860772242181856,0.4543671506395226,0.26606881549184325,0.04696532863624472,0.3162395182118962,0.6070381334411191,0.8673611111111111,2.0
2021-04-22 01:47:19.040,0.7521254604597618,0.30805559435664714,0.14149131530761583,0.7070645039333116,1.0,0.34121138140133533,0.235993669835848,0.0,0.20075132322675127,0.45013425682828145,0.26307927617707283,0.037572277102835706,0.28204926232542515,0.4809385846217416,0.9114583338666666,2.0
2021-04-22 01:47:19.060,0.7455335432156422,0.3113962733325158,0.131805750839455,0.759283089495992,0.9910072992264664,0.2764524803171843,0.2790048985378652,0.003121385714983315,0.16231602025433925,0.47160851124230074,0.37144996545918785,0.11127168549649065,0.2756400662712453,0.4325514297262712,0.9268229176,2.0
2021-04-22 01:47:19.080,0.7551696103971323,0.3504804496914887,0.13298995840414432,0.8115016750586722,0.9820145984529327,0.21169357923303317,0.3220161272398823,0.00624277142996663,0.12388071728192725,0.5240553692158099,0.42301946587619427,0.20809246879821391,0.26923087021706543,0.3841642748308008,0.9421875013333333,2.0
2021-04-22 01:47:19.100,0.7280955418649248,0.35451518356340467,0.1356818801885302,0.9058359781953932,0.9605846012233509,0.08953164135594364,0.3615977022416361,0.015813832544020686,0.0608158170847707,0.5808383433510251,0.434977623135276,0.23121386736268207,0.10256420355039504,0.2903226290795601,0.9651041653333333,2.0
2021-04-22 01:47:19.120,0.7223044484386169,0.35757988307792604,0.1417561420587993,0.93577467780715,0.947374992976157,0.05126522352623136,0.38014522785907334,0.022066949719257788,0.03789420445892004,0.6357629602586159,0.4544095965648069,0.24855490741488323,0.1538443360928819,0.23460411437810183,0.9802083306666667,2.0
2021-04-22 01:47:19.140,0.7237018172353296,0.39524812695064554,0.14237233907126629,0.9562505821420003,0.9343085722646446,0.025083519302934763,0.39936733425673704,0.028501237736092117,0.020323232866180714,0.6867644180100282,0.4738415944640345,0.3179190676236879,0.17948637159683226,0.21847506274627695,0.982291664,2.0
2021-04-22 01:47:19.160,0.7144551350301579,0.41760463869742614,0.1349299066550278,0.9694988045198729,0.9226756214259323,0.008147874990275264,0.41757848269222136,0.03443630526655543,0.007497645241575813,0.7872186686879983,0.49476834825644295,0.4234103886938116,0.20512840710079008,0.20234601111445377,0.9843749973333333,2.0
2021-04-22 01:47:19.180,0.6895126537157122,0.4238627450965423,0.12564063676476356,0.9758823490088915,0.9135942150704849,0.0,0.4337068103070857,0.039204359606941575,0.0,0.9273177809382642,0.5665172184018432,0.47687860143553185,0.307691297829383,0.1994136473680194,0.9968749973333333,2.0
2021-04-22 01:47:19.200,0.6854024464917948,0.39465600349051205,0.11734320037083734,0.9722064425942996,0.9084032682730416,0.004815386552429919,0.44814903907853926,0.04198248749232187,0.0010351327893798365,0.9869915382787381,0.6248131757620263,0.4884392945671019,0.12820492623254326,0.19648098332831765,0.9958333333333333,2.0
2021-04-22 01:47:19.220,0.6855907546452474,0.40360904609991266,0.10393564821263128,0.9572197120894645,0.9066698699429846,0.024163851659291705,0.46248818491281724,0.04291898522911014,0.011668528002439449,0.9794548865952526,0.6304185563644843,0.4826589479421759,0.1538443360928819,0.21114370294029164,1.0,2.0
2021-04-22 01:47:19.240,0.6673617304069366,0.4266479177021341,0.09800073875733889,0.9358320192584086,0.906177164502834,0.05170360142327162,0.47673854256166137,0.0431859185806555,0.027695085302224,0.9719182349117671,0.6360239369669421,0.47687860131724985,0.28205057514723475,0.2214077267859787,0.9895833333333334,2.0
2021-04-22 01:47:19.260,0.6491327061686257,0.4496867893043556,0.09206582930204653,0.9151964501779293,0.9049386242095107,0.07824841357082576,0.49034592860874643,0.043858370150625235,0.04323397244368082,0.9202973390324217,0.654708540402534,0.45375720996798363,0.07692348086825428,0.20527837486088815,0.9822916693333333,2.0
2021-04-22 01:47:19.280,0.657642386869266,0.42366948469896876,0.0725055175248394,0.8933085608855541,0.9002723927606677,0.10677705247127554,0.5037897895145292,0.04532453504908376,0.05538003171919121,0.9031592025547047,0.6562033085305632,0.4739884280934983,0.10256420355039504,0.19941334707475203,0.983854168,2.0
2021-04-22 01:47:19.300,0.6522390277901153,0.4149933287711903,0.07236703759360075,0.8859217508305968,0.8972318700183732,0.11672352884987548,0.5175975456081725,0.047503834575023704,0.0640687069598048,0.9124509633414514,0.653213772274505,0.4862716648562818,0.12820492623254326,0.1935483192886159,0.9854166666666667,2.0
2021-04-22 01:47:19.320,0.6492088693868906,0.4109666449417313,0.08358163411072389,0.8785349407756398,0.8941913472760787,0.1266700052284754,0.5304687884688936,0.049784841744743326,0.07114606892185586,0.921742724128198,0.6502242360184465,0.4985549016190653,0.10256289072859291,0.2008796790946029,0.9890625013333333,2.0
