2021-04-26 19:09:33.780,0.6648715784645046,0.4500241513286152,0.10227339510180729,0.07593967487425081,0.42393974256914446,0.13442502614470656,0.8694232497473536,0.5014561664570485,0.8025079011897273,0.6419238298727653,0.3734724710179024,0.4066437349712212,0.18632710130023292,0.9005714622756608,0.7207206376105934,3.0
2021-04-26 19:09:33.800,1.0,0.6038067479680691,0.3946493734454105,0.07545084847576379,0.4818946566876243,0.13052230301223253,0.8732775471810276,0.5101150622104597,0.7993287694638336,0.6522101800936871,0.38992293128091277,0.40389459538328065,0.18632710130023292,0.9097144373833297,0.7207206376105934,3.0
2021-04-26 19:09:33.820,0.7042864908651485,0.477769409780882,0.5547900259652343,0.07498513877171162,0.4694263036570389,0.13574286228873786,0.8662162639003109,0.5183200136669568,0.8108658138526701,0.6302474328105502,0.36322618476909246,0.42680410128779506,0.17962470535977532,0.914285807908581,0.7432431921305149,3.0
2021-04-26 19:09:33.840,0.6645806788039813,0.475475019471072,0.10677490827549006,0.07383611124964765,0.5371676092971228,0.13433022544141301,0.86575181286981,0.450403642303667,0.7949013972579668,0.6266333098399074,0.3662342687964049,0.41534934835428955,0.19302949724069052,0.9120001226459554,0.7139638989302893,3.0
2021-04-26 19:09:33.860,0.9953880253920256,0.6325423454020971,0.3687411046003861,0.07529643618090534,0.5333175983269424,0.1292712517255063,0.8711488179271851,0.45425137687976624,0.7885332760333863,0.6424798485637717,0.383060738824184,0.40985106692820533,0.19168903177914098,0.9131429652772679,0.7173422682704413,3.0
2021-04-26 19:09:33.880,0.7411503096049503,0.49835884208797326,0.5776376691969081,0.07437357439526021,0.5265754488581309,0.13457945954845904,0.8658018732219792,0.460992505141638,0.79747747973322,0.6366416494637793,0.35768002907431284,0.4235967704934159,0.19034856631759145,0.914285807908581,0.7207206376105934,3.0
2021-04-26 19:09:33.900,0.6657949383558086,0.4385585101516414,0.1337668650165297,0.07370598259774135,0.5552306187032553,0.1339908054619432,0.8653198029184572,0.4038376677790618,0.7836016787491337,0.6319154904764471,0.35805604034714916,0.41305839663498617,0.18364617037713424,0.9165716101997905,0.7387386996769792,3.0
2021-04-26 19:09:33.920,0.7853316159587987,0.5024391266229833,0.29758959368517157,0.07303839080022248,0.5838857885483799,0.13340215137542732,0.8735240024248951,0.40486593137814264,0.7726110014173752,0.63747567784162,0.3714044132183482,0.3883161313427086,0.19034856631759145,0.914285807908581,0.7207206376105934,3.0
2021-04-26 19:09:33.940,0.9048682935617887,0.5663197430943252,0.4614123223538134,0.07469966704458206,0.5778900794696974,0.12654731040953496,0.8717125949271116,0.4147392411639861,0.7776921904037688,0.6427578582506059,0.37610454451102393,0.3961053633629946,0.1876674981290721,0.9120000056173716,0.7117117449557626,3.0
2021-04-26 19:09:33.960,0.6282934699725641,0.4317913906284544,0.23519878767783123,0.0725779184722532,0.598202315094792,0.13332898996310294,0.8649578170602882,0.38961371012444684,0.7803779406013496,0.6335835463219127,0.34141757634049935,0.4029782128953968,0.18565683425310298,0.9131430237915601,0.7274774685431388,3.0
2021-04-26 19:09:33.980,0.9211730332013491,0.6053661887394627,0.19174007949976235,0.07497610881294803,0.6044433776541289,0.12054399160931784,0.8779743828327086,0.38341998527944215,0.7606872858907152,0.6213511301135832,0.34978380850261764,0.38602518074850684,0.17694377443667664,0.9097144373833297,0.7297297147699064,3.0
2021-04-26 19:09:34.000,0.9222425337944185,0.6071535254086248,0.6126252593978982,0.07532183120339758,0.5960375870813199,0.11727829795730299,0.8816025940783347,0.3917629286360067,0.7576971769581362,0.6444259152338412,0.37676256289199855,0.37594500188435764,0.1729221721538974,0.9211429807250419,0.8018017785309658,3.0
2021-04-26 19:09:34.020,0.8944963375708886,0.5202920992578741,0.376181930420843,0.07617873261333537,0.5895885185018844,0.11589897874845455,0.8832284071318875,0.39816937855230505,0.7570374455139333,0.6661106553332372,0.37666856026614504,0.3814432795601033,0.1729221721538974,0.9097144373833297,0.7792792240110445,3.0
2021-04-26 19:09:34.040,0.839145605287602,0.46486419159509174,0.42205495370392565,0.07620901770580421,0.5785363838892893,0.11684306345215166,0.8826155314090363,0.4091584392284315,0.7608139582711111,0.627050323004835,0.37201543030178447,0.3851087986356568,0.16890084440195918,0.9120000056173716,0.7612612541969004,3.0
2021-04-26 19:09:34.060,0.8180107905577354,0.4967474297787919,0.4001839074426746,0.07624999982634699,0.5723579402329368,0.11737240061895242,0.8822689554608301,0.41530669286308874,0.7629195785397962,0.5715874346268857,0.3713104105924947,0.3883161313427086,0.1662197762134398,0.9028572645668702,0.7747747315575089,3.0
2021-04-26 19:09:34.080,0.8257400881092958,0.5056552514350204,0.3971426987677007,0.07667304644830189,0.5795916786194371,0.11672986990553558,0.8826978977354186,0.4081080798629723,0.7604194009150528,0.5846538837641343,0.3719684289734693,0.3961053633629946,0.1675603103076997,0.9074286350921202,0.7747747315575089,3.0
2021-04-26 19:09:34.100,0.8480530822455745,0.45942123306720034,0.4095186401010246,0.07733628997336996,0.5983120168999124,0.11560369605294568,0.8830588107014553,0.3797644369493254,0.7523817426457382,0.6252432625435064,0.37300245785785796,0.4048109756209614,0.1675603103076997,0.9028572645668702,0.7522522231637077,3.0
2021-04-26 19:09:34.120,0.8384623801788021,0.35151045276112597,0.43045078604365916,0.07761163425444004,0.6179542709687506,0.11533960363090237,0.8820155621811722,0.3603508534703042,0.7486758361861935,0.6474840192176573,0.3726264473544439,0.4148911582354492,0.16890084440195918,0.9051430668580784,0.8063062709845021,3.0
2021-04-26 19:09:34.140,0.8308667448844229,0.3246721456820235,0.4246784879181205,0.07749855138623066,0.6277245159043193,0.11585881365384969,0.8815680469516671,0.3588779232368336,0.7489247449492283,0.6416458199583771,0.3667042819256725,0.40389459538328065,0.1662197762134398,0.9097144373833297,0.7927927013716527,3.0
2021-04-26 19:09:34.160,0.8360757384651238,0.3451361532591842,0.42948589609751003,0.07719267195229519,0.6307018649578241,0.11663735168761817,0.8811205317221619,0.357404993003363,0.7491736537122632,0.6449819339248476,0.3572100167144675,0.3786941388470611,0.16487937938460062,0.9120000056173716,0.8108107634380385,3.0
2021-04-26 19:09:34.180,0.81916973088057,0.34429415029533333,0.43087257201001733,0.07704633105134694,0.6334934604291274,0.1162284100843971,0.8823558438288674,0.35443806051211435,0.7465699078621085,0.671948853067906,0.34752774548213333,0.34845359100359774,0.1541555184267845,0.9097144373833297,0.8198198405973517,3.0
2021-04-26 19:09:34.200,0.8096423079176935,0.3251891625623841,0.4290155980663475,0.07694461203893556,0.6339082512989521,0.11443217165353711,0.8866659058404432,0.3620045808192112,0.7423077149616125,0.6983597503342027,0.33793947841449706,0.3232531307170396,0.15013405340942595,0.8937145235163676,0.8378378104114955,3.0
2021-04-26 19:09:34.220,0.800114884954817,0.30608417482943484,0.42715862412267763,0.07675915057817438,0.6260540905204751,0.111357841132259,0.8916190911856586,0.37679070083889277,0.7389208306740965,0.6691687593853195,0.3243090938186262,0.29026344216053407,0.14477205429780754,0.8868571166427406,0.8333333179579597,3.0
2021-04-26 19:09:34.240,0.7754294247979393,0.2496938995560424,0.41790069284084086,0.0764669966815596,0.6111272501590574,0.10698919736235546,0.8975594882924419,0.377936556144468,0.7300410721638998,0.6071726454147531,0.3112427272861432,0.2673539437191935,0.13002672832263285,0.8525714866176054,0.824324286924767,3.0
2021-04-26 19:09:34.260,0.7605830880101884,0.25839770954758784,0.4116712412213089,0.0764868348063511,0.6040867959053886,0.10006834714098488,0.9034998853992254,0.37908241145004323,0.7211613136537031,0.5829858247329137,0.30344050934030153,0.2577319474732075,0.1206434014590766,0.8685716345417351,0.891891904358411,3.0
2021-04-26 19:09:34.280,0.7457367512224375,0.2671015195391333,0.40544178960177696,0.07732362024661234,0.6231650049477753,0.08482258025110552,0.9112084325824783,0.3672146281651494,0.7053779104119201,0.6329580250385323,0.30548506818381554,0.24467352346074947,0.09651474862034526,0.8571430912000243,0.9009007970132417,3.0
2021-04-26 19:09:34.300,0.7548093433192096,0.20904099023496184,0.3930404491231045,0.07772346682066684,0.6237110207505341,0.07411375995755022,0.9189169797657312,0.35534684488025553,0.6895945071701371,0.6829302253441508,0.30752962702732956,0.23161509944829145,0.09249328360298671,0.8594286594340662,0.9459459060530845,3.0
2021-04-26 19:09:34.320,0.7525654084283803,0.16802295684153862,0.3850881166806254,0.07812331339472134,0.6242570365532927,0.06340493966399488,0.9346735491239954,0.363789901680238,0.6646671940739406,0.6957186610399255,0.30767063154317653,0.2325314806235568,0.06836463076425538,0.8411429432758946,0.891891904358411,3.0
2021-04-26 19:09:34.340,0.7290260413098852,0.3140551188838999,0.3625678613332499,0.07786639022952903,0.5838517314635496,0.04992373895037474,0.9420447889549649,0.38383084709751003,0.6568894667898657,0.7085070967357002,0.30781163605902345,0.23344786179882218,0.053619304789080696,0.8205716588836811,0.9009007970132417,3.0
2021-04-26 19:09:34.360,0.7324219290446612,0.43349140051034846,0.3397062410013501,0.07811110905814617,0.5733344355526657,0.042093839067828515,0.9494160287859343,0.40387179251478195,0.6491117395057908,0.6809146573048098,0.30795263942073703,0.2555555406583772,0.042895443831264556,0.8091426474276351,0.9549548909601572,3.0
2021-04-26 19:09:34.380,0.7340558514025862,0.4313914163541735,0.3280001074980387,0.07835582788676324,0.5628171396417819,0.034263939185282324,0.9653617967112597,0.4248097919222911,0.6242217257574018,0.6533222178739194,0.3080936427824506,0.27766321951793227,0.03284181560422318,0.8045713939309682,0.9560810371366015,3.0
2021-04-26 19:09:34.400,0.7356897737605114,0.4292914321979984,0.3162939739947272,0.07848168467356217,0.5568856437718479,0.02466848146414121,0.9802569330289606,0.43027047478811214,0.5956724328147808,0.7103141639098698,0.3223350371368579,0.31912941964747643,0.022788187377181808,0.8000001404343013,0.9572071833130456,3.0
2021-04-26 19:09:34.420,0.7306951103490571,0.4421255049738824,0.2896799981898609,0.07860754146036111,0.5509541479019139,0.015073023743000093,0.9879391824339424,0.4430115847079381,0.5830654997002374,0.726160703088842,0.3345553784978148,0.35166092183548026,0.01474532597517468,0.7862857948013797,0.9954954152942226,3.0
2021-04-26 19:09:34.440,0.7246035140200107,0.530976586572425,0.2670953533678387,0.07797691692479614,0.5269573359706995,0.005663089978842138,0.9939397489209885,0.4606108199726108,0.5750606431698929,0.7119822183900117,0.34715173420929696,0.3928980306559428,0.006702395940457598,0.7931429676178405,1.0,3.0
2021-04-26 19:09:34.460,0.7159881168301069,0.6055424205475348,0.24545851151890272,0.07756273355467384,0.5138747342427976,0.0017754633819264689,0.9981191326708211,0.47370477965978064,0.569551823999719,0.6925215539648575,0.3605941112451941,0.42268038988070133,0.004021465017358542,0.7771428196937108,1.0,3.0
2021-04-26 19:09:34.480,0.7128760265067817,0.6235414310258526,0.2404253692343137,0.07714357676110933,0.5084715302445232,0.0,1.0,0.47911743196007583,0.5668947106321031,0.682791219476741,0.39076895429805664,0.5079037561103797,0.0,0.7725712151112919,1.0,3.0
2021-04-26 19:09:34.500,0.704871773798858,0.6251457464082569,0.21817109162407752,0.07658577536991228,0.5127855181134164,0.0007656519634166444,0.9991053669084462,0.47479642995546095,0.5676781817692963,0.6754239693747002,0.4152566382559549,0.5631156635554733,0.015415593022304618,0.7817144242761284,0.9977477076471113,3.0
2021-04-26 19:09:34.520,0.7003765362214253,0.6701729285345366,0.15872468970035047,0.07660694715015198,0.5330335405297628,0.002349364413692914,0.9971752399225229,0.4556198640939744,0.5665212858764708,0.6680567192726593,0.4397443222138531,0.6183275710005667,0.02580432045655579,0.7908573993837986,0.9650900451067337,3.0
2021-04-26 19:09:34.540,0.6996263712899188,0.7457393395128521,0.08431925773529562,0.07801095292321296,0.569300333148846,0.003947059856904771,0.9952451129365996,0.4364432982324879,0.5653643899836451,0.6602724544128133,0.49370183253145944,0.6911797923955059,0.03619304789080696,0.8000003744914675,0.932432382566356,3.0
2021-04-26 19:09:34.560,0.6686903875784634,0.7322468262966195,0.024177318267121512,0.0786770026816199,0.6372134845974458,0.014403136445147536,0.9810037454266979,0.35096539943749616,0.5710947872417846,0.7182374278105077,0.6010528381809732,0.8636884115174548,0.09316355065011626,0.8137143690386371,0.817567548244463,3.0
2021-04-26 19:09:34.580,0.618014226912087,0.7840101640801785,0.0,0.07703994061899115,0.7188422110836409,0.041183681404043194,0.9292395690247934,0.23220752275533385,0.6337455418530598,0.7292188071409244,0.7064297448304941,0.9509736235310345,0.16219844846150197,0.8365718068078108,0.6441441275221187,3.0
2021-04-26 19:09:34.600,0.6108037540562259,0.6292603114054608,0.009990638922751868,0.06987038952880419,0.847546546604814,0.11642828267517699,0.84067362684907,0.09760924234342244,0.7275084871110974,0.7584098003653469,0.7825718871602861,1.0,0.23726533790079424,0.8480001160923554,0.5225226928982842,3.0
2021-04-26 19:09:34.620,0.6613995553397977,0.5486571833107236,0.006756512484366333,0.05929198732860615,0.9800749093043547,0.2243647890288241,0.759132688305285,0.01885203962478967,0.7883612578981403,0.8807339578975628,0.860124034253879,0.9670102589387539,0.3351206206153994,0.8342857704594338,0.42342348991152534,3.0
2021-04-26 19:09:34.640,0.697489886046259,0.569650469182441,0.01941745988527317,0.05098434191258139,1.0,0.3173219754201809,0.6604030800110501,0.0,0.842508771631065,0.9869335576893693,0.9195337430363246,0.8295532232866475,0.43163536923574464,0.8274285976429743,0.3288289638827865,3.0
2021-04-26 19:09:34.660,0.6592995310085185,0.4254576345625356,0.05105542802430133,0.04302064067974194,0.9426881677681849,0.4216924163703175,0.5478798721621208,0.054364713658276435,0.8726856321507513,0.9758132020735534,0.9634329377636033,0.6462771757505056,0.5375334447196461,0.7954287699090486,0.2927929320022568,3.0
2021-04-26 19:09:34.680,0.5295141656563139,0.1357256757510489,0.14819671198995943,0.03761072292321712,0.852226037550446,0.5291945557848566,0.4304498390343907,0.14103049450367838,0.8513378858335353,0.9157631315625557,1.0,0.5642611444780821,0.6554960525210444,0.7885713630354216,0.2747746854313872,3.0
2021-04-26 19:09:34.700,0.36183911164456495,0.23129815677951607,0.22628000345541427,0.03377090661202758,0.7550071038194274,0.6401743464266556,0.31087017750881124,0.23528855983164546,0.763709186140553,0.8131776661190885,0.9877796278621527,0.41993124879262533,0.7573726629875873,0.7725712151112919,0.324324286924767,3.0
2021-04-26 19:09:34.720,0.1784594906706243,0.366013335842793,0.4087144740221064,0.032120896977756094,0.6803123183933087,0.7447781914505522,0.20399332041200322,0.30845924472149006,0.6166700556868049,0.619683073357902,0.9059033276635633,0.4020618349079193,0.8418231538212773,0.7794286219849189,0.40540524334065636,3.0
2021-04-26 19:09:34.740,0.0,0.412844796949623,0.6074610569849794,0.030294233565579236,0.6530890386526204,0.8355319152118731,0.12000648185795033,0.33528384635252434,0.4374547851686951,0.3914373095643851,0.7648053885657051,0.4909507217132867,0.9128687155086317,0.8022857086683419,0.5630630327278666,3.0
2021-04-26 19:09:34.760,0.15295066943423347,0.8976850670335479,0.7943767086237062,0.027092932584689575,0.6543028820027844,0.9041495085537524,0.06356067308325038,0.3340867079675499,0.2741095923596545,0.19460659874075742,0.626339542996724,0.6499426929508898,0.9557641593398962,0.8182858565924717,0.6576576510088471,3.0
2021-04-26 19:09:34.780,0.32392426356023235,1.0,0.9381437780379152,0.02182563260765338,0.6653527099602319,0.9522476913242123,0.02817466397813143,0.3231904239166621,0.1472018576381363,0.030581063276216215,0.5062981905512084,0.7654065916476434,0.9959786036153514,0.8811429620004683,0.8040539786316134,3.0
2021-04-26 19:09:34.800,0.3662918347449766,0.7941885854310752,1.0,0.014300037189537871,0.6858925242527829,0.9840745344491584,0.007389047853532265,0.30297100613157524,0.056912545068197075,0.0,0.40646739420055356,0.6820160012697146,1.0,0.9120000056173716,0.9144143666260912,3.0
2021-04-26 19:09:34.820,0.434792847018005,0.24080460549042337,0.9631911911497656,0.006846014613807467,0.7288783997891988,0.9996397107913748,0.0,0.2608117293541617,0.006800310628278645,0.16152346625979416,0.34376764044799274,0.5463917298433082,0.9973190690769009,0.931428622921148,0.9099098741725551,3.0
2021-04-26 19:09:34.840,0.5767176753375616,0.0,0.9429387288937316,0.0023288402573899284,0.767249404645522,1.0,0.0024009339088909474,0.22335791238516772,0.0,0.3085904770456455,0.29742434513278787,0.4281786716818195,0.9946381381538019,0.9508572402249243,0.9054053817190191,3.0
2021-04-26 19:09:34.860,0.6930182461189449,0.32515501724924706,0.8761891423784606,0.0004852283072259002,0.7928698982724373,0.9882458318742325,0.011811986064800176,0.1984415659755908,0.028798423505543857,0.36836249941319527,0.227298388554333,0.340664360858481,0.9785522780843677,0.969142956383096,0.8558558724778813,3.0
2021-04-26 19:09:34.880,0.7830306399486477,0.7030703226788136,0.811399216509209,1.0,0.8154770183198622,0.9668881951684549,0.0276933089360311,0.1765236747818839,0.08335619309770091,0.5168195688731441,0.1646926497383818,0.252233658546446,0.9638070893746133,0.9760001291995567,0.8378378104114955,3.0
2021-04-26 19:09:34.900,0.8738835088927089,0.7078016541680905,0.7483323210180788,0.0,0.8412850972845377,0.9364744653319558,0.05084117922130604,0.1515799432718926,0.15891767273658225,0.7484014552801806,0.13442379344163852,0.1954180688088876,0.918900844401959,1.0,0.7770269777842765,3.0
2021-04-26 19:09:34.920,0.9196047278834928,0.5208083558447253,0.6727393301257198,0.0022361512037421443,0.8584179140808947,0.8963416690031673,0.08196393620122434,0.1350668556892653,0.2560309299450722,0.9469002001040968,0.11064112063705452,0.15830466918281885,0.8552279457021921,0.9737143269083472,0.6576576510088471,3.0
2021-04-26 19:09:34.940,0.7436742202626175,0.3381040807354589,0.5406839449155825,0.006350533830323743,0.8357603868342094,0.8494029112436171,0.11820640728002606,0.1569156016372194,0.3702015103734453,1.0,0.08253433319858694,0.17159219012986637,0.8056301059304704,0.9417144991744216,0.5945945721548606,3.0
2021-04-26 19:09:34.960,0.590479457622212,0.5277089642050742,0.47449261808949744,0.011531146203228771,0.7580174923157855,0.7984217500025901,0.15796805197439168,0.23235088930127684,0.4960501013416009,0.9024186866192625,0.05010340804356795,0.207331019399414,0.7493298702182906,0.9302859558327108,0.5135133389822454,3.0
2021-04-26 19:09:34.980,0.5487402554487258,0.513311580014429,0.4413741479329465,0.016066963951432183,0.6526730266124232,0.7456407936423254,0.20200262071784908,0.33569449489099396,0.6209425129932223,0.7522935922611822,0.020210568405616906,0.22153491683380364,0.6863271013002329,0.9302859558327108,0.45045062913722494,3.0
2021-04-26 19:09:35.000,0.5451325874681581,0.32388580363305775,0.4188355640858642,0.018815238847271584,0.5672517520063491,0.6917220848021985,0.2803162361481678,0.43864803342347247,0.7758830426518474,0.6630525490056155,0.0015040666351685977,0.19770903815478244,0.6179624705359775,0.9302859558327108,0.43693705952437545,3.0
2021-04-26 19:09:35.020,0.5617072204488603,0.16579714795265577,0.41268861763157927,0.020461025239290376,0.5298662994833498,0.6067783555457387,0.3713216091919675,0.45849926663810153,0.8884092726449735,0.666388662516978,0.0,0.1331042238976152,0.5589811666352784,0.9302859558327108,0.43693705952437545,3.0
2021-04-26 19:09:35.040,0.5814201158557756,0.13229837253121424,0.3901454108641488,0.022156351374311073,0.5318790596282567,0.5187695697498446,0.4365747259038758,0.45568849746869133,0.9379110645046567,0.7275507481097038,0.011186337867502736,0.07857960725629018,0.4718498821439101,0.9028572645668702,0.43693705952437545,3.0
2021-04-26 19:09:35.060,0.5954909539940789,0.2400661792265062,0.3269213495394617,0.023672273067064386,0.5149963792298458,0.4618689045660178,0.5005667731505484,0.4725813933598812,0.9721510525254909,0.778982502627622,0.031020881920104933,0.059335607263640844,0.4128687155086317,0.8845715484086987,0.4864866610177546,3.0
2021-04-26 19:09:35.080,0.6231869033806976,0.44693132088744175,0.25957201481185027,0.024995481547557156,0.4739229243394044,0.4090727430859391,0.5606645096501481,0.5137966946354424,0.9935446374861974,0.7600778525699496,0.048975388844082014,0.05154641649707951,0.3512064806848335,0.8800001778834473,0.5,3.0
2021-04-26 19:09:35.100,0.6492185095592762,0.5765609158817154,0.20996656541831837,0.02608930129096452,0.43212171974981206,0.3598759923479124,0.6172331908002757,0.5559130595576879,1.0,0.7033639206012465,0.07313408600168073,0.038717070667517894,0.3099866015223285,0.8611430111524726,0.5225225775829819,3.0
2021-04-26 19:09:35.120,0.6783460797250412,0.6076819133847502,0.17441432284352668,0.026760393934034832,0.42024733041980167,0.3368548271158598,0.6562328456469031,0.5738616041483736,0.9900825876811309,0.7072560598577874,0.0976687690411812,0.01764035520357046,0.2687667223598231,0.842285844421498,0.5450451551659639,3.0
2021-04-26 19:09:35.140,0.6781536618845156,0.5226523013937211,0.20084147916964748,0.02743148657710523,0.4083729410897913,0.31383366188380724,0.6952325004935304,0.5918101487390591,0.9801651753622614,0.7284542788523645,0.1194538735432663,0.00882017760178523,0.2241957138597994,0.8160000543012622,0.5912162604723591,3.0
2021-04-26 19:09:35.160,0.680814075271418,0.5168233802180571,0.20250012848454935,0.03027464550118426,0.3672870031244323,0.2502862801743043,0.7657508273985179,0.6394510524388415,0.944968244047501,0.7496524978469417,0.14123897804535138,0.0,0.17962470535977532,0.7897142641810263,0.6373873657787543,3.0
2021-04-26 19:09:35.180,0.6856353456882461,0.6424778379245881,0.18112684356402595,0.03339887231096511,0.28740902789546624,0.19518033268775561,0.8061269372855605,0.7029720725295665,0.921011638160493,0.7281067670282643,0.183869168485209,0.0451317248306056,0.12466486647643513,0.7588573375927055,0.7387386996769792,3.0
2021-04-26 19:09:35.200,0.6905611019810054,0.7542285577822684,0.16266415467806988,0.035879610367003954,0.2181601874306561,0.16311569004269633,0.8428943864058367,0.7739907662730735,0.8946127690639037,0.6694467665690604,0.2083098512071227,0.08499426141937788,0.09249328360298671,0.7268575098587811,0.7612612541969004,3.0
2021-04-26 19:09:35.220,0.7025218475173228,0.7280775995908276,0.15805552702679856,0.03896513338429932,0.17129960614541784,0.1327584572592702,0.8769414738136435,0.8222692053479432,0.8605312447407244,0.6616625028469841,0.25686221553939664,0.13860250157336085,0.06568369984115652,0.7337144486180743,0.8333333179579597,3.0
2021-04-26 19:09:35.240,0.7140654191852721,0.6192458431544852,0.16548679073689904,0.04197880571432463,0.14863943302959218,0.10643353405354612,0.9056377858939638,0.84567595876111,0.8237962544258629,0.7075340670415284,0.30438053790710345,0.19266895809855433,0.052278770694821015,0.720000102985154,0.8693693498384895,3.0
2021-04-26 19:09:35.260,0.7148975750365217,0.5943557423963155,0.17812125896521444,0.04450324877077951,0.12380354136694281,0.08637269252223993,0.9273765673364585,0.8713775153396018,0.7943720348589576,0.7244926440576215,0.327881194370482,0.2252004452852037,0.033512116967708096,0.697143016301731,0.891891904358411,3.0
2021-04-26 19:09:35.280,0.722055525905341,0.5623076223632515,0.20472817421815154,0.04622583148902215,0.09178499694503889,0.0724233053058533,0.9481807246265779,0.9259472546756754,0.7688463179875494,0.7016958638455653,0.34545968771335595,0.252233658546446,0.021447721915632278,0.67657149785235,0.9009007970132417,3.0
2021-04-26 19:09:35.300,0.7385807852026937,0.6028263216251891,0.22975825306098144,0.04758479860621888,0.05067165048909918,0.06281523851501278,0.9615051071254977,0.9807309561047125,0.7545446612187852,0.6469280003446077,0.3589960666056843,0.2765177460960006,0.00938332686355646,0.6651429545106392,0.8558558724778813,3.0
2021-04-26 19:09:35.320,0.7694337887204222,0.6159389827244661,0.25458325794591774,0.04891525883821109,0.018607787077819397,0.05595700152112139,0.9654989759045911,0.9903654780523563,0.7487509400926637,0.5810397585179522,0.3694303580754244,0.303092765488064,0.0053619304789080694,0.6674285227446811,0.8738738422920251,3.0
2021-04-26 19:09:35.340,0.7801074325441616,0.6448834463004375,0.25758650416798834,0.050608640059036474,0.0,0.050688737192251566,0.9694928446836844,1.0,0.7429572189665423,0.5460105643731058,0.3778905946330674,0.3328751269630257,0.00938332686355646,0.6697143250358892,0.932432382566356,3.0
2021-04-26 19:09:35.360,0.7907810763679007,0.6738279098764087,0.26058975039005894,0.05270264581959446,0.0002938271601588368,0.0464882328183836,0.9738098526783997,0.9805557255867909,0.7315430270711446,0.5551848833559707,0.3856928131175047,0.3447880738032135,0.0053619304789080694,0.6720001273270987,0.9144143666260912,3.0
2021-04-26 19:09:35.380,0.8135479907251287,0.5404558965840954,0.3023963752132402,0.054676761512259676,0.018775155261636547,0.04388368432363007,0.9737015859412029,0.9547234286145719,0.7272990094392362,0.6205171017357426,0.39293101453880297,0.3589919637369259,0.0026809309230990566,0.6628569181622621,0.9234233515331632,3.0
2021-04-26 19:09:35.400,0.8269387420665673,0.3644491464075242,0.38319744285886237,0.05644260467910232,0.04937056130010691,0.044570468661281885,0.9709410742209291,0.9426216456184587,0.7304268807466041,0.6738949201930832,0.3952810794157186,0.3709049105771138,0.006702395940457598,0.6697143250358892,0.891891904358411,3.0
2021-04-26 19:09:35.420,0.8243392455431137,0.41548193423485485,0.39120710792508684,0.05672959066085546,0.04971778074265889,0.049273407898584955,0.9675414366836285,0.9483094286004956,0.7378273572269812,0.6466499907943059,0.3890769068788089,0.3828178499166244,0.008042930034717084,0.6674285227446811,0.9009007970132417,3.0
2021-04-26 19:09:35.440,0.8307573990537717,0.49550029413815116,0.3801158828856814,0.05696813438690257,0.047224727506007834,0.05009827152146871,0.9659911711309046,0.9535008673014865,0.7416238319740657,0.5521267724772706,0.38296673619833044,0.3974799337195157,0.010723860957816139,0.6628569181622621,0.9234233515331632,3.0
2021-04-26 19:09:35.460,0.8371755525644295,0.5755186540414475,0.3690246578462759,0.057206678112949765,0.04473167426935678,0.05092313514435251,0.9661565038085286,0.9328459752326935,0.7376516424269378,0.48985265359850244,0.38296673619833044,0.4235967704934159,0.018096523945403675,0.6857142389028527,0.9189188590796276,3.0
2021-04-26 19:09:35.480,0.867584381065098,0.6563039451303541,0.34755927284558324,0.05891031181003297,0.08445295434356064,0.04957153816080099,0.9663218364861527,0.9121910831639005,0.7336794528798094,0.5240478193655081,0.3874788630087215,0.4341351432267441,0.021447721915632278,0.6834286706688109,0.932432382566356,3.0
2021-04-26 19:09:35.500,0.872798377050572,0.47324451815569374,0.37910242939679384,0.05997320741773602,0.12481724846163068,0.049871153146514094,0.9649146232177671,0.8703266441031072,0.7285669654647963,0.594106200828583,0.3924610021789577,0.43871704441514764,0.01876679099253322,0.6880000411940608,0.9459459060530845,3.0
2021-04-26 19:09:35.520,0.86938712361343,0.30069589082046855,0.41670938073475333,0.060152167308187364,0.15272655458041348,0.0523539099943996,0.9616167673807731,0.8414515724145022,0.7291806118211897,0.609674730548275,0.3924610021789577,0.46300112071368643,0.02546918693299082,0.7017143868269824,0.9189188590796276,3.0
2021-04-26 19:09:35.540,0.8617306425681084,0.3186812582897293,0.4329711625155853,0.0599346425476931,0.17710342186863762,0.05559687851288761,0.9576350659931977,0.8162787786159903,0.7315872638265553,0.5660272454412812,0.38682084462774685,0.46620845154556895,0.02546918693299082,0.7154284984027351,0.932432382566356,3.0
2021-04-26 19:09:35.560,0.8494509412370354,0.39989437492715724,0.42948734118069015,0.05999215643889545,0.21065256766674648,0.05782863952957756,0.9543979517456034,0.781712682095455,0.7305597142349961,0.5271059279686691,0.3810866841429136,0.4410079950093494,0.02278825600989196,0.7154284984027351,0.9459459060530845,3.0
2021-04-26 19:09:35.580,0.8310574083164006,0.4482624173992664,0.41257611984063036,0.060487137101586035,0.2511402678352272,0.05875132870287964,0.9522545834746637,0.7401170179843757,0.7258311870702888,0.5562969143664738,0.37948863904175045,0.3924398401620686,0.032171582873448415,0.7222859052763622,0.9234233515331632,3.0
2021-04-26 19:09:35.600,0.8079604708080009,0.4163473788346431,0.3932509568629212,0.06101879328910132,0.2809587381456583,0.05946719810903841,0.9506169209235583,0.7095699195573338,0.7222668628724901,0.652071175364047,0.38479978778718515,0.3408934559179012,0.028150117856089875,0.7085715596434419,0.9369368288937714,3.0
2021-04-26 19:09:35.620,0.8002293495357029,0.3588617518407622,0.39013129312486117,0.06129147025927517,0.28946907447090425,0.06113471987671921,0.9486693435457829,0.7008641449482277,0.7238809499452612,0.6933555777916196,0.3887948997706706,0.3443298836843732,0.028150117856089875,0.720000102985154,0.9189188590796276,3.0
2021-04-26 19:09:35.640,0.8040285622032346,0.3636279881680652,0.3879846060789889,0.06134075994188039,0.281028751913676,0.06351195055604836,0.9451704674598967,0.7151623878869132,0.7331866874622954,0.6722268634374018,0.3895469200080765,0.36357386492532945,0.028150117856089875,0.7017143868269824,0.9549548909601572,3.0
2021-04-26 19:09:35.660,0.7978075325607515,0.36083914715539167,0.37967014588526865,0.06119697521387456,0.26996243815620097,0.06651682039371874,0.9405057867827954,0.7222705063534927,0.7428857501137893,0.6305254434076001,0.38776087088628197,0.38006870920358216,0.026809652394540348,0.685714472960019,0.9009007970132417,3.0
2021-04-26 19:09:35.680,0.7757958148849637,0.37988179594470334,0.3611169492022981,0.060983284712793816,0.26855212206167756,0.06980903962821193,0.9371620588466235,0.7120264739699715,0.7464839604055654,0.5921601323380823,0.38606882285149646,0.3791523289659015,0.026809652394540348,0.6925714117193121,0.9684684144468857,3.0
2021-04-26 19:09:35.700,0.7722721161470668,0.4161952935513096,0.3556884463328659,0.060915407207379674,0.27855825640751475,0.07279357761799271,0.934993815372907,0.6973050736443789,0.7470029721431414,0.5849318886723359,0.3855988104916512,0.37731957224087875,0.033512116967708096,0.7017143868269824,0.9459459060530845,3.0
2021-04-26 19:09:35.720,0.7687484174091698,0.45250879115791587,0.35025994346343375,0.06132835416776353,0.30736671705577445,0.07619085211993308,0.9328255718991907,0.6825836733187863,0.7475219838807178,0.5977203237992257,0.3849407913412543,0.3819014674287405,0.028150117856089875,0.7085715596434419,0.9639639681194704,3.0
2021-04-26 19:09:35.740,0.7690509099835389,0.41697767816687353,0.35473895850886933,0.0615900979417112,0.33702755462396844,0.07964719424100129,0.9283917140302183,0.6523356142164503,0.7483391932452963,0.6074506571495725,0.38221471596092466,0.37777775860938045,0.03619304789080696,0.7177143006939446,0.9639639681194704,3.0
2021-04-26 19:09:35.760,0.7735776238467059,0.4035040089565778,0.36152257765829066,0.061672451165635696,0.35314171180134973,0.0815855340065668,0.9259152882519425,0.6359385933911905,0.7487924043494761,0.6124548251410771,0.3809926814401178,0.36678119950755056,0.02949065195034936,0.697143016301731,0.9504503985066208,3.0
2021-04-26 19:09:35.780,0.7785061053687513,0.44346053554024356,0.35606412152022415,0.0618996727126177,0.3645018527189833,0.08305615263046194,0.9240610445423486,0.6243936407701868,0.7492507907843726,0.6232971963285447,0.38127468893296723,0.35624282302388377,0.032171582873448415,0.6994287015643574,0.9211711514325159,3.0
2021-04-26 19:09:35.800,0.7828561582125448,0.49596298494075697,0.34734549306061463,0.06225842602817544,0.3687457589770608,0.08429974151961121,0.9226575108966103,0.6200825775948503,0.7505825758887699,0.6338615544158694,0.3819327073139418,0.35395187242968196,0.034852513796547475,0.7017143868269824,0.891891904358411,3.0
2021-04-26 19:09:35.820,0.7838976287759728,0.53239963568426,0.340742299359495,0.06264079615896119,0.3675673295676964,0.08557391128079062,0.9213891934489683,0.6212792041087889,0.7529368584761702,0.6385877161338488,0.3819327073139418,0.36449024516301015,0.03753351335235649,0.6937145469220845,0.9099098280464345,3.0
2021-04-26 19:09:35.840,0.7919082429026792,0.5574834415503644,0.3357426890609138,0.06303744751683779,0.3643552444314969,0.08666418584882335,0.9203702638170228,0.6245425099297649,0.7553433872593757,0.6422018395595994,0.3824967230690629,0.3814432795601033,0.033512116967708096,0.6925714117193121,0.9459459060530845,3.0
2021-04-26 19:09:35.860,0.7977262797708233,0.5473318258299389,0.33381180222480566,0.0633341858540556,0.3622375314773623,0.08783990957812303,0.9192280708000723,0.6266934773340308,0.7576885514069422,0.6483180476637641,0.38400076508271913,0.3933562226499525,0.038873978813906016,0.6925714117193121,0.932432382566356,3.0
2021-04-26 19:09:35.880,0.808365362466297,0.5292534681233592,0.33475474339301325,0.06356990945451962,0.36027104012101,0.08914854930049301,0.9179431672347961,0.6286921631051462,0.7602202739046249,0.6594384260349727,0.3871968543617386,0.40618554447734695,0.038873978813906016,0.6902860775424379,0.9369368288937714,3.0
