2021-05-01 19:20:51.560,0.018992376914934724,0.6749913722232458,0.5196486946969305,0.5735766937146228,0.14915091606153028,0.25767965688349664,0.9996278799227977,0.805720930286852,0.5060507169320541,0.9932473916821034,0.3814977256161511,0.6644951077275749,0.7999998678709368,0.17748933388803767,0.013888813262783427,2.0
2021-05-01 19:20:51.580,0.184307566863375,0.7650053726257766,0.171652543428988,0.5978308327543307,0.13021188028956,0.2703782241626427,0.9963694536866526,0.8179312199715512,0.5367948840587677,0.9903826487593596,0.5127752878641852,0.5309446129013939,0.7354838880166549,0.17532474872659434,0.014880914890399034,2.0
2021-05-01 19:20:51.600,0.5117387079786656,0.8788871153866648,0.5502560421535718,0.614287929459677,0.11749531163095588,0.27878939147452336,0.9923132222355663,0.8428995646811204,0.5579280542928535,0.9813791710021642,0.9013215802100851,0.4332247405891843,0.658064183675256,0.15367978369220267,0.014880914890399034,2.0
2021-05-01 19:20:51.620,0.343045157864061,0.7989782821136827,0.8196035439710817,0.6307450261650231,0.10477874297235176,0.28720055878640405,0.9793250744132871,0.8635643610158797,0.6012432539290198,0.982197668980091,0.8246695934089906,0.5374592630570577,0.7096777603330714,0.15800873237007923,0.011904711594858106,2.0
2021-05-01 19:20:51.640,0.09595075415976241,0.611515016010548,0.4448910385141135,0.6581491761216625,0.09095330694175321,0.30295942074575494,0.9584611768104332,0.8815625305745483,0.6505139403499555,0.9774913056070117,0.5400880719818775,0.5537459111085872,0.6838716326494898,0.1601730958865125,0.010912660760895374,2.0
2021-05-01 19:20:51.660,0.22643831947624848,0.5905475687821292,0.06549179474497316,0.6727024501327101,0.0728561020568191,0.31055278355745625,0.9445790135679148,0.9050788214289004,0.6732897904770816,0.9830161671255053,0.6281938111487138,0.44625405689747893,0.6967740358459564,0.15800873237007923,0.014880914890399034,2.0
2021-05-01 19:20:51.680,0.5437962992369071,0.752375608788257,0.3166707930445037,0.6880397636637859,0.06339448228450412,0.3185767229971222,0.9289221532768114,0.9173494130400073,0.6969747485942847,0.9670554563884443,0.8784140942286451,0.20521170519402854,0.6838716326494898,0.16450226620939915,0.007936508259007321,2.0
2021-05-01 19:20:51.700,0.4922229498237591,0.7631634120300389,0.7204032717352602,0.7059439093224208,0.055186234032753204,0.3287662763406204,0.9069598654090112,0.9279783982155423,0.7262718885476459,0.9754450603272196,0.9700440583467594,0.18241040165451303,0.6645160459188135,0.16341997362867686,0.019841219853865426,2.0
2021-05-01 19:20:51.720,0.225997066452145,0.5488797165008562,0.5641445539883106,0.724451283592896,0.047684134702514376,0.33989286322447054,0.880114191206821,0.9376783624307558,0.7570662883726239,0.9803560485297557,0.7092510845475724,0.2214983772410084,0.6193549921498827,0.1601730958865125,0.015873016518014642,2.0
2021-05-01 19:20:51.740,0.18051033671203934,0.5227797006948574,0.09303583048452084,0.7422046798146307,0.03746409186629885,0.3500604851373653,0.8524639452734589,0.9508676481275936,0.7836996821218754,0.9844485384193898,0.607929492798999,0.07817589784976774,0.5806458006245094,0.14285730117500745,0.015873016518014642,2.0
2021-05-01 19:20:51.760,0.48905080001904994,0.6769081289277554,0.051730552409284924,0.7548096020858338,0.026298521056878594,0.3570246669198998,0.8314874307707992,0.9652408538352951,0.8007886169622396,1.0,0.6696035051676958,0.0,0.5548383516502756,0.14718624985288403,0.015873016518014642,2.0
2021-05-01 19:20:51.780,0.686448613495002,0.727773237900593,0.5010250165481417,0.7698442820699287,0.018687909498976116,0.3653825647816301,0.8057266291272913,0.9750140045752818,0.8208045593132595,0.9967260080882927,0.705726852384739,0.1335504654984082,0.45161251962529514,0.1255410631734823,0.013888813262783427,2.0
2021-05-01 19:20:51.800,0.4713151056981422,0.582653120746779,0.6848633505538655,0.7862353827937865,0.013068637672902636,0.3747670373847963,0.7755068388865358,0.9822166256282279,0.842335469311456,0.9830161671255053,0.6845814723885385,0.2768729448896489,0.5032260962831105,0.12987023349636892,0.013888813262783427,2.0
2021-05-01 19:20:51.820,0.48825853435207334,0.6027274192029858,0.5860972344672357,0.7951096084960005,0.010996958629377218,0.3800147199458853,0.7562205865363402,0.9852437955851249,0.8534656992009927,0.9699201993111883,0.6766519637241183,0.2996742750907761,0.5006453513856876,0.12987023349636892,0.014880884414207252,2.0
2021-05-01 19:20:51.840,0.5052019630060044,0.6228017176591925,0.4873311183806061,0.8039838341982146,0.00892527958585178,0.38526240250697436,0.7369343341861443,0.9882709655420218,0.8645959290905295,0.9691244374626427,0.6893783469082565,0.2667390529422288,0.4980646064882645,0.12987023349636892,0.015872955565631078,2.0
2021-05-01 19:20:51.860,0.5221453916599355,0.6428760161153994,0.38856500229397645,0.8128580599004287,0.006853600542326362,0.39051008506806334,0.7176480818359484,0.9912981354989189,0.8757261589800664,0.9683286756140972,0.7021047300923946,0.2338038307936815,0.4954838615908415,0.12987023349636892,0.016865026717055046,2.0
2021-05-01 19:20:51.880,0.5390888203138665,0.6629503145716061,0.28979888620734673,0.8217322856026429,0.004781921498800925,0.3957577676291524,0.6983618294857528,0.9943253054558159,0.886856388869603,0.9675329137655516,0.7148311132765328,0.20086860864513417,0.4929031166934185,0.12987023349636892,0.01785709786847887,2.0
2021-05-01 19:20:51.900,0.5531169476479139,0.5926057795606954,0.3357012855634963,0.830606511304857,0.0027102424552755077,0.4010054501902415,0.6566783787169631,0.9971626527279078,0.9064586361244296,0.9671407168736242,0.7532305289617242,0.16965253387957643,0.49032237179599547,0.12987023349636892,0.018849169019902693,2.0
2021-05-01 19:20:51.920,0.6191394657529724,0.5094356142553661,0.3280344825500002,0.8550432804138463,0.0013551212276377538,0.41642002959342306,0.6149949279481735,1.0,0.9260608833792561,0.9667485199816968,0.7916299446469157,0.13843645911401867,0.4103224510734341,0.12683990292835207,0.01726186736810123,2.0
2021-05-01 19:20:51.940,0.6352740100858472,0.4822915746759409,0.3208598502455376,0.8794800495228355,0.0,0.43183460899660453,0.5426631147284207,0.9985602442018046,0.9510884795128582,0.9935543292612635,0.8528634287164139,0.0309446129013939,0.3096774960749413,0.10822526846197725,0.018849169019902693,2.0
2021-05-01 19:20:51.960,0.6514085544187219,0.45514753509651584,0.31368521794107507,0.898921642957646,0.000847750715332919,0.4450695633712161,0.4951714488847708,0.9974233058643195,0.9632158233106591,0.990382649596797,0.8784140940483562,0.10423451047014823,0.32258055991673307,0.09956714946121405,0.013888813262783427,2.0
2021-05-01 19:20:51.980,0.6542421205489772,0.43867885109467525,0.28239283102993157,0.9169774222141011,0.0020644912071750765,0.4583690302760766,0.447679783041121,0.9962863675268346,0.97534316710846,0.9872109699323304,0.9039647593802987,0.17752440803890257,0.40000026425813007,0.12121233614061579,0.026785677278910014,2.0
2021-05-01 19:20:52.000,0.6684723855587104,0.4227555181399339,0.25970385898434856,0.9342487149580626,0.006208056281229315,0.4716942528837394,0.38856668112846676,0.9909942009795875,0.9859664540431031,0.9793329260740957,0.9286343571162222,0.11726384677465156,0.34838668760031466,0.09956714946121405,0.024801524817331676,2.0
2021-05-01 19:20:52.020,0.6928949380466901,0.3473905423938644,0.26359759927734544,0.9455274842650055,0.010883501397139604,0.4804686237937643,0.3490107000767965,0.9850143240745837,0.9912429482718298,0.9676693305418393,0.8960352435043233,0.11400649103596636,0.40000026425813007,0.10389609813909062,0.026785677278910014,2.0
2021-05-01 19:20:52.040,0.7046159590662886,0.2956700213380224,0.2690930515838342,0.956547199334325,0.01748594447664935,0.48898896861367974,0.31023838965435074,0.976555625455335,0.9951967391142013,0.9427051398702455,0.8475770873231413,0.12052117585172523,0.46451624411241205,0.10389609813909062,0.021825321521790748,2.0
2021-05-01 19:20:52.060,0.7170819329168494,0.38310135163105613,0.2509887667918642,0.9668184230646147,0.025911971410342648,0.49716280663588835,0.27275037320823725,0.9657377249686889,0.9978743175105864,0.9165132045765864,0.817621134852568,0.15309446662246173,0.43871011642882857,0.11038963197841051,0.014880914890399034,2.0
2021-05-01 19:20:52.080,0.7413894345612168,0.4388828225156902,0.2240414727952336,0.9762150397246132,0.036411577131291034,0.5049815006085495,0.2366660027357876,0.9522241928762376,0.9994085453078434,0.878248425783381,0.792951530121436,0.24104232504183876,0.4129033280999218,0.1255410631734823,0.024801524817331676,2.0
2021-05-01 19:20:52.100,0.773251405115504,0.4669206683737713,0.2068631934408322,0.9845840157950436,0.050049877062763024,0.512398099955885,0.20226395218863927,0.9346211475420537,1.0,0.8113362127381112,0.7647576956793994,0.34527684217738985,0.45161251962529514,0.13636376733568756,0.022817423149406355,2.0
2021-05-01 19:20:52.120,0.7982485951724559,0.5173323563421012,0.1858883904610665,0.9916449249040378,0.0686764957252307,0.5194171971665309,0.1695632030624931,0.9105015788842694,0.9998162577399922,0.7006343494993802,0.705726852384739,0.47557001859114184,0.43871011642882857,0.1980520063417077,0.030753931408413673,2.0
2021-05-01 19:20:52.140,0.8194397502526044,0.6282305628971196,0.1788851454438984,0.9967814577701413,0.09491982327234161,0.525919538545666,0.13918208926602782,0.8764015524293814,0.9988714237238906,0.5768365387123188,0.6475770721788755,0.5798045490574987,0.43871011642882857,0.27922084686568494,0.040674541335346315,2.0
2021-05-01 19:20:52.160,0.8375540261262988,0.7825904090743613,0.15793546840274936,0.9994946037939836,0.12910255074110594,0.5319510125580135,0.11114422846971168,0.8318627297838762,0.9966087040354616,0.45897282654110255,0.6008810270310214,0.6872964086009293,0.4129033280999218,0.3506494974531887,0.05853171031493929,2.0
2021-05-01 19:20:52.180,0.8633897914964925,0.8134832847343589,0.14795112434510835,1.0,0.17180027439558182,0.5375692018163977,0.08564258516415495,0.7762085082707301,0.9921605622036738,0.3316963842739776,0.5533039461982798,0.7491856610653288,0.4129033280999218,0.42640687507355896,0.06845237103552496,2.0
2021-05-01 19:20:52.200,0.8896806579044455,0.8430464011190958,0.1408784683502148,0.9981105972335095,0.22367050744945094,0.5428802866080488,0.06295387384663469,0.7088922189641557,0.9842480022144354,0.20974018221312707,0.4969162561122346,0.7882736099902126,0.43871011642882857,0.55194815989205,0.10714281070294594,2.0
2021-05-01 19:20:52.220,0.9152336415435596,0.8769548673742612,0.13513511569029654,0.993668327169995,0.2842363110166071,0.5480178306901402,0.04355613394581724,0.631239431177105,0.9713527482569377,0.10047072225839172,0.43348012910443223,0.8762214950712012,0.42580672226437516,0.6244589922377703,0.13740074209120476,2.0
2021-05-01 19:20:52.240,0.9281810569726533,0.8842414221975361,0.14604172680164515,0.9865006065098313,0.3526597268517843,0.5533152741767827,0.02736828987651319,0.5455475135020881,0.9518085671695591,0.023531875486019413,0.3488986408504725,0.9674267092292635,0.4129033280999218,0.6969698245834908,0.1676586734794636,2.0
2021-05-01 19:20:52.260,0.9471725103407799,0.920697836140972,0.1703359707813673,0.9763621739257506,0.42600119925434327,0.5589274146412639,0.015093622530098971,0.4571316978283688,0.9249969715314319,0.0,0.2898677355364384,0.9869707103533171,0.3806450078501173,0.760822648750953,0.198908706495338,2.0
2021-05-01 19:20:52.280,0.965055333969754,0.8250220591511649,0.19907130079570534,0.9665905944434907,0.482114749239442,0.5638731875821482,0.006474031076256492,0.3710149541669821,0.8910466799553494,0.025782756649442785,0.28105719118713063,0.8631921787629065,0.34838668760031466,0.8246754729184157,0.23015873951121227,2.0
2021-05-01 19:20:52.300,0.9856900728519146,0.7868169973184228,0.2257773583113624,0.9568190149612308,0.5382282992245406,0.5688189605230327,0.0013104511977393202,0.2929839293580559,0.851861717261318,0.05299778259288674,0.27180608933182615,0.565146562878345,0.3354842844038481,0.9069263843781052,0.28273807371126136,2.0
2021-05-01 19:20:52.320,1.0,0.7641784271512428,0.250098513329018,0.9330913679614958,0.646790719818797,0.5807911318125487,0.0,0.22328941522159532,0.8081828444522337,0.07386952122701979,0.2220263579886474,0.33876219735404833,0.29677443223314964,0.9675325524484125,0.37202378654572843,2.0
2021-05-01 19:20:52.340,0.9905992222293484,0.7193013243791243,0.27342159623992024,0.912655560131907,0.717004034499936,0.5910502897117328,0.002355728524977968,0.16220923347794103,0.7604920309924613,0.08839784693622196,0.2244492638145289,0.2565146448233415,0.29677443223314964,0.9891775174828041,0.42460314106323865,2.0
2021-05-01 19:20:52.360,0.9811984444586968,0.6744242216070055,0.2967446791508226,0.8869190798733783,0.784577295168015,0.604101835914012,0.01289692246274342,0.08991471270938392,0.6838012341805675,0.10292617264542413,0.22687216964041035,0.17426709229263462,0.25806458006245114,1.0,0.4841269631645242,2.0
2021-05-01 19:20:52.380,0.9902295648367294,0.6593099985993973,0.30635114837690863,0.8536663230719091,0.8483309594475941,0.6213816263360509,0.030374163365863502,0.036833297586016354,0.603346528695188,0.09515048205211735,0.2511012278992249,0.15960912477660905,0.21935472789175264,0.9848485688049275,0.5238095044595608,2.0
2021-05-01 19:20:52.400,0.9904543862229065,0.6436107712051947,0.29892262645619505,0.7717693631855532,0.9338587604844729,0.6656249830149082,0.04259056434063421,0.02243356349244468,0.5605481664610127,0.09801518812761288,0.24229065470369682,0.1856677573931983,0.16774247252458757,0.9696969159648458,0.5773809402872255,2.0
2021-05-01 19:20:52.420,0.9637498538603918,0.5546670886768528,0.3107683651903017,0.629195549625128,0.9937910704037428,0.7445199860387449,0.05480696531540492,0.008033829398873161,0.5177498042268375,0.1377124037023123,0.23700433963260029,0.19218241554734555,0.09032276818318871,0.9458873657690113,0.6299603049634663,2.0
2021-05-01 19:20:52.440,0.9513124905041358,0.4140326955987036,0.33963469654701484,0.5011378954563216,1.0,0.8159039797813951,0.08326700155021426,0.0,0.434130891615941,0.1731123926762758,0.2440527981890228,0.1791530725774393,0.16774247252458757,0.9285715710575063,0.6716269784026201,2.0
2021-05-01 19:20:52.460,0.9507789087415538,0.4164885406964488,0.3606667170755168,0.38819917787770436,0.979841915689328,0.8786870256536662,0.10533261864208789,0.0066751575371507416,0.3823556737334859,0.165745957771432,0.24933915652944982,0.1335504654984082,0.07741904369607369,0.8787878855043942,0.7142857026757364,2.0
2021-05-01 19:20:52.480,0.9547617925551678,0.46699779806032715,0.35798114470743403,0.30472299115568924,0.9403272461120953,0.9248286487913366,0.13008242766233985,0.022031962813912946,0.33123302056912296,0.1397585984008817,0.18414088603632145,0.11074918862050423,0.07741904369607369,0.8225108877569725,0.7638888843738975,2.0
2021-05-01 19:20:52.500,0.9304331466179383,0.4184905984103729,0.32845676528931617,0.24774306873098592,0.8871759324994175,0.9559394253214336,0.15592611338235146,0.04734504078501542,0.2799827889842862,0.14180484334569876,0.08370033718419082,0.14657978180670278,0.06451664049960713,0.7640693048481079,0.8095238017838243,2.0
2021-05-01 19:20:52.520,0.8976689849784231,0.21703816439524923,0.30794812784497283,0.20968149330849822,0.8279968397791413,0.9761028934863707,0.1812052892669596,0.08162078753248886,0.2313435442819382,0.16267649823608538,0.008810573195528183,0.21498369242524953,0.11612922618943383,0.6450216646914404,0.8521825362156713,2.0
2021-05-01 19:20:52.540,0.8691125389156295,0.13111850602738823,0.31030268832640123,0.18276009005670177,0.7677382389502655,0.9897994193045787,0.20577270120983165,0.12283187406314602,0.18700278180160984,0.15183143185117826,0.0,0.30293157750623817,0.16129044511969737,0.5779221290155705,0.8759920609926932,2.0
2021-05-01 19:20:52.560,0.8478135727168045,0.1772482307869814,0.30400348348980516,0.16261671845148057,0.7049817756733382,1.0,0.23025995713936895,0.17213956576888814,0.14527409821895,0.15490080764277844,0.0854624518232964,0.254071668011745,0.2064516640499609,0.5108225933397011,0.8998015857697153,2.0
2021-05-01 19:20:52.580,0.8420539820061848,0.24715106258438227,0.29708255392911875,0.14685534660704472,0.6412507608757182,0.0,0.2567424510354042,0.22841610361219683,0.10720482709251122,0.22999801219144134,0.21409686374733733,0.08143322692684132,0.23225812205620602,0.39177484236052873,0.9310515867855882,2.0
2021-05-01 19:20:52.600,0.8440636717451485,0.13651031730987342,0.32046878922497046,0.1333834849055311,0.583552515557285,0.008009678966777406,0.286240798074343,0.28430885318730387,0.07682089650270896,0.34663399079476676,0.2819382340835733,0.003257329077073665,0.23225845237886766,0.2900433293828802,0.9652777789065257,2.0
