2021-04-26 19:07:36.060,0.7229393555707704,0.21782647811178268,0.7634274454073507,0.5549064563801115,0.5770891560390681,0.1629130254130445,0.836943422925266,0.41486178256780876,0.7240501339857698,0.5759878378109724,0.3600704652987492,0.29868179585815713,0.25034952055318294,0.6584866750206065,0.0689654225393001,3.0
2021-04-26 19:07:36.080,0.6064110537643669,0.1423987007601927,0.17232143273017148,0.5932490362526339,0.6833152511283018,0.1624523945794302,0.8353996111860615,0.30943559834755807,0.704814157421035,0.5647969013902232,0.3910422733728585,0.28983814519426615,0.2475523536102514,0.6503064041653537,0.07662835624844044,3.0
2021-04-26 19:07:36.100,1.0,0.21510789410436057,0.5545013983357044,0.6031339765554036,0.6933630082955653,0.15844864448510876,0.8391656104369415,0.2995044458432829,0.69677811337274,0.5479414143022923,0.3552485080326486,0.28917069818509933,0.25454548579275205,0.6584866750206065,0.0689654225393001,3.0
2021-04-26 19:07:36.120,0.6586110365925519,0.16102316237691702,0.703439479977483,0.6105860411605855,0.7121262424499627,0.16561002784974066,0.8317146305372786,0.28097710435307804,0.704500960203014,0.5321912071695903,0.37333085062679605,0.25846821279337123,0.2489510086901075,0.6707562436759125,0.06130268499875236,3.0
2021-04-26 19:07:36.140,0.682092114614295,0.24642956141861114,0.10944314100201082,0.6609442737079393,0.8366968812291653,0.1606625778865833,0.835586220056005,0.1530270662531317,0.6702373336930227,0.5927051631516775,0.39502966249877847,0.25579843404400243,0.2489510086901075,0.7075662060831879,0.0689654225393001,3.0
2021-04-26 19:07:36.160,0.9630248102674217,0.3817978677862955,0.581404073106042,0.6731104549330056,0.8481521098896111,0.1573796608019376,0.8295908866709722,0.14956427167937963,0.6788462303672327,0.6291793270379346,0.3591431664375419,0.2447855854351776,0.2489510086901075,0.6871167853864157,0.09578559243699475,3.0
2021-04-26 19:07:36.180,0.6534098244997901,0.25235620156866545,0.6382305164559793,0.6816511679073456,0.8459672884211583,0.1650718348614982,0.8312858371132071,0.11251850841894172,0.6676227334886753,0.642718983307003,0.37295993077871104,0.2097446980348909,0.2489510086901075,0.666666108248286,0.09961676503867628,3.0
2021-04-26 19:07:36.200,0.8465587558148887,0.27287608102753597,0.3505517466553727,0.7318891906652627,0.9220355621334104,0.15997411834407183,0.8329807875554424,0.07547274515850323,0.6563992366101179,0.6366399537309205,0.39586423215696986,0.2067411938688478,0.24335653158746295,0.6584866750206065,0.07662835624844044,3.0
2021-04-26 19:07:36.220,0.8153637551240598,0.2884077659067392,0.3913079581121437,0.744731808026523,0.8787455117959296,0.1562834274265053,0.8374929554160645,0.1175838899663344,0.6590640975108815,0.6178502284176183,0.3512611189067287,0.21241448224737655,0.24335653158746295,0.6421265521238899,0.08812246255926233,3.0
2021-04-26 19:07:36.240,0.7841687544332309,0.3039394507859424,0.43206416956891475,0.7568079343377583,0.8462113803832884,0.16280680250399227,0.8318058058988325,0.14932566917013473,0.6753524408294395,0.6098369674012831,0.35367209867828703,0.19539462803802388,0.23916085278145602,0.6339467000824237,0.09961676503867628,3.0
2021-04-26 19:07:36.260,0.8025261531611775,0.31054067784290107,0.5538795144817409,0.7954151478264927,0.8644087973632776,0.1499216074005908,0.846523798056621,0.1507369600065241,0.6519273769029044,0.6324951601185034,0.35228114848896264,0.19672951877848752,0.2363635426217434,0.6298565646547972,0.06130268499875236,3.0
2021-04-26 19:07:36.280,0.8208835518891241,0.3171419048998598,0.675694859394567,0.8148614576031054,0.8093341620996508,0.14446334136836853,0.8518718734998372,0.20091019371083277,0.6543911950180048,0.6546007207740807,0.3515393080337871,0.20106790549031905,0.23216772059895496,0.6073616574304277,0.03831427620851598,3.0
2021-04-26 19:07:36.300,0.8209112444841156,0.2925888755458966,0.5016106644806096,0.8314587769329952,0.7781553566484739,0.14068583832105255,0.8570931621304517,0.23666788569506278,0.6534557793268482,0.6344293960821685,0.35339390955122857,0.20507258044326826,0.2213285733804111,0.5981592715320537,0.055555582801193264,3.0
2021-04-26 19:07:36.320,0.7681113765290581,0.3323906857435868,0.426337676280793,0.848056096262885,0.746976551197297,0.13690833527373658,0.8612047109781855,0.25660626317251484,0.650719927056666,0.5612047488862737,0.34421364103410684,0.20440513780459488,0.21048942616186722,0.5889568856336821,0.07279688939387055,3.0
2021-04-26 19:07:36.340,0.8032098588282035,0.3852648815065786,0.45339411915497013,0.880101387574962,0.7389356593326815,0.12823998956646757,0.8677119442549318,0.2545493757470262,0.6387247718895178,0.5111909332543605,0.32761497935031036,0.20206907900878354,0.18741261986170407,0.5848667502060557,0.07662835624844044,3.0
2021-04-26 19:07:36.360,0.8367203419663866,0.3658852196573987,0.47305575443588155,0.9080466810585178,0.7620388261893274,0.11740554199522246,0.8775919908849755,0.23181645000242096,0.6155102958067187,0.5838629418296646,0.3163946486326993,0.1843817794291991,0.17482515379333954,0.5439670711849428,0.07662835624844044,3.0
2021-04-26 19:07:36.380,0.8218263923321494,0.2635290569649046,0.48650175781743854,0.935157389194148,0.7585065641812798,0.10567466513759959,0.888837297504514,0.2352897889594252,0.594751584196271,0.7159436282411916,0.31027447265730623,0.16102117508173538,0.16363634280483155,0.5276073671020105,0.0689654225393001,3.0
2021-04-26 19:07:36.400,0.8158427007346752,0.18380800847474796,0.4862089016394097,0.955187642400869,0.6991072583222486,0.09415215127067537,0.9011567403050041,0.29382965628496227,0.5832864780352405,0.7662337632964855,0.3024851543295089,0.1550141667496491,0.14965036487339203,0.48670726926710867,0.08812246255926233,3.0
2021-04-26 19:07:36.420,0.8041864321016012,0.2566936334644832,0.4528855479027294,0.9692496065731074,0.6133840740729056,0.08169369837681122,0.914948724847892,0.37875303589040454,0.5731161291735096,0.743022936255916,0.2917284848070845,0.1633572393406635,0.12727274289637602,0.45807757771508606,0.09578559243699475,3.0
2021-04-26 19:07:36.440,0.7910122067866939,0.3458275992895347,0.41775730807567985,0.9817874794170434,0.5340558143387085,0.06712486322528188,0.9304947676205648,0.45779016486190993,0.5558999167253339,0.7605692230331518,0.2871383543435505,0.19205739708952724,0.09510482179392744,0.3885477883281616,0.11877380505863852,3.0
2021-04-26 19:07:36.460,0.7968555882693298,0.3389000365059196,0.3966647880238852,0.9919481155865878,0.4602088894039566,0.05150555012386583,0.9467767437523371,0.531740122684377,0.5336868663759282,0.7726581983714855,0.2951131299388716,0.23085266046345232,0.08111884386248752,0.3680979488176052,0.1570882774357471,3.0
2021-04-26 19:07:36.480,0.7957350916767217,0.31734071529637,0.3752260276752694,0.9976951596098382,0.38442449087900876,0.036161509805054545,0.9627172596780419,0.6079945538738344,0.5103872901347468,0.7847471737098193,0.3030879055341927,0.2696479238373774,0.06433555577133497,0.3476481093070488,0.16475101497629485,3.0
2021-04-26 19:07:36.500,0.7748792076557841,0.3540868464808761,0.3323356647800392,0.9973637018059731,0.3150685935042638,0.021852495148837723,0.9774157781726059,0.678092084640497,0.48672777571929304,0.7560099468931044,0.33994806050411236,0.3495745085615713,0.05174823291975156,0.3067484302859336,0.16475101497629485,3.0
2021-04-26 19:07:36.520,0.7565641630916144,0.4157366909012876,0.2702595654413125,0.9889781061672862,0.26280737501631746,0.009925249328901146,0.9941923390404799,0.7543792639447077,0.4563146405501153,0.7305885508952522,0.3755563697153066,0.4093108746604348,0.04335658887417548,0.24948862836810182,0.1532567124968809,3.0
2021-04-26 19:07:36.540,0.7526068994937548,0.525395757815643,0.227692519852175,0.9714022385898005,0.21703997949586792,0.00048080208289430536,0.9970961695202399,0.7789643058291642,0.4529389189064395,0.7234042481490592,0.40258715364450653,0.4889037282316818,0.036363599908455516,0.23312850547138278,0.16475101497629485,3.0
2021-04-26 19:07:36.560,0.7466280959576543,0.5225405649641456,0.27321095456124267,0.9445635798753894,0.19163498168496299,0.0,1.0,0.8035493477136211,0.4495631972627637,0.7162199454028663,0.42961793757370653,0.5684965818029288,0.06153838882840344,0.25766848040956564,0.14176241001746695,3.0
2021-04-26 19:07:36.580,0.746583568688135,0.6602447612498059,0.12734613399935327,0.8725837688923775,0.23274372083856534,0.012554728971275944,0.9940749044526794,0.776058261062364,0.46086037005832226,0.6382978714020581,0.5403838783466206,0.7196729854760171,0.10069915567979089,0.26584875126481844,0.09961676503867628,3.0
2021-04-26 19:07:36.600,0.7285668340050022,0.7305009417086183,0.031200011910639626,0.8076041090934568,0.32241053174909956,0.0415051212534969,0.9677786421401595,0.7019746348648915,0.5152356725546352,0.6034816229252323,0.67804152328581,0.8681795530370101,0.14965036487339203,0.2781183199201244,0.06130268499875236,3.0
2021-04-26 19:07:36.620,0.6810695471061231,0.6588122708379518,0.0,0.7426244492945355,0.41207734265963375,0.0704555135357179,0.9060559874489454,0.5039601645306064,0.617769193456314,0.5951920402238103,0.7690095758013911,0.9546137913078725,0.21678323080444004,0.3026582948583072,0.04980838251933842,3.0
2021-04-26 19:07:36.640,0.6680843463271299,0.6392841909792009,0.012937849084876937,0.6712991548030858,0.5883345307304044,0.14199046071087093,0.8337381490082953,0.3145013621686643,0.7084669318323568,0.6062448171590397,0.8551557203862198,1.0,0.3146852195412994,0.3026582948583072,0.03065134249937618,3.0
2021-04-26 19:07:36.660,0.6416919723324551,0.6048271926153729,0.015001292537285597,0.599973860311636,0.7645917188011756,0.21352540788602392,0.7311324771096155,0.1446577885720545,0.7986220933135617,0.74247028836233,0.9186757405757624,0.9859837455612346,0.42377616248344746,0.3190179989412396,0.04214564497879012,3.0
2021-04-26 19:07:36.680,0.5659871309533872,0.5481567911097199,0.022129294650592376,0.4508854512148604,0.8797505724053172,0.38010720995860137,0.6084696494991791,0.11660444100114888,0.8631621966066007,0.9027355539231565,0.9654116702766857,0.8464875921622685,0.5937062383224617,0.22494844402302447,0.15517249496631427,3.0
2021-04-26 19:07:36.700,0.4154447979405386,0.27072363930666193,0.1999886507906935,0.3665900776529014,0.7518465877439381,0.5022012616006081,0.478949213377033,0.2418409410049718,0.8740736893993958,0.8778668058188904,1.0,0.693976355111443,0.6989509872075904,0.15132883331881422,0.31609199404589133,3.0
2021-04-26 19:07:36.720,0.3251951458466842,0.0,0.41765680664773386,0.32014562838294863,0.5967483776126055,0.6225476838386147,0.3513613432793178,0.3952919169497617,0.7993746614860064,0.958828399131152,0.9876668459816831,0.6562656616462035,0.8041957360927194,0.07770922261460395,0.47701149312546787,3.0
2021-04-26 19:07:36.740,0.2658756834393783,0.19996012940746982,0.4336035469585284,0.2946653730662063,0.3684439457918451,0.7372605375462129,0.23227642335131618,0.6241200696247856,0.6564384608331368,1.0,0.9184902927958056,0.48940430543045965,0.9132866790348675,0.00817985204146618,0.7509578912347165,3.0
2021-04-26 19:07:36.760,0.2153513553446532,0.3777115309233152,0.5508281096750326,0.3082454737982397,0.13140836788759092,0.8339478007855962,0.13643747659000371,0.8650773849419835,0.4768007363535053,0.8201160395471983,0.7979413118079411,0.335224430370029,0.955244756045968,0.0,0.8773946300024953,3.0
2021-04-26 19:07:36.780,0.0412540111632774,0.2760185554587103,0.793483025342381,0.3296532230276723,0.009193180931360768,0.9071035089970018,0.07022243774157629,0.9905317809622595,0.2964256561377318,0.5647969013902232,0.6534680719650933,0.29017186787938204,0.977622378022984,0.01226956865530594,0.9463602094766689,3.0
2021-04-26 19:07:36.800,0.0,0.14837880253874444,0.9268685897137323,0.32393813661715565,0.0,0.9562224672278501,0.030663468726442808,1.0,0.15223836682624622,0.4882564233754656,0.5450667440852135,0.26480894654213183,0.9972026898402874,0.020449839510558784,1.0,3.0
2021-04-26 19:07:36.820,0.18926005873110704,0.16468668549308832,0.9550735165930514,0.30840263969881165,0.023893133506907607,0.9857127064482256,0.00909821947454231,0.9754006865635885,0.05775207558779222,0.41143961462879663,0.4657826227620015,0.2521274845077275,1.0,0.08179935804223037,0.9846743679840305,3.0
2021-04-26 19:07:36.840,0.4510974935312776,0.4144366046412211,1.0,0.27685596908797466,0.06585517705417514,0.9999061759322483,0.0,0.9322705911735547,0.008260710852689267,0.16441004560300695,0.3749072599811577,0.2778241268911586,0.9975524252186421,0.11451918502187938,0.9415709102379606,3.0
2021-04-26 19:07:36.860,0.6903551185741597,0.967260776973278,0.9778581459459246,0.19171064594119927,0.15064004697472974,1.0,0.0024337448050608256,0.8454086378568209,0.0,0.0,0.2972922825283607,0.3045219427930542,0.9951048504372837,0.1472390120015284,0.8984674524918903,3.0
2021-04-26 19:07:36.880,0.829449983227618,1.0,0.9008501219010713,0.0758212799187787,0.2776289157097237,0.9887181878926888,0.0144494110178391,0.7160519917734697,0.023273923897610016,0.17739703362313405,0.25027819254258254,0.27548806973428236,0.9748250678632714,0.2167688013884528,0.7701149704883973,3.0
2021-04-26 19:07:36.900,0.8871623355068321,0.5611062507727558,0.8585208565945686,0.0021173147574930374,0.3875664499413578,0.9663610645293532,0.034356479023544544,0.6048256322170094,0.08055378756554553,0.5449019006451041,0.22283012226627613,0.23210412066921485,0.9566432679090434,0.20858853053319998,0.7241379175056144,3.0
2021-04-26 19:07:36.920,0.8982517701919661,0.20776036205975731,0.859816013888205,0.0,0.41148919193554345,0.9336960858014623,0.060015475322214136,0.5807212358144598,0.17479187746579425,0.7695496054238788,0.18156527778173093,0.22509594155022247,0.9258741451032321,0.2044988139193602,0.6321838900074859,3.0
2021-04-26 19:07:36.940,0.8553888666685789,0.28421003128189964,0.8193462472835092,0.03840989571575424,0.3125796491200934,0.867330842446212,0.09187625644765841,0.6439875353284621,0.30012875090208274,0.7264437708530719,0.11971438628249612,0.2354413502519323,0.8888111818506528,0.2116563415108131,0.5440613293639271,3.0
2021-04-26 19:07:36.960,0.7335587051629797,0.5314599718211173,0.7630649818545732,0.045181317798109584,0.30199183382319567,0.8311053972603403,0.1242560742758952,0.6841013318416163,0.4008639977769561,0.5833103027567326,0.06175814863412239,0.20907725266465912,0.8517482185980735,0.21881386910226602,0.45593876872036854,3.0
2021-04-26 19:07:36.980,0.6163629745844205,0.5686277605769355,0.6862567271824751,0.051952739880464636,0.29140401852629827,0.7948799520744689,0.156635892104132,0.7242151283547703,0.5015992446518291,0.5363360007820075,0.026706226026104132,0.12731518388502913,0.7650348260245509,0.24130877632663564,0.3026818600548956,3.0
2021-04-26 19:07:37.000,0.5667394154628961,0.3932922759912962,0.6235171669578897,0.05872416196281998,0.2808162032294005,0.7586545068885974,0.1978098113825406,0.7093773971747424,0.5919383125566252,0.6095606479779024,0.00760387510187272,0.04321707543049665,0.6993006151733594,0.24130877632663564,0.19540235747567103,3.0
2021-04-26 19:07:37.020,0.5633091561608812,0.2462065243203859,0.5825098578841115,0.09943114538860977,0.27648542213862637,0.7059616931732253,0.23898373066094916,0.6945396659947143,0.6822773804614213,0.8033987144326638,0.0037555585283265518,0.0,0.640559357483692,0.20858884464354055,0.14463608372161646,3.0
2021-04-26 19:07:37.040,0.5631260644731023,0.22339118386406182,0.5669500288505857,0.14013812881439958,0.27215464104785253,0.6532688794578533,0.3049314743166897,0.7103179922644788,0.7767242883925556,0.7789444612954116,0.0,0.004838969373726199,0.581818099794025,0.1758689129604455,0.09386980996756192,3.0
2021-04-26 19:07:37.060,0.5629429727853235,0.20057584340773774,0.5513901998170597,0.18084511224018934,0.2678238599570784,0.6005760657424811,0.3708792179724303,0.7260963185342433,0.8711711963236892,0.7129041168457098,0.0035701145433966195,0.015017520830215656,0.5052447059200942,0.16564388850172002,0.05938700061361584,3.0
2021-04-26 19:07:37.080,0.5627598810975445,0.17776050295141368,0.5358303707835338,0.3380987391902353,0.10587623672667285,0.4427738745587944,0.5081268957583677,0.8784902864249508,0.9951891415896612,0.6468637723960078,0.007140229086793239,0.025196072286705114,0.42867131204616377,0.15541886404299457,0.02490419125966921,3.0
2021-04-26 19:07:37.100,0.5886659271830339,0.4276186599164398,0.382940476301376,0.3859263282792508,0.10979417217467626,0.3861605970675908,0.6054948271168837,0.8998642609757151,1.0,0.5110527746735233,0.029256301879202386,0.04004670855611637,0.3160838746211555,0.1472390120015284,0.01532567124968809,3.0
2021-04-26 19:07:37.120,0.6496205034590518,0.5775414325093444,0.25498483555997975,0.43375391736826624,0.11371210762267968,0.3295473195763871,0.696063298118001,0.8706269161469868,0.9579854880516455,0.500138156319131,0.06843469375556804,0.024862330480680386,0.22307689223023172,0.15541928285677883,0.024904289343965515,3.0
2021-04-26 19:07:37.140,0.6453896758057192,0.47346566665635176,0.24187262286257252,0.519884190528009,0.16611724777816783,0.25267326883375896,0.7496410755050673,0.8295946114697406,0.9070936246707774,0.52832273524226,0.10599037011947697,0.015518106223668643,0.17167825147205334,0.15235168128606022,0.05268200718134006,3.0
2021-04-26 19:07:37.160,0.6387144846047489,0.420583748045427,0.24154506779748988,0.5880264248486007,0.1999177270693712,0.20843124215617145,0.7961687667245094,0.7951039019952141,0.8494683193855178,0.5349544014033977,0.14206231244265952,0.024528588674655658,0.12027961071387497,0.1492840797153416,0.0804597250187146,3.0
2021-04-26 19:07:37.180,0.6425180235583303,0.5125906730403613,0.22086640920166775,0.6482233001315588,0.21074130800122035,0.17015428414896505,0.8357330731402848,0.7840729480184204,0.7928717923906918,0.5261121798552142,0.17989614909142312,0.03887868052398992,0.05734256680561541,0.14314887657390196,0.12643693493637093,3.0
2021-04-26 19:07:37.200,0.6524948043276626,0.588492408820972,0.20241677024708923,0.6975584793584547,0.198807154428,0.1367957683679928,0.8698044800257201,0.7962361967333434,0.7395650293173475,0.5302569734676312,0.22190282264606348,0.07091605829511667,0.03496494482859941,0.13496944334622243,0.1570882774357471,3.0
2021-04-26 19:07:37.220,0.6718686269037832,0.64322402901041,0.18758162364641237,0.7309068628153919,0.15666104987218993,0.10680447485285974,0.9003889238261878,0.8392546681991597,0.6903211798694008,0.5404807898710123,0.26242581529035275,0.13098613342130408,0.012587322851583411,0.12269903706334556,0.16475101497629485,3.0
2021-04-26 19:07:37.240,0.6882874964307809,0.6417138322088454,0.21576758665822057,0.7539755884810012,0.11810062469838245,0.08374316207372101,0.9236387744574611,0.8786996449951449,0.6495190394378533,0.519204198794108,0.30220697886454695,0.1877190008172413,0.0,0.13496944334622243,0.168582383746569,3.0
2021-04-26 19:07:37.260,0.7205122817659747,0.6155434322150436,0.23380988922439777,0.7747891719413798,0.10773480522448363,0.06639961197178451,0.940525886236131,0.8893169788143905,0.614357431761336,0.4346504507161907,0.36173960389407694,0.266644418305555,0.005594333885863447,0.1717789869397112,0.1532567124968809,3.0
2021-04-26 19:07:37.280,0.7574114127975748,0.5635415534022895,0.2115877506391156,0.8052181455325098,0.15634685396595482,0.05231618220430398,0.952891207134786,0.8395753321321443,0.5773992651856359,0.45233489381255776,0.4277633383332811,0.3519105673573826,0.006992988965719556,0.1676888515120848,0.1379310412471928,3.0
2021-04-26 19:07:37.300,0.795225395193307,0.576628495014903,0.2162994191733351,0.8293518791281139,0.22435958419102112,0.044977791500807156,0.9582979625885891,0.7702028471746148,0.5521729593158008,0.4824537132227641,0.45456229963444406,0.3772734941577497,0.027971955862879445,0.21267866596082638,0.11877380505863852,3.0
2021-04-26 19:07:37.320,0.838438706073687,0.64278257767783,0.27675990512743054,0.8343661924512019,0.2734331590434645,0.04777502561540471,0.9481828937251321,0.693398547105041,0.5619476655204048,0.5100856600842498,0.4652262414718632,0.37894210485177077,0.04195793379431897,0.2249486534299166,0.11877380505863852,3.0
2021-04-26 19:07:37.340,0.8229705850498998,0.39515980730322603,0.46982138033001125,0.8340709532751022,0.3265317584602689,0.06024692986414984,0.9362837967348295,0.6454859686433614,0.5797846646830047,0.5424150280963836,0.466431731737145,0.40130152748609477,0.06293704390825955,0.24539807412668874,0.11494263245695699,3.0
2021-04-26 19:07:37.360,0.8290440104602754,0.2545208162183593,0.5259147450224839,0.8392386631393105,0.39476019312873456,0.0770553751220858,0.924384699744527,0.5975733901816818,0.5976216638456048,0.4907432959241861,0.46123885993599684,0.4056399223926015,0.08251749894234403,0.28629859077537484,0.04980838251933842,3.0
2021-04-26 19:07:37.380,0.8351174358706509,0.11388182513349251,0.5820081097149565,0.839227846716539,0.4589044880056629,0.09487970417475002,0.8973138353901686,0.4924674557645601,0.6327234657676338,0.3876761532648779,0.44686571202767333,0.40764225304018015,0.0909089997711394,0.32719826979649,0.0727969874781663,3.0
2021-04-26 19:07:37.400,0.8307497051708923,0.3443769216305372,0.5371642646876817,0.8410133349284823,0.5399678457933004,0.11106023833626426,0.873844444911903,0.35113012852042236,0.6485358984563317,0.34346504552396034,0.427021498637111,0.38595028670232157,0.09790213195364007,0.38036793628669785,0.07662835624844044,3.0
2021-04-26 19:07:37.420,0.7842921079038205,0.4848196500867026,0.5206424442628645,0.841278419228977,0.6412100490188346,0.12410898942364955,0.8677914479771408,0.2925126914872743,0.6466452312502102,0.42332135209587446,0.4165430152057237,0.33956282664231496,0.11048945480522349,0.39672805918341447,0.0689654225393001,3.0
2021-04-26 19:07:37.440,0.8040514340890657,0.3654682739148123,0.5348810399918024,0.8480546622674413,0.7599251261387695,0.13394406956712265,0.8617384510423786,0.23389525445412598,0.6447545640440882,0.5404807898710123,0.41283381672487285,0.3101952289863363,0.1132866217481554,0.43353760277690323,0.04214564497879012,3.0
2021-04-26 19:07:37.460,0.8238107602743108,0.24611689774292209,0.5491196357207402,0.8617071592837069,0.8526413059967971,0.14161055535566794,0.8485494671861319,0.12495285290872078,0.6425606921026155,0.5827576639099711,0.40995918562519745,0.2888369771389185,0.11853136347244528,0.41717768928707877,0.03544060250436646,3.0
2021-04-26 19:07:37.480,0.840015456915977,0.29624457287959133,0.5115280976313131,0.8710219429982715,0.8897559009155532,0.14848819956471737,0.8422362857060329,0.10695225273899142,0.6487153157197977,0.5595468323459892,0.4061572587003361,0.28282996880683214,0.12377610519673515,0.40081777579725425,0.0287355600299428,3.0
2021-04-26 19:07:37.500,0.8172136142402354,0.36080832695606346,0.4862220890130671,0.8832715417868315,0.908165817296505,0.1572504503023212,0.8359231042259341,0.0889516525692615,0.65486993933698,0.5291516935124023,0.40337535908069266,0.2728182882533551,0.134265731862096,0.42535816954922373,0.03065134249937618,3.0
2021-04-26 19:07:37.520,0.8070616749663774,0.4199289281092373,0.46455290103922,0.8993169265134692,0.9411270333323396,0.16438330592248696,0.8282871166765199,0.05694744246143508,0.6593608891603401,0.5280464158188793,0.40096438006813967,0.25513098594221223,0.134265731862096,0.4417170360045828,0.019157040019962237,3.0
2021-04-26 19:07:37.540,0.7924087767299615,0.38151237515384,0.4660497419749571,0.9152445187572747,0.9684789672396842,0.16847450717266027,0.8237284035426525,0.030456065282155928,0.6600484316246623,0.5661784985071269,0.3992025107897356,0.24545302534229257,0.14825170979353552,0.43762773820452966,0.03448290743824239,3.0
2021-04-26 19:07:37.560,0.795876409646619,0.35673982717896735,0.4714995807155433,0.9302908183730048,0.9785588765786996,0.17239825466877673,0.8196954636176085,0.020707894461873672,0.6637987445981685,0.5885603718009664,0.39781156135941653,0.2467879188143146,0.14965036487339203,0.44580759024599587,0.022988604958828443,3.0
2021-04-26 19:07:37.580,0.8037569688695613,0.39584779330074604,0.4579351687750939,0.9422273964419703,0.9750448273514861,0.17598325471712298,0.8162692291631803,0.024105606935974046,0.6696987836195587,0.5791655114060215,0.39632788120807083,0.25780076742313945,0.1517482042763953,0.42535754132854253,0.009578618094277427,3.0
2021-04-26 19:07:37.600,0.8090831502345129,0.45205356298226035,0.4376430058595024,0.9514979721255866,0.9726677033367951,0.1790666221665467,0.8133018149359936,0.026403963923555766,0.6745885379005324,0.5565073186888012,0.39456601268867214,0.2721508456146817,0.15069928457489346,0.4171775845836303,0.004789309047138713,3.0
2021-04-26 19:07:37.620,0.8142046835269493,0.4591138708883382,0.43519541516896476,0.960026557595607,0.9822807957011321,0.18174529236120807,0.810484326723015,0.01711050768497598,0.6764361032037927,0.5548494021485167,0.3935459831064381,0.28082763269613675,0.14965036487339203,0.4089976278387204,0.0,3.0
2021-04-26 19:07:37.640,0.8173549773841035,0.4279014557251278,0.4454272434587966,0.9681955789510772,0.9966796777823304,0.18445656734469978,0.807538835084053,0.0032042182629992604,0.6773032120731144,0.589527489782799,0.3931750624993477,0.28399799752184823,0.156643353839112,0.42126761530781065,0.01532567124968809,3.0
2021-04-26 19:07:37.660,0.8306579138025102,0.4175841849014674,0.4476107721504627,0.9743800325557936,1.0,0.18704741626884355,0.8049318759299243,0.0,0.6802055062934443,0.5993368293128152,0.39280414341026804,0.2831636914919481,0.16223768772497543,0.41717789869397087,0.0,3.0
2021-04-26 19:07:37.680,0.8336227542450028,0.42900141793252644,0.44304378432626373,0.9787613393189665,0.9935204216655577,0.18967289404639565,0.8024803921168476,0.006254125370487186,0.6851164386720177,0.5983006320405639,0.39252595352420416,0.283413983505785,0.16083903264511892,0.40081777579725425,0.04214564497879012,3.0
2021-04-26 19:07:37.700,0.8361777673916744,0.4536484969704755,0.436356090362496,0.982473912550041,0.9841061436797118,0.19204360570703857,0.8003296158861136,0.015347333895700697,0.6902445211217518,0.5972644347683127,0.3922477636381404,0.283664275519622,0.16223768772497543,0.40490749241109397,0.0038315649388662057,3.0
2021-04-26 19:07:37.720,0.8386573545107133,0.45529940621197657,0.4344667260646049,0.9843897304621193,0.9801683674928107,0.19303180608138185,0.7994306288619626,0.019153059846224257,0.6923721742228427,0.5985769521424565,0.39099590892315167,0.28441515156113273,0.16363627119644142,0.4192225475939974,0.014367878099267707,3.0
2021-04-26 19:07:37.740,0.841136941629752,0.45695031545347753,0.43257736176671385,0.986305548374197,0.9762305913059098,0.19402000645572506,0.7985316418378114,0.022958785796747254,0.6944998273239336,0.5998894695166003,0.38974405420816294,0.28516602760264353,0.16503485466790696,0.43353760277690323,0.02490419125966921,3.0
2021-04-26 19:07:37.760,0.8417979271671581,0.453075661640958,0.4391127382377444,0.9897424667097957,0.9666684743784327,0.1957845281243889,0.7969698791643891,0.0322077708600396,0.698791822343084,0.5994749895899321,0.38608122051857147,0.2853328889452015,0.16783202161083888,0.4498973068598356,0.019157040019962237,3.0
2021-04-26 19:07:37.780,0.8429020234686291,0.4577392329066001,0.4362568487217356,0.99296297464737,0.955489184609732,0.19713379270423495,0.7955716371785746,0.04764605404330908,0.7042853015471763,0.6004421070063382,0.3824183870566815,0.2854997489219802,0.15524469875925548,0.4089976278387204,0.0,3.0
2021-04-26 19:07:37.800,0.8440061197701,0.46240280417224217,0.43340095920572674,0.996087650718042,0.9459599320856593,0.19786376291971988,0.7954049846926489,0.06503718248982479,0.708557609884051,0.6244818968404621,0.3807492476188578,0.2878358079909474,0.16223768772497543,0.41717789869397087,0.019157040019962237,3.0
2021-04-26 19:07:37.820,0.8446246298872815,0.48761869765910576,0.4211606057425253,0.9985551471627577,0.932786190194544,0.1980021858046869,0.7958072677186788,0.08604790144473963,0.7128704847177355,0.6595744658715217,0.3807492476188578,0.29451026169326544,0.16223768772497543,0.40081777579725425,0.03065134249937618,3.0
2021-04-26 19:07:37.840,0.8457467717634497,0.47028853682967175,0.4157810859375936,1.0,0.9111503222899102,0.19799744371053277,0.7957949033946181,0.11207972190861623,0.7187817839248214,0.6764299529594526,0.38019286781636996,0.3045219427930542,0.1559439546907932,0.35173824473467286,0.02490419125966865,3.0
2021-04-26 19:07:37.860,0.8473932355526415,0.4403352372210647,0.4253779049650733,0.9986186526752414,0.8764304536824052,0.19852991148754032,0.7957825390705575,0.13811154237249282,0.724693083131908,0.6598507898183147,0.3786164584620084,0.3192057414844657,0.1573425739664542,0.3323107296741297,0.01819919782739342,3.0
2021-04-26 19:07:37.880,0.8444835558568252,0.3909630577022284,0.4400135356683732,0.9957066176431421,0.838988740940286,0.1994501437733551,0.7954186401967178,0.1601603574514065,0.7300678456762167,0.6258634939573657,0.376390939373498,0.33455698499979725,0.15874119324211566,0.3128832146135866,0.011494204395118193,3.0
2021-04-26 19:07:37.900,0.8392138177037989,0.38822403916600556,0.45065676614157835,0.9917588281880889,0.8125934358899427,0.2005144431927886,0.795054741322878,0.18220917253032043,0.7354426082205262,0.6137054393286134,0.3757418296393491,0.3485733405062236,0.16363634280483155,0.31492828232739983,0.022988604958828443,3.0
2021-04-26 19:07:37.920,0.8405510138332398,0.4002083588161428,0.4591375673882696,0.9836421066949969,0.801316926500644,0.20182673678735752,0.7943787595315772,0.19133430091057585,0.7383241717678536,0.613152800481852,0.3768545891836043,0.3569164076341212,0.15524469875925548,0.31083772808598675,0.03065134249937618,3.0
2021-04-26 19:07:37.940,0.8397980669306677,0.40705543965360835,0.4708982818070636,0.9708077450503596,0.7948820661392554,0.20376023315003247,0.7927929275359953,0.1973748308438818,0.7417032714672378,0.6134291199052326,0.38195473717067463,0.3786083848982133,0.15524469875925548,0.2781183199201244,0.03065134249937618,3.0
2021-04-26 19:07:37.960,0.8450145264272865,0.4126029378750235,0.4725409956396413,0.9575254646862231,0.7921099587994338,0.20638713355583088,0.7895007756498993,0.20228644279019012,0.7470051038022083,0.6172975895708569,0.3900222437906245,0.4169864909549838,0.15524469875925548,0.2822084553477508,0.03448290743824239,3.0
2021-04-26 19:07:37.980,0.8558746199965597,0.40927929451163764,0.4773040666516731,0.9375025863132093,0.7919417703820094,0.21093591219362662,0.7849139626714758,0.20245139389738218,0.7528252029622369,0.6219950220300354,0.3976261006763686,0.4513599193272467,0.15384604367939897,0.2822084553477508,0.04597701374906427,3.0
2021-04-26 19:07:38.000,0.8657769141190893,0.3564541378680092,0.5055466484524819,0.9185637060669887,0.7994680240038344,0.2162100028068571,0.778150565560391,0.19806824350325827,0.7601680371679789,0.6012710664073334,0.39994434972690035,0.4700483869621789,0.15769223773641836,0.2873210199288366,0.0440613293639272,3.0
2021-04-26 19:07:38.020,0.8500982861965617,0.2817895346835692,0.533274467714182,0.8996248258207674,0.8069942776256595,0.22148409342008757,0.7698364730330973,0.17732881146005627,0.7654908984590163,0.5523625273380902,0.3944732819676455,0.4663774346943455,0.16153843179343774,0.29243358450991996,0.04214564497879012,3.0
2021-04-26 19:07:38.040,0.8449147028891788,0.33766660495802053,0.541181219383335,0.8625185548767519,0.8550137496320559,0.23215207613739822,0.7624230040711808,0.14072954389649012,0.7658989496916381,0.5189278816324334,0.3860348557273121,0.43267146261854805,0.16643350974776347,0.3026582948583072,0.019157040019962237,3.0
2021-04-26 19:07:38.060,0.8214795881937038,0.4056165617857106,0.5276956929729888,0.8433261647218271,0.8986389558358377,0.2370733983183748,0.756766693740893,0.0982140809247968,0.7626652629863347,0.5229345087480418,0.37810644359499096,0.35591523957877347,0.16643350974776347,0.3476481093070488,0.04597701374906427,3.0
2021-04-26 19:07:38.080,0.8291947324620572,0.49360004935711355,0.4738396315137558,0.8317859839646528,0.9334203816076144,0.23956844537452207,0.7537130726442205,0.06442235893462836,0.7583189804493943,0.5575435165264789,0.3785932759335529,0.32971800715824,0.16223768772497543,0.3640078133899788,0.05747112005988615,3.0
2021-04-26 19:07:38.100,0.8327175207758419,0.47565636648175175,0.46614695082220015,0.8271890042868264,0.9516232929460674,0.23986417855848943,0.7531381875003728,0.0467742469844976,0.7549033410745744,0.592152524304916,0.37908010827211475,0.3035207747377065,0.1608390684493144,0.34867043375705975,0.050766175669758246,3.0
2021-04-26 19:07:38.120,0.8362403090896268,0.45771268360639,0.45845427013064444,0.8255464649349189,0.941635464985013,0.24036812437407248,0.7521291990037271,0.07333787389554748,0.7620062811254649,0.6493506517298466,0.382511116904852,0.311696980796202,0.15944044917365296,0.333333054124143,0.04406123127963089,3.0
