2021-04-12 01:35:39.500,0.764436482770457,0.9250753274088996,0.9522735774382175,0.23703519146926122,0.4595297390981441,0.6527207861791374,0.49975840023786555,0.5399087093664809,0.34248740585701026,0.2673267164651197,0.46840147273635807,0.20754716660604278,0.48000327680838595,0.4827580118924841,0.4324324025127852,5.0
2021-04-12 01:35:39.520,0.12070072233381571,0.22160830441184345,0.03396073808362842,0.323668583006619,0.4560829668135175,0.8406941794516638,0.4069469223907065,0.543353299252498,0.15671363366818897,0.7227722772277227,0.22676579235649078,0.7735849091570444,0.48000327680838595,0.7241352523269541,0.8648648050255704,5.0
2021-04-12 01:35:39.540,0.8376360253986903,0.9729345644019263,0.9840266886703007,0.1988593933603492,0.4215920374918925,0.5006109354172669,0.5552891763306438,0.5778464562056234,0.4929662073501821,0.792079207920792,0.20817843232727026,0.39622642441878475,0.7600024576063058,0.862067626163477,0.7027027924616444,5.0
2021-04-12 01:35:39.560,0.25371258224496074,0.22891046656920047,0.006040690559941933,0.36578550719862835,0.43145601090459906,0.6712938762708796,0.4677743086530068,0.567985267477059,0.3242675212843185,0.8118811881188119,0.2304832643623349,0.924528303052348,0.48000327680838595,0.6206903857290271,0.7567567043973741,5.0
2021-04-12 01:35:39.580,0.8553643686737961,0.7890502827393179,1.0,0.21138012167934198,0.4264910465753936,0.3266021536290239,0.6712013083556304,0.5729518680073965,0.6647600326021064,0.37623759945015484,0.5427509128532402,0.5660377425510015,0.6400016384041977,0.5862064095139953,0.8648648050255704,5.0
2021-04-12 01:35:39.600,0.27615551855114046,0.179231127061083,0.0,0.28004988523923274,0.44419148029220457,0.5477313713703241,0.5454672167707324,0.5552368343078757,0.44629975206920547,0.7425742655298164,0.37546466041908155,0.8113207576308702,0.4400016384042069,0.8275871809720294,0.7567567043973741,5.0
2021-04-12 01:35:39.620,0.8459563524706757,0.8710901079940393,0.9729135033190536,0.13653029903687527,0.4306474484480368,0.22850944826324437,0.7442387749033637,0.5687939059563977,0.7615521766627379,0.8663366336633663,0.3252788005113597,0.556603780432545,0.8400016384041883,0.862067626163477,0.6216216478013129,5.0
2021-04-12 01:35:39.640,0.1132008791800395,0.1561510897513312,0.02772916749698683,0.33500052163981064,0.4120871537502284,0.38385693003319266,0.6212830805827969,0.5873543344297724,0.6083258906576214,0.4059405697471845,0.3457248965435024,0.39622642441878475,0.5200008192020895,0.6896548071355065,0.4324324025127852,5.0
2021-04-12 01:35:39.660,0.7705901121570252,0.9183368930958963,0.9175694893770061,0.24781803555934595,0.3842528186707058,0.09391743550873813,0.7661221379720327,0.5954662235907872,0.8163004217660735,0.6237623754272164,0.6988847431842797,0.6037736064684396,0.5999999999999953,0.862067626163477,0.6216216478013129,5.0
2021-04-12 01:35:39.680,0.167663788056531,0.0,0.08911968473337058,0.2943016341053427,0.4237233690428053,0.2524731449779164,1.0,0.4743242280240526,0.9861737676540224,0.5891089104858854,0.6886616951682084,0.7830188789973069,0.40000000000000463,0.7241352523269541,0.7837837987436074,5.0
2021-04-12 01:35:39.700,0.4914936422076518,0.4769225509350312,0.5108412227060188,0.04932447643833908,0.5251112384074463,0.0,0.8453761522450299,0.5663612393622438,0.8891450953162497,0.5544554455445545,0.6784386471521371,0.9622641515261742,0.32000081920209883,0.9310320475699564,0.5675675974872147,5.0
2021-04-12 01:35:39.720,0.9667440791864886,1.0,0.6360186707630578,0.06490503409876715,0.45301177301135614,0.04276057865711588,0.9701717216770809,0.5264866608406709,1.0,0.6336633684436928,0.9479553614902484,0.4528301986738849,0.48000327680838595,0.7931032047569977,0.7837837987436074,5.0
2021-04-12 01:35:39.740,0.7019660133802389,0.7072057236147009,0.5665193426276375,0.032452517049383574,0.46892255999178833,0.0301228731606549,0.9683132619684917,0.5170200396817967,0.9890989710116559,0.8415841503117677,0.7174720971279134,0.5660377425510015,0.40000000000000463,0.8965480713549245,0.7567567043973741,5.0
2021-04-12 01:35:39.760,0.4371879475739891,0.4144114472294019,0.49702001449221717,0.0,0.48483334697222485,0.01748516766419856,0.9384292298542904,0.5121712093195977,0.9494035180945521,0.9009900990099009,0.6877323241239539,0.6981131967657802,0.8400016384041883,0.8275871809720294,0.8108108930898407,5.0
2021-04-12 01:35:39.780,0.4970174694564615,0.48420480447612946,0.4626586926752333,0.0814094433279375,0.4811117611638411,0.0644618541073118,0.9114629794826092,0.518317761916731,0.922980472310417,0.7623762376237624,0.6728624342749014,0.6226415152617404,0.6400016384041977,0.5517224332989634,0.6756756981154111,5.0
2021-04-12 01:35:39.800,0.4943165587903459,0.4931557127088402,0.47816065806539665,0.109473665425705,0.47929921330048836,0.08145369958965543,0.8962421944691972,0.5201353231740932,0.9062426370323783,0.6534653473450609,0.6617100176488104,0.5471698244915334,0.5200008192020895,0.6896548071354964,0.7567567043973741,5.0
2021-04-12 01:35:39.820,0.5069214071320227,0.4964493346882907,0.48351502789935114,0.11159728857114119,0.48896532097608625,0.0950184260735443,0.8929713053821106,0.5104654172026977,0.8927989439557436,0.6237623754272164,0.6468401290168754,0.4339622728926107,0.5900006144015753,0.6810338130817385,0.64864863836377,5.0
2021-04-12 01:35:39.840,0.5012931799990631,0.4938887198926152,0.4849843470099543,0.10994863220548569,0.507403476330003,0.10635830218760438,0.8985838537020552,0.492035511081272,0.8814842634836456,0.613861382086577,0.6505576016312781,0.3207547228380492,0.6600004096010494,0.6724128190279806,0.5405405723301657,5.0
2021-04-12 01:35:39.860,0.503163016443209,0.4946770385449543,0.48588960795442254,0.10658130991993084,0.5362601177178971,0.11769491126734648,0.9125408861135791,0.4631713180882235,0.8700987416707568,0.6633663366336634,0.6431226570110312,0.3207547228380492,0.6400016384041977,0.7586192285419658,0.7567567043973741,5.0
2021-04-12 01:35:39.880,0.5092003745850001,0.48534851271595175,0.4860377374779924,0.10846607693912728,0.5687797180291116,0.1273228613993312,0.9308281296461535,0.4306705023235273,0.8603725511962209,0.613861382086577,0.6282527689876548,0.3396226517080458,0.7600024576063058,0.5517224332989634,0.3783784905770555,5.0
2021-04-12 01:35:39.900,0.49932418029009024,0.48732783971376775,0.48435409995277673,0.10539252023412969,0.5961743514706184,0.13727098089437903,0.9448873773416561,0.4032780613680084,0.8503683958194791,0.504950495049505,0.6171003560129158,0.3207547228380492,0.7200008192021035,0.5862064095139953,0.7837837987436074,5.0
2021-04-12 01:35:39.920,0.49841655997034356,0.518779951819078,0.48660021029917194,0.08864513666962749,0.6184733314849556,0.1461230103761023,0.9558058281296422,0.3809872440655456,0.8414867421363879,0.48514851485148514,0.6171003560129158,0.3207547228380492,1.0,0.862067626163477,0.9459459496859018,5.0
2021-04-12 01:35:39.940,0.5039454016250554,0.5230733160039278,0.48367564208836,0.06811311896681582,0.6419912621513372,0.15722602650217954,0.9660087719298107,0.3574819687871566,0.8303762467395956,0.5544554374404806,0.6208178249759665,0.3207547228380492,0.5600024576062917,0.41379359048602476,0.6756756981154111,5.0
2021-04-12 01:35:39.960,0.5066692655823073,0.5221708858399214,0.4855132076797161,0.05957469882163655,0.6654359092113818,0.16661548312903635,0.9775683913172936,0.3340599577677689,0.8209546065246978,0.613861382086577,0.6245352969818107,0.35849057594495876,0.5200008192020895,0.5517224332989634,0.7567567043973741,5.0
2021-04-12 01:35:39.980,0.5074305924791623,0.5056957974926928,0.4866120143484067,0.05789172404703626,0.6888329219273119,0.17495295470583325,0.9899271483794018,0.31068370458441236,0.8125754935301585,0.6336633684436928,0.6208178249759665,0.35849057594495876,0.6800032768083999,0.7586192285419658,0.6756756981154111,5.0
2021-04-12 01:35:40.000,0.5079645133812319,0.544316700125038,0.48433840793521626,0.07028616062113291,0.702607797131434,0.1841953947884234,0.9939600059470687,0.29691584683876976,0.8033704078287147,0.5594059377576336,0.6189590904944412,0.518867931958719,0.48000327680838595,0.6551708309204747,0.7837837987436074,5.0
2021-04-12 01:35:40.020,0.5065893779881835,0.5407578928185882,0.48420213390624156,0.07213523649501076,0.7072222215436695,0.1939932307048959,0.9829579244722088,0.29669380881475843,0.7887160187658873,0.5544554374404806,0.6208178249759665,0.6037736064684396,0.7200008192021035,0.6896548071355065,0.8108108930898407,5.0
2021-04-12 01:35:40.040,0.5008087295058649,0.5543947745966729,0.48577220609413463,0.06890930605430767,0.6984367385375261,0.2041471733619059,0.9728711344037982,0.29837334643557556,0.7771216658928985,0.6237623754272164,0.6431226570110312,0.5660377425510015,0.6400016384041977,0.7586192285419658,0.8108108930898407,5.0
2021-04-12 01:35:40.060,0.504503165489765,0.5128109563355787,0.48314071086607613,0.05878674815228989,0.6975268004255335,0.21576964794437717,0.9627843443353877,0.3000528840563961,0.7655273130199097,0.6410891087082892,0.6505576014791385,0.5330188759085844,0.6400016384041977,0.7241352523269541,1.0,5.0
2021-04-12 01:35:40.080,0.5068107678642007,0.5177108103152097,0.4833247043103998,0.06035715854554658,0.7014193813153681,0.22947975745536908,0.9508251561106087,0.2959421800983416,0.7449674801911786,0.6584158419893621,0.6579925459472458,0.5000000092661673,0.7600024576063058,0.6896548071355065,0.7567567043973741,5.0
2021-04-12 01:35:40.100,0.5071576157925279,0.5278298518775967,0.48492215903049984,0.0822680899197149,0.7057315108514708,0.2502768811583582,0.9443763009217957,0.2916559460807653,0.7314927344640402,0.6237623754272164,0.6617100176488104,0.5094339698402626,0.40000000000000463,0.6551708309204747,0.5675675974872147,5.0
2021-04-12 01:35:40.120,0.5080348745387933,0.5266706353086672,0.48569630910879724,0.08948902634555739,0.707900400250631,0.26100296320011973,0.9356787094855508,0.28946557097903275,0.7170572229070636,0.6534653473450609,0.6728624342749014,0.5283018940771756,0.8400016384041883,0.6896548071355065,0.8108108930898407,5.0
2021-04-12 01:35:40.140,0.5089121332850586,0.5255114187397378,0.48647045918709475,0.0967099627713901,0.7100692896497911,0.27172904524188585,0.9287094855783579,0.28619576102407596,0.7037376610138995,0.693069306930693,0.6728624342749014,0.5471698244915334,0.6800032768083999,0.6206903857290271,0.5945946918334482,5.0
2021-04-12 01:35:40.160,0.5075377779756124,0.4770821499679437,0.4889459224111719,0.10984773608318274,0.7185738521649809,0.2914292621729686,0.9283935474278693,0.27573747004174515,0.6914387862416346,0.6831683192629053,0.6728624342749014,0.47169812136643663,1.0,0.9310320475699564,0.5675675974872147,5.0
2021-04-12 01:35:40.180,0.5081238426238288,0.5203894145720945,0.48695002455776804,0.13074833349805504,0.7306119058989629,0.31156595488879135,0.924137674695206,0.2689353051710136,0.6776616544101681,0.6039603960396039,0.6579925459472458,0.4528301986738849,0.7600024576063058,0.4482775667010365,0.3243243018845889,5.0
2021-04-12 01:35:40.200,0.5042364287709601,0.5235013352632876,0.48497799202963543,0.13563802040434972,0.7377802639919776,0.3263068137267717,0.9197145405887623,0.26178133005277004,0.6630833880212732,0.6039603960396039,0.665427490871772,0.41509434865569766,0.5,0.6551708309204747,0.7027027232724602,5.0
2021-04-12 01:35:40.220,0.5036742073190466,0.5063672903098934,0.4843223321470941,0.1372413764701969,0.7520583532929394,0.3424505371004417,0.9201791555158931,0.24752438855153852,0.6470781689522694,0.6831683192629053,0.6728624342749014,0.37735849863751053,0.45000000000000817,0.7068950297312202,0.7432432610080338,5.0
2021-04-12 01:35:40.240,0.5041664572462897,0.4832911302179285,0.4929761501674695,0.1463220274766727,0.7738797684726588,0.35263551658346776,0.9308467142432255,0.22572115474775142,0.6369102128295852,0.6534653473450609,0.6728624342749014,0.35849057594495876,0.40000000000000463,0.7586192285419758,0.7837837987436074,5.0
2021-04-12 01:35:40.260,0.5049459455922941,0.4939229665719107,0.4914827475323081,0.15264622387681867,0.7953457581616564,0.36430568986696643,0.9403062741599847,0.20427648234760082,0.625271028188798,0.5643564356435643,0.6728624342749014,0.2641509470385878,0.3599983615958024,0.862067626163477,0.5675675974872147,5.0
2021-04-12 01:35:40.280,0.5071473650009657,0.5509734727404433,0.49199946473172196,0.15533678713799667,0.8128226768791454,0.37697002169310817,0.9460117454653555,0.18683674579271856,0.6126740559135534,0.6435643540044215,0.6505576016312781,0.2830188789973068,0.5200008192020895,0.7586192285419658,0.5135135471731167,5.0
2021-04-12 01:35:40.300,0.5059576314245762,0.5213864438633286,0.49170439424980433,0.16684306328862086,0.8343155372237965,0.3860817804030215,0.9573297650907039,0.16536131812573224,0.6035714995517519,0.7029702970297029,0.6431226570110312,0.3396226517080458,0.6400016384041977,0.6551708309204747,0.4864865912052518,5.0
2021-04-12 01:35:40.320,0.5058862117740635,0.5020955066119219,0.49122779023964436,0.18533382202746773,0.8546786086374493,0.3938213846998257,0.9686849539101964,0.14504258854328866,0.5958117122139623,0.6633663366336634,0.631970240993499,0.37735849863751053,0.5200008192021012,0.5689644214064794,0.5810811446603315,5.0
2021-04-12 01:35:40.340,0.5089126903374198,0.5148791948265892,0.49143358705554313,0.19788612328269675,0.870018088836829,0.4007393298659216,0.9766019922687889,0.12972871604262434,0.588901782710031,0.5643564356435643,0.6282527689876548,0.37735849863751053,0.40000000000000463,0.4827580118924841,0.6756756981154111,5.0
2021-04-12 01:35:40.360,0.5094725715385265,0.5581188712802722,0.49222065731086473,0.2014099375130297,0.8758990982452235,0.4082290060374804,0.9765090692833628,0.12386271148934082,0.5814848055152047,0.5841584101687325,0.631970240993499,0.3396226517080458,0.28000327680839526,0.7241352523269541,0.6216216478013129,5.0
2021-04-12 01:35:40.380,0.5063556206851955,0.528075523194034,0.49022455840662726,0.20357748822191993,0.8910859042647377,0.41728979901204827,0.9829765090692808,0.10870186519441365,0.5724669291753967,0.6237623752651349,0.6282527689876548,0.2830188751364038,0.5200008192020895,0.8275871809720294,0.7567567043973741,5.0
2021-04-12 01:35:40.400,0.5021561209341049,0.5209922842661385,0.4904126083471812,0.2107884723091451,0.9008167457926041,0.42845848252790175,0.9837384775497952,0.09899595305696124,0.5614003323785173,0.613861382086577,0.6282527689876548,0.2830188789973068,0.40000000000000463,0.862067626163477,0.7027027924616444,5.0
2021-04-12 01:35:40.420,0.5010083925873249,0.5243948493983022,0.49514668018359015,0.22202157392459448,0.9119924957587126,0.43537806121115663,0.9883660422241961,0.08781828888196923,0.5545264986026008,0.6188118787568967,0.6282527689876548,0.2830188789973068,0.6400016384041977,0.862067626163477,0.5675675974872147,5.0
2021-04-12 01:35:40.440,0.502404140086051,0.5275516136662793,0.49287587902085406,0.23179271131901916,0.9197910928662063,0.44476425080369086,0.9887749033601108,0.08004170714234796,0.5452272622178529,0.6237623754272164,0.6282527689876548,0.2830188789973068,0.9200049152125929,0.7586192285419658,0.5945946918334482,5.0
2021-04-12 01:35:40.460,0.505074746134018,0.5300816007180089,0.4930791999548701,0.24467446930012401,0.92578691325786,0.4531102166697182,0.9865586901575962,0.07196244856931965,0.531271706701124,0.5990098997744879,0.6394051850051871,0.3396226517080458,0.7600024576063058,0.9655160237849882,0.5945946918334482,5.0
2021-04-12 01:35:40.480,0.5105846460807313,0.5451804909111683,0.49211878071421067,0.24868560493745545,0.9299909494746179,0.4646441546221967,0.9775312221231165,0.06949715138717605,0.5136180862708151,0.6732673267326733,0.6505576016312781,0.35849057594495876,0.5999999999999953,0.7586192285419658,0.9729729056537667,5.0
2021-04-12 01:35:40.500,0.5103469890607206,0.5322528364452618,0.4924660676455635,0.2583153504870479,0.9303610316866089,0.4767795535924307,0.9708593517692411,0.06884829026970893,0.5019574586232864,0.7326732673267327,0.6468401290168754,0.37735849863751053,0.4400016384042069,0.6896548071355065,0.8918918993718037,5.0
2021-04-12 01:35:40.520,0.505055247840984,0.5013883458573665,0.4920782884850028,0.2788693319715768,0.9310144771764295,0.48860915815059686,0.9674212013083412,0.06505114000772481,0.4912152071580092,0.6435643540044215,0.635687712999343,0.37735849863751053,0.7200008192021035,0.7241352523269541,0.7837837987436074,5.0
2021-04-12 01:35:40.540,0.49895181742421935,0.5219679907566868,0.49405783617502924,0.3129543757344043,0.9335739071276873,0.5042814484723358,0.9596342551293519,0.06753706572250583,0.48177891422183794,0.49504948874234744,0.6059479369525901,0.3396226517080458,0.7600024576063058,0.862067626163477,0.6216216478013129,5.0
2021-04-12 01:35:40.560,0.4953362660364311,0.5169383871988177,0.4938801509962719,0.3059740113552639,0.9345479683952217,0.5174786335955696,0.9564562890276583,0.0653196859962289,0.4734874991539443,0.45544554455445546,0.6059479369525901,0.20754716660604278,0.5600024576062917,0.37930961427099297,0.40540544654492033,5.0
2021-04-12 01:35:40.580,0.4989423470667536,0.5346251592786868,0.4956652896261436,0.285918333168597,0.9459130343443619,0.5251888345835214,0.9611396074933084,0.053973242917849405,0.4658261908100794,0.4752475166484015,0.6282527689876548,0.13207546965839087,0.6400016384041977,0.5172419881075159,0.6216216478013129,5.0
2021-04-12 01:35:40.600,0.5164446251048125,0.5133847487933629,0.4966485305017177,0.25822337715106725,0.9752362480259209,0.5344116724602084,0.979556943205453,0.024721983639700077,0.45657484380705404,0.5544554374404806,0.635687712999343,0.13207546965839087,0.7200008192021035,0.6896548071355065,0.4324324025127852,5.0
2021-04-12 01:35:40.620,0.5102102778029939,0.5279008006809767,0.499134564860359,0.2530577702368697,0.9966033048463685,0.5418409084969034,0.9926033303597873,0.0033890803800184282,0.44914234028697597,0.613861382086577,0.6245352969818107,0.2641509470385878,0.6000020480052447,0.7413790059462521,0.6891892452885278,5.0
2021-04-12 01:35:40.640,0.5110529408871409,0.5514997076231966,0.4984547640946391,0.2647932933592439,1.0,0.5475974229633294,0.9920086232530533,0.0,0.44345279583154323,0.6534653473450609,0.6245352969818107,0.39622642441878475,0.7200008192021035,0.6551708309204747,0.5675675974872147,5.0
2021-04-12 01:35:40.660,0.5097698378344403,0.5723272185350198,0.4945758182207167,0.29095490286516057,0.9829517903795739,0.5553843992577302,0.9736842105263349,0.017009912947590064,0.43587189876295895,0.6237623754272164,0.6245352969818107,0.5283018940771756,0.4400016384042069,0.6206903857290271,0.5135135471731167,5.0
2021-04-12 01:35:40.680,0.5085407731835367,0.5702570400800139,0.49758736161345896,0.30989317365663427,0.9542563729256179,0.5616914090065616,0.9467922985429748,0.04565881907276836,0.429804619860064,0.693069306930693,0.6394051859180252,0.5471698244915334,0.9600024576062964,0.7586192285419658,0.5135135471731167,5.0
2021-04-12 01:35:40.700,0.5117754940539218,0.543826778723121,0.494599150761279,0.3358653455451823,0.929587889639777,0.5709273150205204,0.9215544157002795,0.07027503459967899,0.42083101935825,0.7821782178217821,0.6579925459472458,0.5283018940771756,0.5600024576062917,0.7586192285419658,0.5945946918334482,5.0
2021-04-12 01:35:40.720,0.5071442456012083,0.5101261491535816,0.49572367419688773,0.37272331675066894,0.9120389087093914,0.5804049815739251,0.9020220041629221,0.08777403130286128,0.41158848781355195,0.8415841503117677,0.6579925459472458,0.5283018940771756,0.3599983615958024,0.6206903857290271,0.5945946918334482,5.0
2021-04-12 01:35:40.740,0.5022420259321427,0.5112659807176577,0.49681038470130884,0.42297919480774765,0.891876145819719,0.5885954366064646,0.8810957478441722,0.10790972954118357,0.40361546168649937,0.7722772277227723,0.6579925459472458,0.5094339698402626,0.40000000000000463,0.5862064095139953,0.7837837987436074,5.0
2021-04-12 01:35:40.760,0.5004274535685524,0.5214276693178242,0.4951303152370632,0.4636053273152534,0.8708669572768779,0.5989715375970314,0.8583667856080822,0.12888107088338896,0.39349146372763527,0.6435643540044215,0.654275074245681,0.47169812136643663,0.24000163840419297,0.6551708309204747,0.40540544654492033,5.0
2021-04-12 01:35:40.780,0.5078254622231927,0.5331952014646376,0.49477975058579715,0.477863939863164,0.8541375313440075,0.6112176890306081,0.8381467439785976,0.14558268103412658,0.38149977988157935,0.5396039603960396,0.6524163374820605,0.37735849863751053,0.28000327680839526,0.7241352523269541,0.4864865912052518,5.0
2021-04-12 01:35:40.800,0.5065012454816896,0.5300441232045712,0.4980504349025194,0.4778282487178552,0.8464329815313073,0.6214147565406041,0.8263641094261184,0.15328049928550613,0.3714839102696734,0.44554454635137175,0.6468401290168754,0.4339622728926107,0.40000000000000463,0.7586192285419658,0.3783784905770555,5.0
2021-04-12 01:35:40.820,0.5090804874067962,0.5181278442235471,0.4966071205345871,0.46103419211720015,0.8431144555577645,0.6349366848749378,0.8164399345822284,0.15659081617726953,0.35816303797054155,0.47524751867441994,0.6644981230224506,0.4292452918333824,0.48000327680838595,0.7241352523269541,0.40540544654492033,5.0
2021-04-12 01:35:40.840,0.5038816700682144,0.5314543089966413,0.4949028055224643,0.4383071689783444,0.8300027969909759,0.6492642638718256,0.791146297948251,0.17387002524182196,0.3371347647903684,0.504950490997468,0.6821561170280258,0.4245283107741542,0.3599983615958024,0.6896548071355065,0.5945946918334482,5.0
2021-04-12 01:35:40.860,0.5124043995102893,0.522777245192586,0.49956941061238547,0.40961560636509065,0.8216008315246522,0.6634268576357119,0.7700156110615438,0.18598610011964675,0.31554784172066924,0.5940594035093719,0.7063196826317778,0.41509434865569766,0.24000163840419297,0.6551708309204747,0.4864865912052518,5.0
2021-04-12 01:35:40.880,0.5114024628245242,0.5273714960857065,0.4993388533515115,0.4035522298729407,0.8136776522863866,0.6782820626747885,0.7509292298543111,0.19904283608567913,0.2990819950994391,0.5990098981536731,0.7100371553983202,0.46226416002016074,0.32000081920209883,0.4827580118924841,0.5135135471731167,5.0
2021-04-12 01:35:40.900,0.5104005261387591,0.5319657469788273,0.49910829609063756,0.4089306109225784,0.8005916429818112,0.6950370481691539,0.7288878977103813,0.21592972796591287,0.2825501318139348,0.6039603927979744,0.7137546281648627,0.5094339713846238,0.19999999999999069,0.7241352523269541,0.7027027924616444,5.0
2021-04-12 01:35:40.920,0.5106129466305751,0.5125707130156353,0.499086972580096,0.411512041643318,0.7748849752728895,0.7206064922505906,0.7061403508771863,0.23349548610199453,0.2653933835736363,0.6633663366336634,0.6988847431842797,0.6037736064684396,0.32000081920209883,0.5862064095139953,0.8648648050255704,5.0
2021-04-12 01:35:40.940,0.5012798096909119,0.5080055717457117,0.5029805697378522,0.4276561075786022,0.7388074558741053,0.7415383811191564,0.6782820398453545,0.26076265560477563,0.2534722829581048,0.5940594035093719,0.6802973770694724,0.6981131967657802,0.5200008192020895,0.5517224332989634,0.7567567043973741,5.0
2021-04-12 01:35:40.960,0.5045797111202162,0.520891224554708,0.5016258280189883,0.430002114013978,0.7016172470524724,0.7534009827239238,0.6426925364258156,0.2979030158914701,0.24192988966719278,0.5742574257425743,0.6802973770694724,0.7169811364463055,0.5600024576062917,0.5172419881075159,0.8648648050255704,5.0
2021-04-12 01:35:40.980,0.5070214615871623,0.5054437939473123,0.5036362293838632,0.4232537420792962,0.6673791461726988,0.7641560596952538,0.6101509069283338,0.3321253764707232,0.23145756197659326,0.693069306930693,0.6840148490753165,0.7735849091570444,0.7200008192021035,0.7241352523269541,0.7837837987436074,5.0
2021-04-12 01:35:41.000,0.5010574169337142,0.4641644473709829,0.5058512448535423,0.4311744308634985,0.6347459562716695,0.7722387025953329,0.5802111210229165,0.36472895983437237,0.22361994446618633,0.8217821782178217,0.6877323241239539,0.7735849091570444,0.6600004096010494,0.6551708309204747,0.6216216478013129,5.0
2021-04-12 01:35:41.020,0.5068356142921785,0.4695686970575207,0.5056189787492816,0.46365337308777027,0.6017793259618156,0.7789197877734506,0.550754534641702,0.3976716012617164,0.21716121156244245,0.7623762376237624,0.6728624342749014,0.6981131967657802,0.5200008192020895,0.5862064095139953,0.6216216478013129,5.0
2021-04-12 01:35:41.040,0.5089641659244949,0.4894709036839043,0.5032803651508893,0.4896667270670637,0.5719553409702972,0.7861546352682917,0.5235652691049584,0.42748695714140833,0.21013886511020485,0.5940594035093719,0.6579925459472458,0.6792452879724793,0.5999999999999953,0.6551708309204747,0.6216216478013129,5.0
2021-04-12 01:35:41.060,0.5094570842444727,0.5321994643986523,0.5010044168502833,0.49396339186680727,0.5348213162468515,0.7955555265152521,0.4896112102289792,0.4646055637027863,0.2010124037668135,0.5346534653465347,0.6394051859180252,0.6415094394986535,0.7200008192021035,0.5172419881075159,0.4864865912052518,5.0
2021-04-12 01:35:41.080,0.512656151053253,0.48910737210168076,0.5055343676886239,0.47354393854533916,0.5130560851653193,0.8004658790935942,0.47008809099017423,0.48638404326741047,0.19623974639594186,0.5643564356435643,0.665427490871772,0.5849056667879146,0.6400016384041977,0.5172419881075159,0.4864865912052518,5.0
2021-04-12 01:35:41.100,0.5133431615455353,0.5057588630716063,0.5047792181558838,0.4633431346709226,0.49211651604849443,0.8085615901309453,0.4497658340767109,0.5073193784435556,0.18832751516392848,0.6534653473450609,0.6728624342749014,0.5660377425510015,0.6800032768083999,0.37930961427099297,0.7837837987436074,5.0
2021-04-12 01:35:41.120,0.5061660967044301,0.46718357935119453,0.5013922155246014,0.46518671959938335,0.4789804296129283,0.8185717832780159,0.4348424026167153,0.5204556280263012,0.17848646562087397,0.792079207920792,0.66914496105194,0.6226415152617404,0.7600024576063058,0.7241352523269541,0.7027027924616444,5.0
2021-04-12 01:35:41.140,0.5135674483158104,0.49403927605899045,0.5052148859101566,0.49657159094653336,0.45561639451984826,0.8235131726823695,0.41408340767174573,0.5438176287689273,0.17369933422045164,0.9504950657130982,0.6951672650928488,0.6415094394986535,0.7200008192021035,0.6551708309204747,0.7837837987436074,5.0
2021-04-12 01:35:41.160,0.515919395177595,0.47437757022192667,0.5077381573667451,0.552414505979627,0.43489911900890943,0.8275757298554688,0.3958519179304205,0.5645406775910385,0.16976910904962195,0.7029703010817399,0.6505576010227194,0.7169811364463055,0.4400016384042069,0.5862064095139953,0.6216216478013129,5.0
2021-04-12 01:35:41.180,0.5010635447433499,0.5307634319334443,0.5021235917423928,0.606055551894915,0.38929717357344445,0.834163704555557,0.35680567945287656,0.610165740883128,0.1634344477654411,0.4752475166484015,0.631970240993499,0.5849056667879146,0.5600024576062917,0.6206903857290271,0.5135135471731167,5.0
2021-04-12 01:35:41.200,0.5046780937172836,0.5557963023711683,0.5014513404354738,0.6145239624858602,0.3407309062617183,0.8403678027234049,0.315640796907537,0.658756812104075,0.15749137946456057,0.4801980157499433,0.635687713455762,0.575471704669458,0.48000327680838595,0.3448256380559611,0.5135135471731167,5.0
2021-04-12 01:35:41.220,0.50714577737837,0.5270985891166013,0.5021601883751698,0.6021000120800782,0.3312724354707287,0.8438055395833908,0.29774382991377235,0.6776758019810896,0.15077632321171133,0.48514851485148514,0.6394051859180252,0.5660377425510015,0.8000000000000093,0.41379359048602476,0.4324324025127852,5.0
2021-04-12 01:35:41.240,0.5096134610394564,0.4984008758620345,0.5028690363148659,0.5896760616742962,0.3218139646797435,0.8472432764433766,0.2758883437407279,0.7022132540197551,0.1450437736149798,0.6089108893062126,0.6412639210081091,0.6886792423691298,0.9600024576062964,0.4482775667010365,0.4864865912052518,5.0
2021-04-12 01:35:41.260,0.5039767101174519,0.4673515821845501,0.505487682916344,0.5843992631151094,0.297314033688473,0.8531219779932582,0.24929378531071827,0.733595628251337,0.14077734989493226,0.6237623754272164,0.6394051859180252,0.8301886818677833,0.6800032768083999,0.3448256380559611,0.5945946918334482,5.0
2021-04-12 01:35:41.280,0.5092344688065282,0.4928384464763988,0.5025332762782605,0.5819104920985178,0.26596452829174344,0.8575573037819205,0.21364852809989718,0.7759006229816856,0.13542126404896654,0.5742574257425743,0.6431226570110312,0.8113207576308702,0.7600024576063058,0.20689679524300236,0.4324324025127852,5.0
2021-04-12 01:35:41.300,0.51672529000195,0.502920139829179,0.499805288180943,0.5826215695318394,0.22370187251827817,0.8631373983952366,0.17867231638416423,0.8159349788651334,0.1272152636245936,0.5841584101687325,0.6505576016312781,0.7735849091570444,0.6800032768083999,0.31034519286451356,0.4864865912052518,5.0
2021-04-12 01:35:41.320,0.5211214440741277,0.5080590738821114,0.5013141829654832,0.5712141303989673,0.1654414054818605,0.8756346214160623,0.14665105560509537,0.8525487489732622,0.11932421728905555,0.6336633684436928,0.66914496105194,0.7169811364463055,0.6400016384041977,0.06896795243006365,0.6756756981154111,5.0
2021-04-12 01:35:41.340,0.5136895637151421,0.4482243827727294,0.5042298209713287,0.5580289976828154,0.12713972863080583,0.8874395598651376,0.12775052036871495,0.8726079341087175,0.11172465686275193,0.7029702970297029,0.6765799071935836,0.6226415152617404,0.6800032768083999,0.06896795243006365,0.5135135471731167,5.0
2021-04-12 01:35:41.360,0.5126590479475109,0.4524299986839249,0.5031994460931271,0.5639386277029154,0.11355294801627537,0.8957424008781789,0.11373773416594195,0.8862280165478309,0.10354863693854534,0.6435643540044215,0.6877323241239539,0.5660377425510015,0.7600024576063058,0.13793237383654303,0.5135135471731167,5.0
2021-04-12 01:35:41.380,0.5146475455639741,0.4251305180023672,0.5026693335862632,0.5512339527119711,0.1128127835922848,0.9065647787564395,0.10883140053526255,0.8869608920527643,0.09283303039460832,0.6237623754272164,0.6802973770694724,0.5283018940771756,0.7600024576063058,0.2413807714580342,0.5675675974872147,5.0
2021-04-12 01:35:41.400,0.5152727184891263,0.47250059570283065,0.5043519528481393,0.5455686697635476,0.10403707173365837,0.9156549750398597,0.09833110318167754,0.8957568983688482,0.08386147492028904,0.6237623754272164,0.6840148490753165,0.47169812136643663,0.6400016384041977,0.4482775667010365,0.5675675974872147,5.0
2021-04-12 01:35:41.420,0.5113915436694353,0.4568336004148997,0.5024077274242681,0.5384812319485099,0.10267399665582547,0.9265325657980716,0.0929415700267623,0.8971071295959447,0.07310193006716763,0.6039603960396039,0.6951672650928488,0.35849057594495876,0.48000327680838595,0.275864747673066,0.5945946918334482,5.0
2021-04-12 01:35:41.440,0.5147015838489398,0.4396865031192279,0.506795017321712,0.5208827518422081,0.116728570957461,0.9360592378662366,0.10022673208444378,0.8830302189249915,0.06361431289726768,0.5544554374404806,0.6914497961297981,0.3396226517080458,0.6100024576062952,0.28448397621503185,0.5067568081811504,5.0
2021-04-12 01:35:41.460,0.5163589438390045,0.4689165894619898,0.504996748002767,0.5009684655003734,0.1262175765844202,0.9470348396539595,0.10349762117156339,0.8735358430131146,0.05270661275127058,0.6039603960396039,0.7026022121473304,0.35849057594495876,0.7400016384042046,0.29310320475699764,0.41891892452885277,5.0
2021-04-12 01:35:41.480,0.5043569836409098,0.47677393039632504,0.5050602555261483,0.4971399037986197,0.127209348056822,0.9587896291262666,0.09981787094856209,0.8725284204920108,0.04106921502771177,0.7524752475247525,0.7026022121473304,0.37735849863751053,0.5600024576062917,0.1724128190279906,0.4864865912052518,5.0
2021-04-12 01:35:41.500,0.5079533711656941,0.4270134376248726,0.5079769933096197,0.5079515753522321,0.1388199140871856,0.9664557251509398,0.10604371097234576,0.8609036797551565,0.03343268526941474,0.8217821782178217,0.7063196826317778,0.35849057594495876,0.7600024576063058,0.1724128190279906,0.18918924528852776,5.0
2021-04-12 01:35:41.520,0.5062668196691357,0.46356403420580944,0.5144316789648673,0.5395203933713336,0.14189293997950506,0.9693356159013118,0.1074096788581796,0.8578311535850515,0.030569031282984067,0.8019802061238758,0.6877323241239539,0.3207547228380492,0.5600024576062917,0.31034519286451356,0.2702703899488592,5.0
2021-04-12 01:35:41.540,0.5185501129234396,0.4911177146736296,0.5157011807478926,0.5689655882449794,0.1461397249666257,0.9691689971511466,0.11081995242342194,0.8535801756050738,0.03071601515234327,0.8118811881188119,0.6617100176488104,0.3207547228380492,0.7600024576063058,0.41379359048602476,0.5135135471731167,5.0
2021-04-12 01:35:41.560,0.5160509812732035,0.5206754061349044,0.5117151426047649,0.609936277578268,0.14221660924081714,0.9684110451896247,0.1079950936663611,0.8575055978336288,0.03148347624733317,0.7425742574257426,0.6189590889730445,0.41509434865569766,0.4400016384042069,0.31034519286451356,0.40540544654492033,5.0
2021-04-12 01:35:41.580,0.5068795137101124,0.5222523030771222,0.5134000016320598,0.6460529711505607,0.12815592797198505,0.9631955516060765,0.09892581028844456,0.8715937604314729,0.03669424601335294,0.7029702970297029,0.6087360409569732,0.39622642364660415,0.6400016384041977,0.31034519286451356,0.40540544654492033,5.0
2021-04-12 01:35:41.600,0.5052183655770615,0.47893418247998404,0.5147362165757424,0.6598585807004274,0.12120864209141625,0.9557414861085705,0.0961474130240803,0.879694772729831,0.04613911615222073,0.6633663366336634,0.5985129929409019,0.37735849863751053,0.5999999999999953,0.275864747673066,0.5945946918334482,5.0
2021-04-12 01:35:41.620,0.5094145221961649,0.4891475638843857,0.5085288099753855,0.6672603751413853,0.1189209721803174,0.9516400512271003,0.10147190008919392,0.8756564561681179,0.05185921689226064,0.6237623754272164,0.5966542569379799,0.2735849168788504,1.0,0.275864747673066,0.2162162012563926,5.0
2021-04-12 01:35:41.640,0.5089272304788957,0.48091803145310946,0.5063538857301569,0.6667497172163055,0.12409479478758,0.947898643527352,0.11217662801070327,0.8624331916840795,0.05271534879105422,0.6831683192629053,0.602230464946746,0.3207547228380492,0.5999999999999953,0.0,0.2162162012563926,5.0
2021-04-12 01:35:41.660,0.5079327217518393,0.48305500026487724,0.5058249385444763,0.664830631788174,0.13728950810821805,0.9469940017249943,0.11311824759639022,0.8615735444694919,0.05342112815060224,0.792079207920792,0.6059479369525901,0.35849057594495876,0.5600024576062917,0.275864747673066,0.0,5.0
2021-04-12 01:35:41.680,0.506938213024783,0.4851919690766451,0.5052959913587958,0.68985378527474,0.13843334306376748,0.9450724954914971,0.11405986718207717,0.8607138972549074,0.05412690751015036,0.839108914943126,0.6189590889730445,0.3773585001818718,0.5800019114715561,0.23563461909672698,0.10360363102994706,5.0
2021-04-12 01:35:41.700,0.5059437042977267,0.4873289378884128,0.5047670441731151,0.7148769387613059,0.1395771780193169,0.9431509892579953,0.11500148676776412,0.8598542500403197,0.05483268686969838,0.8861386219654599,0.631970240993499,0.39622642441878475,0.6000013653368321,0.19540449052038794,0.20720726205989365,5.0
2021-04-12 01:35:41.720,0.5102440377580558,0.45137785143268966,0.5064339297585155,0.7969812154756669,0.14610796873721155,0.9395892684456794,0.11774581227079114,0.8580651936644218,0.05823667815316904,0.7722772277227723,0.6208178249759665,0.30188680323421985,0.6200008192020965,0.1551743619440489,0.3108108930898407,5.0
2021-04-12 01:35:41.740,0.5114770021376651,0.500349832693689,0.5053222374758044,0.8287573166847915,0.1481965515177616,0.9388051802096137,0.12384775498065127,0.8515060704145598,0.06078770766137386,0.6534653473450609,0.6096654089584342,0.16981133357582898,0.5600024576062917,0.31034519286451356,0.2702703899488592,5.0
2021-04-12 01:35:41.760,0.5150053125597667,0.4798127053928072,0.506698142751532,0.8307779846033836,0.16920574006060699,0.937384020281749,0.14087124591137046,0.8304762190525127,0.06211449370350921,0.6237623754272164,0.5985129929409019,0.03773583303021387,0.5600024576062917,0.31034519286451356,0.3243243018845889,5.0
2021-04-12 01:35:41.780,0.5145412517251624,0.4681214210401589,0.508438838089388,0.8239074391328587,0.20486554290327677,0.9338931941141125,0.17021632471008674,0.7947626030957816,0.06545041005878731,0.5841584101687325,0.602230464946746,0.0,0.48000327680838595,0.3448256380559611,0.3783784905770555,5.0
2021-04-12 01:35:41.800,0.5193492110780985,0.4570234420717753,0.510036375772523,0.8041716085175389,0.24874532358987084,0.9303063171375549,0.2061217662801143,0.7508373308929158,0.06884062884317496,0.5445544554455446,0.5873605769233696,0.0,0.34000163840419995,0.5172419881075159,0.4729729748429509,5.0
2021-04-12 01:35:41.820,0.5127390469053744,0.48804314167710455,0.5083778505608076,0.7872567511174049,0.28295166824022594,0.9267465565458334,0.23446327683614887,0.7165744633768562,0.0722506824087986,0.49504948874234744,0.5836431049175255,0.0,0.19999999999999069,0.20689679524300236,0.2972973459167241,5.0
2021-04-12 01:35:41.840,0.5117342689663302,0.49812535202839253,0.5084262042324039,0.7635097848647536,0.31472743994713803,0.9234618802435899,0.26083482010109604,0.6847795184925424,0.07537961418511276,0.45544554455445546,0.591078051972007,0.03773583303021387,0.5200008192020895,0.2413807714580342,0.3243243018845889,5.0
2021-04-12 01:35:41.860,0.5143987466789199,0.5155309148629537,0.5093484363507949,0.7348099858333644,0.3401141025750595,0.9210488486971076,0.2818539994052721,0.659369667055485,0.07768175921445213,0.48514851485148514,0.591078051972007,0.05660378815435114,0.32000081920209883,0.41379359048602476,0.2162162012563926,5.0
2021-04-12 01:35:41.880,0.5081578255049836,0.5310688079590667,0.5060785765790208,0.7191882460822007,0.3576325486694754,0.920490185828912,0.29594112399643224,0.6418496667554345,0.07816492177839318,0.504950495049505,0.602230464946746,0.09433960574095278,0.4400016384042069,0.3448256380559611,0.2972973459167241,5.0
2021-04-12 01:35:41.900,0.5103167944393837,0.5282909535126303,0.5078998614286696,0.7052522265783653,0.37304775526206785,0.9198008415880441,0.3083928040439996,0.6264262754996794,0.07879492922924242,0.504950495049505,0.6096654089584342,0.1886792423691298,0.32000081920209883,0.2413807714580342,0.3243243018845889,5.0
2021-04-12 01:35:41.920,0.5097688350700913,0.5606430414212396,0.5049920992935666,0.7003776397720066,0.37186666780662997,0.9220028227176518,0.3065900981266595,0.6275919751257415,0.07662509549335297,0.5445544554455446,0.6245352969818107,0.3396226517080458,0.28000327680839526,0.37930961427099297,0.40540544654492033,5.0
2021-04-12 01:35:41.940,0.5120813396338199,0.5596347696619334,0.5064783253009584,0.7013701281586581,0.3579305686685698,0.9244530984553505,0.29460303300625595,0.6415458647293385,0.0742477013940595,0.6336633684436928,0.6394051859180252,0.5094339698402626,0.5200008192020895,0.37930961427099297,0.2702703899488592,5.0
2021-04-12 01:35:41.960,0.5130529146584801,0.5435250213618276,0.5071169100544693,0.7149080541187476,0.3325145925981102,0.9270013852225557,0.2735095153137258,0.6669789701486387,0.07181624312128694,0.806930693069307,0.6505576016312781,0.8113207576308702,0.07999918079790584,0.20689679524300236,0.3783784905770555,5.0
2021-04-12 01:35:41.980,0.5054348530885387,0.5197666427662814,0.5064808876938323,0.7445015045190457,0.29103729280586993,0.9295856093672447,0.23975988700567097,0.708483577812703,0.06940916634136494,1.0,0.665427490871772,1.0,0.28000327680839526,0.20689679524300236,0.4324324025127852,5.0
2021-04-12 01:35:42.000,0.5034718697319969,0.5027455465928508,0.5104021616867361,0.7978240755993311,0.23509869469682826,0.9283670055670289,0.1961418376449752,0.7644851680850385,0.07081622467633031,0.9777227722772277,0.6617100184095088,0.9716981136446307,0.3599983615958024,0.1724128190279906,0.4864865912052518,5.0
2021-04-12 01:35:42.020,0.5057044872273432,0.4713983720130029,0.5107655844257982,0.8655013507725705,0.17844069585226596,0.9264851938004797,0.13271260779064345,0.8471590759917635,0.07461074341097593,0.9554455445544554,0.6579925459472458,0.9433962272892611,0.6800032768083999,0.2413807714580342,0.40540544654492033,5.0
