2021-04-27 14:34:11.500,0.21923442598428824,0.5629111768211275,0.7928574549357216,0.18630523558063677,0.008623418374996472,0.4850400281111367,0.7411901007033854,0.9893181461666666,0.9791975141465582,0.4133141747119761,0.5622868556703886,0.4609766687209353,0.8626887158021601,0.7786623819546404,0.8044943768169337,4.0
2021-04-27 14:34:11.520,0.0,0.5152817882020937,0.24279548498018408,0.18752809277822372,0.0022766939854259485,0.4813301279014785,0.7469193554825361,0.9971779170061459,0.9772373463314861,0.38218390381800443,0.5451789560445038,0.46140629636763664,0.8483106318855441,0.8009554181670662,0.8074906239373363,4.0
2021-04-27 14:34:11.540,0.3363371922149755,0.5979892197658674,0.18022841187456853,0.18943071725066976,0.00625338689455466,0.4707628481404409,0.7612057131185306,0.9922517199021516,0.9647480094643667,0.3585568297117359,0.5557901861492052,0.4588285890948611,0.8315360984049034,0.823248454379492,0.7880149716322459,4.0
2021-04-27 14:34:11.560,0.32358133601483186,0.593678061349791,0.7842783935133009,0.1918863991528844,0.0,0.4668486682075828,0.7671737651803427,1.0,0.9622862365789354,0.354565769675763,0.5774457532877718,0.47386511131292125,0.8099689111832259,0.848726163463025,0.7835205856108174,4.0
2021-04-27 14:34:11.580,0.0416067239271468,0.529366519538212,0.41362976843574495,0.19300639334834285,0.005200217562216821,0.46609918409106954,0.7677205897731937,0.993555927306577,0.9599285317428259,0.34674329187458686,0.5518921821322021,0.49735071546957604,0.7848071723090178,0.8662421088401216,0.7940074812138755,4.0
2021-04-27 14:34:11.600,0.265139455766567,0.5934245191137901,0.06118808806988089,0.19453953792641995,0.01781261865863828,0.4559722132639914,0.7803234077663784,0.9779601276770619,0.9447566981950895,0.34794060982004416,0.5687835260778386,0.519332669748722,0.774023517351426,0.8853503091241015,0.7850187091710187,4.0
2021-04-27 14:34:11.620,0.4273472896798941,0.6266630180366916,0.6520138486393393,0.1954443703965709,0.023679189342955594,0.4524850019017953,0.7844507793029197,0.9707232532683484,0.9389752862680039,0.3571200480987856,0.5623951352830457,0.5597880619261607,0.7584472086527976,0.8949044907947618,0.7895130951924472,4.0
2021-04-27 14:34:11.640,0.13496060111398805,0.5617729055431807,0.6730563791753309,0.1952205024158119,0.030897664410030206,0.45533076012120477,0.7798732154162172,0.9618330283852241,0.9400547544307994,0.3596743265218083,0.5620703008764069,0.5861377527151036,0.7440691247361815,0.9028662545011982,0.7700374428873566,4.0
2021-04-27 14:34:11.660,0.17825052235095853,0.5660322280605928,0.10832948681399311,0.19450935698331334,0.04941025170586852,0.4502456675511061,0.7847676747329426,0.9391092143219018,0.9284310412538187,0.36761653566672164,0.5779330044989104,0.6050766071819588,0.7356817966491078,0.9028662545011982,0.7745318289087851,4.0
2021-04-27 14:34:11.680,0.4158702523447188,0.6425631452392587,0.4300048393686375,0.19059436244483902,0.08783687789708548,0.449333795529953,0.786019968804883,0.9060820311854157,0.9159721929586736,0.375558744811635,0.593795708121414,0.6240154616488139,0.7260963664735283,0.9044585094080825,0.7805243384904148,4.0
2021-04-27 14:34:11.700,0.2564750868835675,0.6154199810958115,0.36998672569045804,0.18493698642280765,0.12311453379185262,0.4579564937185548,0.7773670223902572,0.8785730636793601,0.9135572141032958,0.38713281956930223,0.592279818536929,0.6750680171491443,0.7117182825569123,0.9235668727494011,0.7805243384904148,4.0
2021-04-27 14:34:11.720,0.290510969936288,0.6201455115108299,0.4786681016030439,0.17970162295515751,0.14705984387683257,0.46705929590466616,0.7661865334326377,0.8497929173730131,0.9122322858579234,0.38809067397793573,0.5908722064380616,0.7134469350897247,0.7117182825569123,0.9251592907136239,0.7745318289087851,4.0
2021-04-27 14:34:11.740,0.2816243211470255,0.6347496001086735,0.47298467567922986,0.17338175017395804,0.17348041226688465,0.4781990571104319,0.7513283242141081,0.821199670720179,0.913267331161409,0.38106640831462335,0.5879487046926705,0.7531147008059496,0.7105200577748998,0.9187897819140719,0.7670411957669541,4.0
2021-04-27 14:34:11.760,0.2779710726712595,0.6511471716856945,0.4687337340645088,0.16597166042852926,0.20348795385638546,0.4913595707661645,0.7229938926625152,0.7723079848974019,0.9149502476417058,0.370051082615338,0.5853500363258491,0.7904911772898167,0.7177091610799609,0.9187897819140719,0.7790262149302135,4.0
2021-04-27 14:34:11.780,0.28167384300011883,0.6566270811671531,0.47210851622956057,0.15748303352111598,0.2373007317068898,0.5066420678190214,0.6988038375194395,0.7336286042536272,0.9144970173818963,0.36238824734626995,0.5839424245814883,0.8238579395213727,0.7165109362979487,0.9060509273723053,0.7625468097455257,4.0
2021-04-27 14:34:11.800,0.28900153112111043,0.6595224426654503,0.4777165172323958,0.14789947039683818,0.27321256444329534,0.5243800573514433,0.6746137823763638,0.6949492236098525,0.9140437871220867,0.3539272002006764,0.5857831478635991,0.8553630096914072,0.7296909181260589,0.8933120728305388,0.7670411957669541,4.0
2021-04-27 14:34:11.820,0.2947458387068788,0.6679292504054718,0.4870846303354656,0.13719566249731602,0.3098827111375987,0.5452988242340482,0.6292988501298081,0.6330459479922765,0.9114584791682622,0.34147509328044817,0.5905473728290624,0.8877273351548446,0.7554517693912732,0.8869427270883244,0.7475655281210392,4.0
2021-04-27 14:34:11.840,0.29111873813334305,0.6776408858337584,0.49158400197135876,0.12527079322200613,0.34694813423879134,0.5701152663174139,0.5929299937169937,0.5918978760168803,0.9088698193743119,0.3344508270944593,0.5892480387475724,0.9195188198488512,0.7776180690039567,0.8646496908758987,0.7580524237240973,4.0
2021-04-27 14:34:11.860,0.2688744675957416,0.6818802015130895,0.4787525679835333,0.11196367016305282,0.38241815948672153,0.5984480242614175,0.5526177861322403,0.5531609497513378,0.9052741731306805,0.3287036993359669,0.5855665921833508,0.9494486394407557,0.8075725843127078,0.848726163463025,0.7535580377026688,4.0
2021-04-27 14:34:11.880,0.25180502607064087,0.6811052723960457,0.4731597732686152,0.09726257175491383,0.4143815083128942,0.630111717992376,0.5088939660768524,0.5188097420479459,0.9006961010824817,0.3114623212872551,0.5821017009448709,0.9773736042508018,0.8255452198818545,0.824840872343715,0.7595505472842986,4.0
2021-04-27 14:34:11.900,0.25389372050078934,0.6945858251242173,0.46574637432383187,0.0812220130221303,0.4434748981209603,0.6650620501943527,0.46187638141753445,0.48801606065803005,0.8938604842068243,0.2782566991745774,0.5776623094111534,0.9948446206189083,0.8459143050150261,0.8041400910381734,0.7535580377026688,4.0
2021-04-27 14:34:11.920,0.27656658926190336,0.718262874247877,0.4679488556650993,0.06414207717946503,0.47099223839532606,0.7025638899045112,0.4126403856842831,0.4593173529040871,0.8829157455265995,0.2373882496329798,0.5741974189703134,1.0,0.8698778191072216,0.7722930362124261,0.7700374428873566,4.0
2021-04-27 14:34:11.940,0.31880841162826234,0.7336379743014438,0.4695021454837552,0.046328694303352604,0.4979694777130136,0.7419146164426259,0.3623550776961932,0.43159494764514983,0.8664565858176967,0.22254150499246908,0.5776623094111534,0.9982815245776542,0.8902469042403929,0.7372611454582337,0.7700374428873566,4.0
2021-04-27 14:34:11.960,0.3691986024487406,0.7247163971280887,0.4935651690054349,0.02809998935314332,0.5183069644689262,0.7830387225829805,0.31122283766885556,0.41097261692524323,0.847871495894486,0.2517560592290257,0.5901142615571924,0.9974222927272244,0.9190031947671315,0.6990445818329343,0.7685393193271554,4.0
2021-04-27 14:34:11.980,0.4037033742317144,0.6788193929712444,0.5252044807081919,0.009973715850986798,0.522830291208479,0.8254560427719555,0.25897956437313163,0.40641877892751266,0.8327688507671637,0.31992336725682635,0.6072221610944505,0.9872547353662836,0.9297868497247237,0.6576433453365276,0.7805243384904148,4.0
2021-04-27 14:34:12.000,0.4201224696800067,0.6432353499127259,0.556882141715975,0.995343420153475,0.5034153914004855,0.8668417739232196,0.20655030450298914,0.4260496754430774,0.8266458146106593,0.3807471235117455,0.6190244465542512,0.9505942975366442,0.9489577100758828,0.6449044907947611,0.7895130951924472,4.0
2021-04-27 14:34:12.020,0.4243273615859886,0.6035925930882472,0.5752845227520617,0.9809362796764424,0.46560732322631865,0.9031627356389546,0.15789919382890866,0.46490091524374355,0.8278862735574897,0.435025545227743,0.6166423340715195,0.9023342180047168,0.9549485885989314,0.6162419457827831,0.7895130951924472,4.0
2021-04-27 14:34:12.040,0.4324312240367815,0.5381874037216129,0.5404388114462104,0.9695085885386364,0.4163295311674395,0.9319323399857086,0.1162469097078486,0.5167336638459664,0.83493797434484,0.4426883804968111,0.6119322458104519,0.8403264933340903,0.9621375692104867,0.5907642366992502,0.7805243384904148,4.0
2021-04-27 14:34:12.060,0.503275586365798,0.5935414134056046,0.4973527563985384,0.9604490991155534,0.3634654667538051,0.9545139201545304,0.08103536586013768,0.5737804576777515,0.8439767747631203,0.3916028081162833,0.5996427122857589,0.764284679697076,0.9741194489500905,0.5748407092863765,0.7850187091710187,4.0
2021-04-27 14:34:12.080,0.5575625876869902,0.5976425088058248,0.49654047202267215,0.9526487174324236,0.31833837732927617,0.9740636310514489,0.05027216079409541,0.6236005929248927,0.8480379608628315,0.4307151984288552,0.5951491815660994,0.7308463325889056,0.9705247746040537,0.5748407092863765,0.7850187091710187,4.0
2021-04-27 14:34:12.100,0.5611417580188728,0.46197444136769267,0.5175804291868623,0.9450044469559343,0.2642964057430218,0.9917247572000979,0.020380030696227982,0.6846421868254161,0.8546547128240713,0.46982758874142716,0.5906556508464399,0.6974079854807352,0.9813084295616458,0.5748407092863765,0.7805243384904148,4.0
2021-04-27 14:34:12.120,0.5893587960483545,0.36995139299418606,0.5949327016701984,0.942970101042679,0.20799763915459105,0.9982292134489097,0.00420839515466473,0.7494509042569321,0.8715147467572811,0.40581098315103836,0.6004006562803615,0.602463116848065,0.9789121026911274,0.5843948909570358,0.7730336900077593,4.0
2021-04-27 14:34:12.140,0.6633953579460915,0.44709198386659327,0.5641624704785191,0.9435851352061702,0.19371412394788826,1.0,0.0,0.7661324616393406,0.8752726132808891,0.3346104694958982,0.5864328149043441,0.5416010385518404,0.9753175510385964,0.5923566546634722,0.7700374428873566,4.0
2021-04-27 14:34:12.160,0.6728009584665903,0.4414487947662691,0.528546948428351,0.945164483912555,0.2026716575152203,0.998512883722758,0.0018858740046269376,0.75722789235663,0.872978051843482,0.32902298413884473,0.5898977058326308,0.46555920733259626,0.9705247746040537,0.613057272911676,0.7730336900077593,4.0
2021-04-27 14:34:12.180,0.6955850172029096,0.29354366624171085,0.535131431390626,0.9467438326189395,0.2116291910825523,0.9970257674455162,0.010597045541093758,0.733263239722396,0.8696511236473181,0.38681353476642444,0.6088463286963129,0.38665330120255065,0.9537503638169196,0.638534981995209,0.764044933305727,4.0
2021-04-27 14:34:12.200,0.7020162460963797,0.1455528989427844,0.5737695952352592,0.9556453454080863,0.24121016855565164,0.986638332517298,0.023530047387918696,0.7109959308951732,0.8701419559913344,0.4950510829420109,0.6267121705442673,0.30874982832417747,0.9291876759869641,0.6910828181264974,0.7670411880965419,4.0
2021-04-27 14:34:12.220,0.6534771857825006,0.029955796358703893,0.5440274130813889,0.9659207036369483,0.24855559663284174,0.9753898382134216,0.03887999247557919,0.7025570649307601,0.8784847299751006,0.5284163356959053,0.6453359590456239,0.22655018447216918,0.8902469042403929,0.7595541816706596,0.7535580377026688,4.0
2021-04-27 14:34:12.240,0.6182919773715781,0.0,0.5430078119813114,0.9787281427605382,0.2564992707460667,0.9621605740769021,0.05693409967176094,0.6934577420997163,0.8878855584006837,0.49409322591999466,0.6457690721786535,0.1480738942673385,0.843517855451001,0.8121018547446098,0.7520599141424675,4.0
2021-04-27 14:34:12.260,0.5607659103459464,0.06866773628155864,0.5158029657590136,0.9929341233538578,0.27594202913060967,0.9466738742459833,0.0794321987118648,0.6713020008248319,0.8932613683988306,0.4592911876330759,0.6382978985512865,0.07475296000062635,0.7919961529205727,0.872611454582335,0.7475655281210392,4.0
2021-04-27 14:34:12.280,0.4958491728609077,0.11460352952246129,0.4974664526435795,0.006216327645209298,0.3050310386593442,0.9275060420688693,0.10783481482494564,0.6384807471945898,0.8956522403516438,0.4776500703320081,0.6389475638194985,0.0329370959039487,0.7320872449965773,0.9267517086778468,0.7430711574404353,4.0
2021-04-27 14:34:12.300,0.461027897774417,0.09952942077361873,0.4975331003738689,0.02325441666362263,0.3298042465681764,0.9050672432217153,0.13986241018842974,0.6108466166410051,0.9003320824627024,0.5075031980943945,0.6377565102369323,0.008162679136109015,0.6554038035919408,0.9538216726682641,0.72958799937615,4.0
2021-04-27 14:34:12.320,0.4421981976610243,0.13869120452997813,0.4998540737894435,0.04127558586667638,0.3450331261753227,0.8801190710621243,0.17410401833187406,0.5940070788363785,0.9089571428598608,0.5113346000486324,0.6206486141561136,0.0,0.5847113634038597,0.9808916366586814,0.7086142235108582,4.0
2021-04-27 14:34:12.340,0.402194149147216,0.2194857095526917,0.5410660859857529,0.05944654609732568,0.35224018748596747,0.8527789246343724,0.21087619536737615,0.5860779863335701,0.9203719295479502,0.5052681940207189,0.58762387114571,0.01202921074155618,0.5104241261762349,0.9952229091646708,0.6936329265455471,4.0
2021-04-27 14:34:12.360,0.3533939463231679,0.30379868987246317,0.6353716409185438,0.07720031882658275,0.3500231403899551,0.822724384574031,0.2508994416410432,0.5885147100089516,0.9349412222632849,0.47796934729473795,0.5563315744635594,0.039524536183414324,0.4265517041600436,1.0,0.6741572895812813,4.0
2021-04-27 14:34:12.380,0.3522228841001555,0.4127583430762467,0.7201524883086499,0.09408925718796465,0.3420842470387434,0.7913240711649422,0.29299337096884726,0.5972592249803474,0.9494577637479927,0.5065453280054648,0.5176763775628335,0.09523128784523681,0.34867003797339496,0.9872611454582335,0.6786516909435343,4.0
2021-04-27 14:34:12.400,0.3442611434560409,0.48581414939186596,0.7375929828223317,0.10916630880160944,0.31874574330712097,0.7597427520132648,0.33561084492859616,0.623145969551122,0.9683125231143402,0.5605044675319671,0.4331113959473247,0.19475869977816263,0.28277025152635027,0.9840764725871273,0.6666666717802748,4.0
2021-04-27 14:34:12.420,0.22619076841899846,0.506105924736776,0.8545177740602519,0.12104601803105318,0.2742547955923878,0.7255230061057313,0.4121772770597318,0.6916863335682012,1.0,0.46471902666861636,0.303935922930263,0.3149076409569416,0.24712441389005357,0.96855096813664,0.6681647876700638,4.0
2021-04-27 14:34:12.440,0.04608849710670968,0.8101379743272791,0.9718817389226361,0.1289053694904744,0.24194032357498882,0.6846037549496642,0.4647420679375747,0.6889401779585032,0.9906282403713158,0.07614941764621587,0.16133399507900512,0.34755836922286454,0.21147857625375652,0.9530254636861527,0.6696629035598529,4.0
2021-04-27 14:34:12.460,0.22883898248226067,1.0,0.9719661208237483,0.1366990690459792,0.26285545653899367,0.6303237884107965,0.5173068588154177,0.686194022348805,0.9812564807426317,0.1517400940741979,0.1402739516297887,0.3798510764034508,0.15097055593875486,0.9140126910787417,0.7430711574404353,4.0
2021-04-27 14:34:12.480,0.2628412143216763,0.6781015262292902,0.9909738897422388,0.14554108305706448,0.3147764843577723,0.5680409408151271,0.5986729771159895,0.6275745868932937,0.9241234144021483,0.22733077050217992,0.11921390818057236,0.4121437835840369,0.12341249019402836,0.8901273999594317,0.7955056047740768,4.0
2021-04-27 14:34:12.500,0.17477162353980225,0.4424278070660825,1.0,0.14924001656722172,0.31730704681817773,0.47993997452077175,0.7121992356982951,0.6247743277416483,0.8520143044241608,0.42943805987068956,0.03800553251878051,0.5353716193577115,0.10903428358390606,0.874203872546558,0.8074906239373363,4.0
2021-04-27 14:34:12.520,0.09196280878819454,0.6680264985196644,0.8387644323539293,0.1440968915187763,0.31226042687949657,0.391971421190741,0.8189510210715271,0.6303863388470172,0.7585820316984251,0.23339718306355015,0.0,0.6308176964111774,0.10663795671338765,0.8678343637470058,0.8539325770301727,4.0
2021-04-27 14:34:12.540,0.06315746114837832,0.7494304380789654,0.7562408297365155,0.1400247639649785,0.35675648074842203,0.3301079149789312,0.8770421031612209,0.5811226395661593,0.6565585463060589,0.2432950132594544,0.02945158492150447,0.6389803767194351,0.11981793854149778,0.8598726000405685,0.9018726536832103,4.0
2021-04-27 14:34:12.560,0.15434192646775155,0.5613967284169388,0.4542840087925269,0.13621508811053484,0.41917936593078814,0.26461683023696164,0.9243018085847179,0.5137002169883279,0.5331836636698629,0.38888888598513033,0.0816415074064185,0.652584846244162,0.15276777041826664,0.8359873089212585,0.9640449425102218,4.0
2021-04-27 14:34:12.580,0.22690017237515703,0.4106555272532973,0.2715268778828723,0.13080596148243445,0.46783901297038266,0.2051684683979874,0.959075109575693,0.4625848035814836,0.41875087574141706,0.4781289857761028,0.14552540649168075,0.6298152584709102,0.1755331824219567,0.8439490726276954,0.9820224712551109,4.0
2021-04-27 14:34:12.600,0.28595500492631026,0.3406123105195614,0.1961261743256212,0.12461143427860198,0.5035016453580679,0.1540621906384659,0.9833238415002808,0.4259617847912611,0.31963942221243363,0.47030651202566987,0.21861297073215585,0.6215093779335583,0.19829859442564637,0.8519108363341322,1.0,4.0
2021-04-27 14:34:12.620,0.2764658629950514,0.4604094074922198,0.09256292733432714,0.11971343472942289,0.539406269406202,0.10855477775349094,0.9976309800665148,0.38983392622558155,0.2287893031979584,0.4227330737834896,0.29473231095104147,0.6202205301579139,0.22286122090884822,0.8566879271694623,0.9977528069892858,4.0
2021-04-27 14:34:12.640,0.28182038493913947,0.5153834086784723,0.06292406345891538,0.11837954284446592,0.5592577704278082,0.08783241814465623,0.9984206533776764,0.3651188159120815,0.1795005461897482,0.4082056191726221,0.3772400286707221,0.6117714364978327,0.22326064961843672,0.8564225513516481,0.9972534311908168,4.0
2021-04-27 14:34:12.660,0.28717490688322744,0.5703574098647249,0.033285199583503615,0.11704565095950896,0.5791092714494146,0.06711005853582137,0.9992103266888382,0.3404037055985813,0.13021178918153795,0.42129629576394056,0.453305211136382,0.6169984183377687,0.2236600783280252,0.8561571755338339,0.9967540553923474,4.0
2021-04-27 14:34:12.680,0.4057381812459624,0.6341786784253688,0.0,0.11510603812643834,0.6343659070094232,0.020865405429414403,1.0,0.31568859528508125,0.08092303217332776,0.43438697235525897,0.529370393602042,0.6222254001777047,0.2240595070376137,0.8558917997160197,0.9962546795938784,4.0
2021-04-27 14:34:12.700,0.5481180427082827,0.677222132171931,0.004291530706314926,0.11335152022858222,0.6874946279002768,0.0,0.9823397553214513,0.24918161551851287,0.0021897176346939566,0.42736270734529225,0.6902712706735514,0.6417012678112237,0.21447401551528117,0.8582803451336843,0.9752808922229682,4.0
2021-04-27 14:34:12.720,0.6242633078657011,0.6707009518697583,0.08924700346774851,0.11251199441908696,0.7253594644945823,0.00289631117506364,0.9646591454535441,0.21550159897809526,0.0,0.3789910570959174,0.7748362700143908,0.6356866565797024,0.19530315516412206,0.8439490726276958,0.9602996259393062,4.0
2021-04-27 14:34:12.740,0.6538746020641709,0.6479127605235736,0.20121902441785428,0.11301836048207546,0.7646314220213914,0.012615828642100544,0.9440164276585586,0.1816030367727614,0.008135969839059428,0.31736909275387776,0.8283255212631957,0.6223686027510962,0.17373596794244456,0.8503185814272479,0.9647939966199102,4.0
2021-04-27 14:34:12.760,0.6665847562786774,0.6043889329322941,0.2954597121856931,0.11513882231509885,0.8053939510595145,0.024278114661759397,0.9216768634556362,0.14754568763278295,0.017669042262620314,0.30539590872588485,0.8608088733004455,0.6303880757973679,0.15576333237329795,0.8375795638281428,0.9483146067760467,4.0
2021-04-27 14:34:12.780,0.6591193573884273,0.6125961197584939,0.3808051980724058,0.11691381814990595,0.8495674912187915,0.04039581271484168,0.8959024022357958,0.11198872464903419,0.031328947087046706,0.32112068657430964,0.929511146463298,0.6458542115963456,0.12940336871707733,0.8312102180859293,0.9348314640525861,4.0
2021-04-27 14:34:12.800,0.7238918312125354,0.6626223032944679,0.4449745200450392,0.1181326939131163,0.8920447118890044,0.06371009334195446,0.8680102486730239,0.07913403915844446,0.05311997695104943,0.37707534827865036,0.9884684317403061,0.6565945804230006,0.10663795671338765,0.8121018547446098,0.9138576728464698,4.0
2021-04-27 14:34:12.820,0.7798311139281927,0.6767480858514504,0.49821450669903045,0.11798791448123973,0.9317894392216219,0.09764241828488861,0.8368583870211224,0.04961952488237749,0.08626042530225946,0.4137931035496571,0.9942342158701531,0.655126731481877,0.0790798909686615,0.8168789455799399,0.900374530123009,4.0
2021-04-27 14:34:12.840,0.7907869253467569,0.6853080466603694,0.5948999626622814,0.11435099946810263,0.9653635293938019,0.1462241356853641,0.7816166355020986,0.017293354665971372,0.16420197128889857,0.4505108588206638,1.0,0.6536588825407531,0.06110713270600827,0.8328026360501513,0.8659175961934321,4.0
2021-04-27 14:34:12.860,0.7739278982646333,0.6828950576754462,0.676214437079359,0.10215242746104987,0.9960217051601444,0.2422259008837745,0.7503112026840183,0.008646677332985686,0.21118967988624113,0.5419859332847565,0.9966975493622758,0.6554489422536394,0.0323508421792696,0.824840872343715,0.8179775195403944,4.0
2021-04-27 14:34:12.880,0.7762668629072034,0.6985273344717045,0.6659015781029279,0.09388313443237999,0.9980108525800723,0.2974491138238076,0.7190057698659381,0.0,0.2581773884835837,0.6262771552184804,0.971468820589744,0.6591722724578437,0.02396363678570221,0.8264331272505991,0.7580524237240973,4.0
2021-04-27 14:34:12.900,0.7729419925205359,0.7033214554788689,0.7807622535224813,0.08561384140371012,1.0,0.35267232676384086,0.6489575046728512,0.012400704638385636,0.37079257157872875,0.6832695173593096,0.9572844173296123,0.6398396027091215,0.010783654957592077,0.8200636184510471,0.7131085941914622,4.0
2021-04-27 14:34:12.920,0.7898241986948078,0.6714790587258052,0.7680471502365865,0.06504488830600941,0.9430275089051079,0.47231227795677033,0.5767758559754734,0.06046807715320635,0.4993016828974523,0.687739473239007,0.9628065402038192,0.621795780736044,0.005990878523048981,0.823248454379492,0.6546816526170154,4.0
2021-04-27 14:34:12.940,0.8254642168959303,0.6955171579046413,0.6432828313449594,0.05129802556492938,0.860950911085586,0.572435734507034,0.5410411801797809,0.09450818228939802,0.5536209965471509,0.7752235040007687,0.9721184805403565,0.6311041062465549,0.0029954392615246647,0.8184713635441624,0.620973780467539,4.0
2021-04-27 14:34:12.960,0.8248448663150527,0.7329994451099325,0.4231411498981926,0.04554972527545957,0.7975048427116784,0.6305879987783419,0.5053065043840885,0.12854828742558985,0.6079403101968494,0.9401340667931221,0.9407179069043485,0.6385507596220716,0.0,0.8136942727088327,0.5872659083180627,4.0
2021-04-27 14:34:12.980,0.7249676718705479,0.7471149307591339,0.47605223017649706,0.038360507690237924,0.6936785560797152,0.6890782666899631,0.45040518526639506,0.21834513136195982,0.6941228893781078,1.0,0.8992475109758569,0.6253759095390056,0.011981757046097961,0.7754777090835332,0.42097376359263206,4.0
2021-04-27 14:34:13.000,0.6197358417954235,0.6866644679124058,0.6580924994161717,0.03337405347662192,0.55673828381657,0.7386959715045992,0.39550386614870164,0.30814197529832965,0.7803054685593662,0.8548850793057764,0.868171771746488,0.616640406043547,0.02216636095943675,0.7292993817517973,0.3041198344212649,4.0
