2021-05-01 18:45:28.200,0.5066446302792139,0.629389096794147,0.10707725079348744,0.9097044830190465,0.846488904398187,0.6955888010341524,0.013539713591654486,0.08837889239447576,0.5561893722014444,0.020686713031040364,0.057803458043589405,0.766206151796028,0.5793652664146767,0.8603491048936227,0.98899755848614,1.0
2021-05-01 18:45:28.220,0.7971617485918341,0.7071686789895026,0.35836444521242955,0.8795680890632493,0.9021249950795582,0.7231661769757973,0.023589461942552518,0.06233836338451813,0.5205353342136952,0.07442951843014542,0.29287089404055,0.6397449393205572,0.571428455328822,0.8653365730212982,0.98899755848614,1.0
2021-05-01 18:45:28.240,0.6629526211216814,0.667960346196351,0.8223809988757866,0.8669743992732594,0.9387767344186599,0.7368776150323227,0.041115173220055735,0.037885082016868826,0.49511749948185096,0.15163148840736,0.5452793698162274,0.6376195496360625,0.5873012648022835,0.861596035765951,0.9841075830890537,1.0
2021-05-01 18:45:28.260,0.4294783652099777,0.6523300453811623,0.2497748227132081,0.8481009757315418,0.9583802771033944,0.7562243944129385,0.051696917433995,0.025345809144895988,0.46294351222777286,0.14693965793557706,0.26974950766892763,0.7130711904861313,0.5555556458553607,0.8703241688297925,0.9828850861101978,1.0
2021-05-01 18:45:28.280,0.7942305532444566,0.9188598916937772,0.3147695553455876,0.8287487611867238,0.9762031740730421,0.7757681672604033,0.06698932133550568,0.014280526924643091,0.43239577735315915,0.09639582555712495,0.0,0.7428267695851252,0.5793648600655528,0.8684537725213,0.9920537884149425,1.0
2021-05-01 18:45:28.300,0.7271782804856691,0.9877707073257923,0.8147694204848805,0.8119806084130774,1.0,0.7934339540926444,0.09015223313077773,0.0,0.4076029130363085,0.06078055197957905,0.40944122488294593,0.7683315501788374,0.5793652664146767,0.8678304347659546,0.9926650369043705,1.0
2021-05-01 18:45:28.320,0.3848993005696479,0.8460911735006245,0.7529216770274437,0.7913882128172903,0.9955105490301283,0.8141802457326633,0.10257775062165654,0.0026515169012757364,0.3770356645068586,0.05502239425824637,0.3853564552979725,0.8607863885293586,0.595238075888137,0.8690773656382829,0.9841075830890537,1.0
2021-05-01 18:45:28.340,0.46825153926378865,0.7794528045313681,0.34463828601576546,0.7688243232138087,0.9801958747935036,0.8370234412553847,0.11752338679146655,0.011842903232831329,0.3424702917884386,0.07613564098206549,0.20134874044142478,0.9032943474872309,0.5932538731166731,0.8712593989042433,0.9893031796012698,1.0
2021-05-01 18:45:28.360,0.8337041016310326,0.9002080160029088,0.5704288974332421,0.7488517110919958,0.9674056539506831,0.8582194445816633,0.1393459087679944,0.019703746768917594,0.31164435511211447,0.10556622489109921,0.28998072862956376,0.900106267309646,0.5912696703452103,0.8734414321702036,0.9944987761134857,1.0
2021-05-01 18:45:28.380,0.6906740776311613,0.8824279304003279,0.9992776095113044,0.7375667027535932,0.9720610927091582,0.8731680452451253,0.1650844241671316,0.0168240661123867,0.2947334310084522,0.15099169659618825,0.45086705001756916,0.9330499335448763,0.5793652664146767,0.8753117646382867,0.9877750615072841,1.0
2021-05-01 18:45:28.400,0.32919716808089194,0.8401785942460362,0.8082032312654531,0.7247697448636423,0.9502525436436403,0.8870563292620993,0.17984018671329702,0.030499703370620485,0.2725491151171125,0.14800598343952756,0.5703275305000185,0.9638682013972972,0.5793652664146767,0.8715709720213021,0.9975550123014568,1.0
2021-05-01 18:45:28.420,0.4489191822514848,0.8163243744301535,0.4217464260345372,0.7103628600765151,0.9201286254767914,0.9032628698241946,0.20020871309580468,0.050161050945683766,0.24576927398408877,0.13840904866717527,0.5924854784600242,0.9149840385926823,0.5634916442429674,0.8715709720213021,0.9841075830890537,1.0
2021-05-01 18:45:28.440,0.45668586621479357,0.8149672814795244,0.8529025457604613,0.6989563989088171,0.8976029363775249,0.9175966707075078,0.224268779067711,0.06544752761556862,0.22427578337233067,0.13862231376796533,0.5019267703694354,0.8299681032803083,0.5873012648022835,0.8790523018936339,0.9865525645284283,1.0
2021-05-01 18:45:28.460,0.4417698124171814,0.7964292562319546,0.7045711685391578,0.6868302927417935,0.8665797015591432,0.9316895224841364,0.2494279128424218,0.08730043507842036,0.20114377995383512,0.1280656930244547,0.3111753249180844,0.7810839404756935,0.5555556458553607,0.8852867008936378,0.9804400984116546,1.0
2021-05-01 18:45:28.480,0.4828158042178428,0.8476804332412623,0.7612294355464161,0.6754330989469585,0.8342570726673039,0.9449098967019972,0.27651098508429867,0.11104431359169672,0.17944003045531348,0.12065473094655867,0.2887764840390785,0.77577044451867,0.6031744806248678,0.8865336317659662,1.0,1.0
2021-05-01 18:45:28.500,0.46092041059915045,0.832505714761401,0.7657158466827086,0.6650867191624259,0.7983652670887003,0.9566882031682866,0.3168371162168726,0.15378041605982487,0.148777906710054,0.11324376886866266,0.2663776431600726,0.7704569485616466,0.6349205059209134,0.8940149616382981,0.98899755848614,1.0
2021-05-01 18:45:28.520,0.4717586952011299,0.7964570868753155,0.7759891015928158,0.655724830261925,0.7603188622072535,0.9677415817738111,0.3591357460002095,0.20169253622408956,0.12038134622353369,0.1170825410320043,0.2707129019219318,0.7460148671593392,0.595238075888137,0.8815461636382906,0.996332515322601,1.0
2021-05-01 18:45:28.540,0.44616943044365953,0.7489804167968671,0.7878446152139001,0.6474443488676833,0.7211685423189174,0.9779584424363728,0.387393875511698,0.2353900131915935,0.10374429556719161,0.12134784409516586,0.2524084678902109,0.7130711904861313,0.595238075888137,0.89276803076597,0.9951100246029136,1.0
2021-05-01 18:45:28.560,0.40118010628414447,0.6681534393408799,0.7985833983495586,0.6401164808279269,0.6823875745423427,0.987205096357572,0.4092001578388656,0.26231098125922647,0.0926085850579735,0.1117509128140121,0.26300576997720443,0.6822529130655645,0.6031744806248678,0.8827929668298002,0.9877750615072841,1.0
2021-05-01 18:45:28.580,0.40256809513170416,0.5975233833077556,0.789260783852126,0.6303201224141796,0.6234173275606283,1.0,0.43100644016603307,0.28923194932685925,0.08147287454875532,0.09746215100870746,0.2803468097559212,0.6524973330967392,0.6111108853615984,0.897755626574464,0.9841075830890537,1.0
2021-05-01 18:45:28.600,0.39675676893209383,0.5671313336847554,0.7866995202414184,0.621531629878546,0.5601074285684646,0.0,0.4766560218777286,0.3498289844188737,0.060663088781691896,0.07890808729233678,0.24855490349494044,0.6269925577220158,0.5555556458553607,0.8877805626382942,0.9841075830890537,1.0
2021-05-01 18:45:28.620,0.3541400110643103,0.517922458844082,0.7721358687651654,0.616413349170492,0.5140849716086839,0.007190573621099806,0.5062969648180166,0.3959468680358913,0.047500421130222514,0.06440605694741147,0.20231213114596905,0.5897980947211668,0.5634916442429674,0.89276803076597,0.9804400984116546,1.0
2021-05-01 18:45:28.640,0.31861290065079617,0.45702637496348586,0.7688239230763858,0.6118121655371637,0.46633539246595324,0.013686584029651403,0.5349028972926367,0.445445765656851,0.03516441650812157,0.06995095131355333,0.16473987632071607,0.5504782159408793,0.5079364047367307,0.8877805626382942,0.9914425399255147,1.0
2021-05-01 18:45:28.660,0.2905949781102123,0.3919046207739599,0.7823731668949069,0.6076562317164782,0.42018369677812606,0.019685007823254788,0.562727960788426,0.4948126153604526,0.024573662530193868,0.08935807723105166,0.15317918471199818,0.4877789810446328,0.4801587849836118,0.8840398338617188,0.9896088007163995,1.0
2021-05-01 18:45:28.680,0.28289629164881674,0.34164196004913555,0.8013272050392591,0.6037203449651144,0.37728309029104046,0.025553116668260347,0.5908405315410572,0.5419799037719776,0.01618200106314274,0.11580295042726371,0.1396917093285518,0.413390028947991,0.45039675928446754,0.8871570652819255,0.9923594126596564,1.0
2021-05-01 18:45:28.700,0.27671121408031635,0.29535981681466084,0.802181073782526,0.5998172373581868,0.3377729349799311,0.031339634578890205,0.6191555117870147,0.5864559982156045,0.009908852137243764,0.1390488457151448,0.09730250098057745,0.3613177511725328,0.42063473358532444,0.8902742967021321,0.9951100246029136,1.0
2021-05-01 18:45:28.720,0.24713285061515786,0.2538576949146855,0.7923420958628103,0.5959590206820965,0.3009793028537978,0.03675286412435648,0.646218079487018,0.6287248269222013,0.0052195535155344815,0.16058862264054413,0.04046242615033913,0.39957493945973027,0.38492030274635086,0.8921445653298059,0.9853300738087409,1.0
2021-05-01 18:45:28.740,0.1907790473914017,0.21493440954142312,0.7729832386803135,0.5924115959621944,0.2671728025327193,0.04144285273395844,0.6702389893524447,0.6682490749716735,0.0016422218435595947,0.195564102661319,0.023121386371622362,0.47502657335114745,0.3888891146384027,0.900249360638302,0.9841075830890537,1.0
2021-05-01 18:45:28.760,0.18111151313488477,0.15710729207755844,0.7920015470637114,0.5892895855273559,0.23963811399219753,0.045876007027391724,0.6927384395923583,0.7009051155534762,0.0,0.2712732169330029,0.10404623867230064,0.5334750288784046,0.404761924111863,0.9052368287659774,0.970660147617482,1.0
2021-05-01 18:45:28.780,0.19143748805008526,0.07615323499269576,0.8262547177737912,0.5862387245102584,0.22415061250037807,0.05079086272628933,0.7161830126316852,0.7194493846012727,0.0019719140055234124,0.38345065122059874,0.20134874044142478,0.5409139319165518,0.30952344187460207,0.9214464193829699,0.9559902214262229,1.0
2021-05-01 18:45:28.800,0.18724869866409471,0.01566904944882995,0.8696592371733143,0.5826465344715006,0.22483508205456573,0.056500400630606254,0.74111924107062,0.7186268402404975,0.008616928215770656,0.49776076619128334,0.24373795115503907,0.5398512240268326,0.32539706404631136,0.9276808183829734,0.9229828843663058,1.0
2021-05-01 18:45:28.820,0.18105365727628356,0.0,0.870016659962753,0.5780582721240104,0.23922165949889176,0.06280337059965987,0.7663244817914189,0.7014019450176493,0.0192902769488571,0.5747494623397115,0.31599228041217237,0.6036131842094276,0.34920627825650236,0.946384015382985,0.8777506150728414,1.0
2021-05-01 18:45:28.840,0.1747729135479548,0.01938087724474996,0.8446915231910335,0.5726868023231405,0.2615879702023474,0.0695958861749672,0.7914397095742606,0.6748397574436157,0.03289168130009533,0.6244402500253967,0.4104046002108305,0.726886281714055,0.3571426829932331,0.9638404091914867,0.839853302615838,1.0
2021-05-01 18:45:28.860,0.13900823152977573,0.06710609711736527,0.8361495910826544,0.5668343167914077,0.28972373700255594,0.07672786727117428,0.8155840468644223,0.6418124352051231,0.04890880193932257,0.70452129275368,0.4932562386518773,0.941551531425271,0.38095230355254805,0.9788029412553321,0.7921760393646619,1.0
2021-05-01 18:45:28.880,0.3433704661587463,0.28816925008345284,0.8527093217134821,0.4619385367733821,0.6280574664114215,0.0023883482747551936,0.48388080286147017,0.2847375770362008,0.08332428492431646,0.8385583728154724,0.4219653091675747,1.0,0.3650794940790866,0.9987530691276716,0.7518337454682837,1.0
2021-05-01 18:45:28.900,0.18000040319385277,0.16134880490799658,0.8995110191330311,0.4593429773188306,0.5412704917844203,0.050533719140555544,0.7217040888909907,0.3738062234757574,0.09483573574555046,0.9213052423956267,0.41233138240846573,0.9266737470947629,0.4444443541446394,1.0,0.6955990471792964,1.0
2021-05-01 18:45:28.920,0.0929870962139524,0.04874307268864496,0.9084174133952606,0.4556405418309113,0.5307143712001483,0.07890405662422088,0.7910658366128857,0.3591499316333623,0.13030901256453395,0.951109032812246,0.44147397497589785,0.8793836243789402,0.43650754305878475,0.9950125318723245,0.6246943851440389,1.0
2021-05-01 18:45:28.940,0.0647686720671732,0.002824298708413851,0.8935969288149349,0.44766089275840787,0.557354198154532,0.09945603138490033,0.8604275843347807,0.34449363979096714,0.16578228938351744,0.9809128232288655,0.47061656754333,0.8320935016631178,0.4444443541446394,0.996259335063834,0.5647921896593153,1.0
2021-05-01 18:45:28.960,0.024382766743080445,0.07488460544953131,0.8806031689583486,0.43680554439004604,0.573775736525843,0.1208915892932788,0.9210369396498876,0.3061518755621608,0.22571403680978644,1.0,0.5163776368516994,0.772582346944456,0.4841267841774158,0.9788029412553321,0.49266503690437047,1.0
2021-05-01 18:45:28.980,0.03248580291323266,0.15138241317847412,0.9102154783963426,0.4140755720202158,0.6298162132839341,0.14691887805886225,0.9280456260767386,0.2833477661069094,0.2466478635289665,0.9776072080570215,0.5356454588280514,0.7066949944678719,0.47619037944068504,0.9675810102872436,0.46210270632050215,1.0
2021-05-01 18:45:29.000,0.025858365440392172,0.2137092232473457,0.9198427942590278,0.3859806756294444,0.6925214678725155,0.1731455219861561,0.9350543125035897,0.26054365665165824,0.26758169024814654,0.9434848268425913,0.5289017290217947,0.5929861922953809,0.46825397470395436,0.9563590793191549,0.43154037573663373,1.0
2021-05-01 18:45:29.020,0.03922328948082061,0.2568066958505631,0.9219582193073906,0.36547113927945846,0.7164792199644824,0.19204312949648075,0.9542399042882437,0.21607858269888536,0.3314312623609519,0.9400725293707727,0.49710981487534744,0.4675876877096294,0.4603171636181008,0.9039900255744678,0.32273840124437286,1.0
2021-05-01 18:45:29.040,0.030746160797151485,0.24104287535710528,0.9127569101933686,0.3435888258707534,0.7277464986637107,0.21157842273477687,0.9722291513132713,0.19610584026623396,0.39498108934983844,0.9645980246896305,0.5375722489111531,0.40595112590984367,0.3968251130260095,0.8665835038936266,0.2701711250410993,1.0
2021-05-01 18:45:29.060,0.02591761488425232,0.20231009507113892,0.8978320434259057,0.3202579467164023,0.7280142836507927,0.23195492919034325,0.9822222925135665,0.19587932628505866,0.4389698253255438,0.994241878936252,0.5876685623932687,0.35812967099494797,0.4126983288485937,0.815461381021268,0.21760393646618495,1.0
2021-05-01 18:45:29.080,0.0183752098662154,0.2328804919311779,0.8938737030792081,0.2957852602322962,0.7164612323765039,0.2529937785928499,0.9901289378137524,0.20571313464334218,0.4850551390107506,0.9746215001371588,0.601156022005782,0.33475028878404517,0.3571428861677945,0.743765537159587,0.1442543055098898,1.0
2021-05-01 18:45:29.100,0.011456891423193418,0.3252596083219739,0.9068560872529238,0.2719637434692935,0.6930385691953019,0.2732617033156256,0.9955086614856031,0.22600618071361317,0.5309796899897732,0.9234378410355493,0.5211945923457875,0.3039319861383658,0.30158744348699523,0.6708228901063963,0.09902204873476234,1.0
2021-05-01 18:45:29.120,0.0006669219807346558,0.3841743318722607,0.9227649268969678,0.24998758953622047,0.6599874220745271,0.2914196083145941,0.9985250996906121,0.2554377543539188,0.5742267445251497,0.8639368901343065,0.4219653091675747,0.24973435347167142,0.25396820236836537,0.617206905489381,0.06845965555920881,1.0
2021-05-01 18:45:29.140,0.0,0.3574271855815312,0.9388625897550855,0.23027880723775118,0.6201794676033711,0.3069844398328291,0.9998616530634649,0.292095569432722,0.6136150671149639,0.8234165733521659,0.40655106735742613,0.2210413970189135,0.2599205059209128,0.580735581962786,0.05165037686766552,1.0
2021-05-01 18:45:29.160,0.05061504182833546,0.3706541899677585,0.9392837633876042,0.21264158703425307,0.5746718112283796,0.32052687894123644,1.0,0.33557138935394204,0.6502197632936201,0.7822564246100703,0.463391134302198,0.20297557165323651,0.2658728094734603,0.544264258436191,0.03484109817612223,1.0
2021-05-01 18:45:29.180,0.06272633818819558,0.45644354447462604,0.9313047296641316,0.19672784695927448,0.5260043422037382,0.33269442364762813,0.9978677364313303,0.3838508894591975,0.6849450596058816,0.6986564806619614,0.49710981487534744,0.19978745668239317,0.18253934069041938,0.4750622763191664,0.024449939577117,1.0
2021-05-01 18:45:29.200,0.05430639694666862,0.5434049277837538,0.9331947441531286,0.18298932956921674,0.4790524707562606,0.34326953655140313,0.9930333709374627,0.43210371271758063,0.7162289764724004,0.5640862247561993,0.39691713271285073,0.21041443989812533,0.14285691065764414,0.4563590793191545,0.011002491587208146,1.0
2021-05-01 18:45:29.220,0.03893643792684031,0.5347614786868612,0.9602253458262267,0.17183666043184614,0.44098425069543995,0.3515688190713158,0.9863343361507114,0.4723824519470304,0.7410516481660329,0.4199189782189079,0.2032755234276066,0.19766203220464,0.12698410118418268,0.4326681588298305,0.0122249697885585,1.0
