2021-04-20 01:54:18.140,0.0938315673182756,1.0,0.034093353622817485,0.033218595087180655,1.0,0.012792004861629572,0.7217438660193128,0.023473601437012666,0.08243663447539566,0.13788933079513113,0.19609583106039644,0.7426661524481589,0.3530353013381849,0.9794392308708216,0.2004454696506467,1.0
2021-04-20 01:54:18.160,0.8703948506536415,0.01567503771934635,1.0,0.23659637017085328,0.5237717000833948,0.4367952002197863,0.6399715810173063,0.4292991299513657,0.9565108715225753,0.1469609961484545,0.12422360338667647,0.7174155016236435,0.359424996168179,0.9794392308708216,0.18708247483058174,1.0
2021-04-20 01:54:18.180,0.9151274495994837,0.5822062661705637,0.003659731132831476,1.0,0.8016606845872113,1.0,0.0,0.14308403405410566,0.35188044618596104,0.1469609961484545,0.3566992112730598,0.7411808200824747,0.36262000716145804,0.9887850002201123,0.20489980125733512,1.0
2021-04-20 01:54:18.200,0.4423949379381755,0.13189844804512318,0.43579638845205926,0.1646482306018279,0.5695491122603814,0.2752923922377705,0.8897043472091142,0.37594616659338126,0.8227638928707703,0.14045963587131896,0.18944099153330873,0.746750816453791,0.3690097019914512,0.9962615391388069,0.23162579089746532,1.0
2021-04-20 01:54:18.220,0.0,0.9985818736899932,0.016602841510947357,0.4172934847331729,0.5852455116572536,0.6549860877015223,0.5248488250356538,0.1968062029711317,0.5040042492007901,0.1339582755941834,0.02218277179355759,0.7523208128251075,0.3642173490798147,0.9901868751925981,0.2204899618807446,1.0
2021-04-20 01:54:18.240,0.4321248994415996,0.5106094812858164,0.5064394605960639,0.05099359335707936,0.9703200349692888,0.0,0.4271199031576183,0.24689642351074015,0.6014300562467039,0.14786816322830607,0.3367346999545424,0.734496823829014,0.359424996168179,0.9841122112463893,0.20935413286402355,1.0
2021-04-20 01:54:18.260,0.8642497988831992,0.022637088881639473,0.9962760796811805,0.24175027121165715,0.5215257111079933,0.43780581143775604,0.3293909812795827,0.2969866440503486,0.6988558632926175,0.14136680270366178,0.2775066586669941,0.7359821564986387,0.36581469099817315,1.0,0.21826279607740037,1.0
2021-04-20 01:54:18.280,0.8399144611566494,0.5296417310357903,0.0,0.5806869358575902,0.6873780311911077,0.5849792762393158,0.6399466419750628,0.3216227140076673,0.7266605849671647,0.1348654421790175,0.21827861737944582,0.7374674891682635,0.359424996168179,0.9850469221626118,0.19153676082479754,1.0
2021-04-20 01:54:18.300,0.5404110156233014,0.2630901930631184,0.1679049563211054,0.46018117166127925,0.6233211920747193,0.5947799130402781,0.9505023026705427,0.34625878396498605,0.7544653066417119,0.16162685641924762,0.2289263511812166,0.7434088189349415,0.359424996168179,0.9962615391388069,0.20489980125733512,1.0
2021-04-20 01:54:18.320,0.21979452527454452,0.00907110490783937,0.7958209292752518,0.33967540746496827,0.559264352958331,0.6045805498412403,0.3561484043833982,0.38779495331383873,0.9373670825904296,0.15701542624254805,0.27861579435157363,0.7294838273987696,0.356230148753182,0.9878503850048148,0.20935413286402355,1.0
2021-04-20 01:54:18.340,0.7758470223527185,0.5401951127030933,0.42567980830514285,0.5586022014438846,0.659899800473071,0.6279681595522488,0.39517410745144943,0.19389747665691937,0.4686835412952148,0.15240399606584845,0.3283052375219307,0.7155588358625975,0.3530353013381849,0.9794392308708216,0.21380846447071195,1.0
2021-04-20 01:54:18.360,0.5918427513975767,0.382145544505568,0.31683424206869354,0.777528995422801,0.7605352479878109,0.6513557692632572,0.4341998105195008,0.0,0.0,0.17703188893484986,0.32416445126690646,0.6975285520216784,0.3434504319366307,0.9841122112463893,0.25167037435250816,1.0
2021-04-20 01:54:18.380,0.4078384804424349,0.22409597630804268,0.20798867583224426,0.3887644977114005,0.7143620402631515,0.6316996817103275,0.4126650623283497,0.32227450793937873,0.8350304656468575,0.20165978180385127,0.3200236650118823,0.6794982681807594,0.3466454429299098,0.9850467307607649,0.23942093962787883,1.0
2021-04-20 01:54:18.400,0.4517716749240357,0.23761513697514525,0.19535614289902511,0.0,0.6681888325384919,0.6120435941573978,0.491863884609605,0.30964978284616207,0.8517959118353785,0.2262876746728527,0.315882878756858,0.6614679843398402,0.3498404539231888,0.9859812502751406,0.22717150490324953,1.0
2021-04-20 01:54:18.420,0.49570486940563646,0.2511342976422478,0.182723609965806,0.06082835564657346,0.6544844387178154,0.5446437817376713,0.5710627068908602,0.29702505775294546,0.8685613580238996,0.33571884848892986,0.3797693036381603,0.617403124428039,0.34345059551491364,0.9551400965813719,0.20489980125733512,1.0
2021-04-20 01:54:18.440,0.492478707457849,0.2478028637977967,0.18756269894972932,0.12165671129314685,0.6407800448971388,0.47724396931794466,0.5484714906454885,0.29598666459982315,0.8705504602532842,0.445150022305007,0.44365572851946267,0.5733382645162378,0.34504810101155314,0.9345793753026549,0.1870824292181091,1.0
2021-04-20 01:54:18.460,0.5063905135261093,0.22427133769097823,0.22848932184222187,0.12675278138637802,0.634389814792075,0.4758626170319484,0.5719378163839378,0.3074761549826403,0.8786978846519263,0.5545811961210841,0.5075421534007649,0.5292734046044367,0.3466456065081917,0.9140186540239369,0.16926505717888313,1.0
2021-04-20 01:54:18.480,0.5255833994269472,0.20656499846514056,0.266015113832184,0.1318488514796092,0.6279995846870112,0.474481264745952,0.5954041421223872,0.31896564536545746,0.8868453090505682,0.7491684438310352,0.6863354099218452,0.42969423408426183,0.36261984358317606,0.8383176926124629,0.07572386537606471,1.0
2021-04-20 01:54:18.500,0.544776285327785,0.18885865923930287,0.3035409058221462,0.14373501884267156,0.6057781149021254,0.4521179338640935,0.5870540033197272,0.33747912890029175,0.90387289210393,0.9437556915409863,0.8651286664429255,0.33011506356408693,0.3722045494064483,0.7850466829103041,0.04899779591410764,1.0
2021-04-20 01:54:18.520,0.5089232586184025,0.23179102340889732,0.24789908575599934,0.15554007682810211,0.5830271615829326,0.47215074062685075,0.5787038645170671,0.35599261243512603,0.9209004751572918,1.0,0.9316770254000735,0.2718157742897821,0.3817892552297205,0.7317756732081443,0.022271726452150573,1.0
2021-04-20 01:54:18.540,0.486730165377408,0.2671611310540192,0.18097924393350845,0.1673451348135327,0.5602762082637396,0.492183547389608,0.5221445370561794,0.40399572732102146,0.958315819580821,0.9809495239942714,0.9627329189839969,0.17378381383938088,0.39616623217548785,0.681308413450956,0.01336305183565565,1.0
2021-04-20 01:54:18.560,0.4851366314913146,0.2706894709882058,0.17567455072003768,0.14321962038397718,0.5329077428881905,0.5106331153939119,0.5105911266793994,0.4235190822593163,0.9676458740475372,0.9655276994773542,0.9822538435722192,0.09283324246123568,0.4105432091212561,0.6308411536937678,0.004454377219160728,1.0
2021-04-20 01:54:18.580,0.4815679321348568,0.277833685670406,0.16591643632135125,0.17726444038172975,0.4916306570690785,0.527966725851807,0.4990377163026196,0.4430424371976112,0.9769759285142533,0.9721802395822793,0.9937888997208708,0.07055325697596984,0.43610231559779467,0.5551401922822949,0.0,1.0
2021-04-20 01:54:18.600,0.48119857240945335,0.2837834616834016,0.14249950697991798,0.1970859199179614,0.4554888507023563,0.5412833529040786,0.46076364612339576,0.511090081701142,0.9978768339857997,0.9869973012264985,1.0,0.0497586281716194,0.4584664110810541,0.5028038456458951,0.026726080865075146,1.0
2021-04-20 01:54:18.620,0.4816236425222521,0.28471955850392117,0.13534884648121173,0.194175803636123,0.4338357039972578,0.5528950176688935,0.4477265296415206,0.534552432156946,0.9989384169928999,0.9987904742546041,0.9884649438513483,0.02227992469718815,0.4840258447141566,0.44859807717705236,0.026726080865075146,1.0
2021-04-20 01:54:18.640,0.4796447150790178,0.2853948011351594,0.14682769414003508,0.2140654707469921,0.3997784122026801,0.559175733690411,0.4346894131596453,0.5580147826127501,1.0,0.9876020393483218,0.9582963689829328,0.05050127611803833,0.5095846240341312,0.4112149997798886,0.07572381976359241,1.0
2021-04-20 01:54:18.660,0.48222526168817115,0.28365792121799993,0.13232241747067347,0.23697738118218814,0.3639773557968704,0.5680142964139379,0.42223434290805467,0.6432241964363988,0.9878429446488016,0.9485938935260683,0.9165927379658659,0.1039732655979076,0.5212993008355267,0.38380068347472684,0.09057164246641182,1.0
2021-04-20 01:54:18.680,0.48480580829732456,0.2819210413008404,0.11781714080131184,0.25988929161738417,0.32817629939106063,0.5768528591374648,0.40254746483508375,0.6644910426963909,0.9763948160316585,0.8634714401203634,0.8984028459214995,0.10508724967515153,0.533013977636923,0.35638636716956507,0.10541946516923156,1.0
2021-04-20 01:54:18.700,0.4921022440633125,0.27573293305357544,0.10586579586415128,0.27401020219047767,0.29163930537038435,0.6047126301188737,0.3828605867621128,0.6857578889563831,0.9649466874145151,0.8596411762564445,0.9161490689244508,0.09122413949035342,0.5447286544383185,0.32897205086440334,0.12026728787205099,1.0
2021-04-20 01:54:18.720,0.5116695369728779,0.2544674348158301,0.05655615153128017,0.253902187242588,0.27647171677210375,0.6031569947487962,0.36317370868914184,0.7070247352163751,0.9534985587973719,0.8558109123925257,0.9338952919274021,0.07736102930555544,0.6054313551102922,0.24672903814830277,0.22271721890903373,1.0
2021-04-20 01:54:18.740,0.5038664811318883,0.25837052423874624,0.07610284832588553,0.27129444594698565,0.24929566056554808,0.6147584817693916,0.3446370241169956,0.7668613446367339,0.9106512875138028,0.8519806485286068,0.9516415149303534,0.06349791912075733,0.6150160609335644,0.2336449036387408,0.24721608835829204,1.0
2021-04-20 01:54:18.760,0.4853057240063034,0.2810597797100118,0.1264000650298165,0.2886867046513834,0.22211960435899242,0.626359968789987,0.31598232694747996,0.8004229838792539,0.8719183739262361,0.8361052023554169,0.9201419692514221,0.1262531902950958,0.6246007667568366,0.22056076912917885,0.27171495780755067,1.0
2021-04-20 01:54:18.780,0.5089270528172265,0.2558998340767995,0.09515779023600848,0.2967376949647809,0.17457480468577447,0.6627447004673255,0.2873276297779642,0.8339846231217738,0.8331854603386694,0.804052027576187,0.9591836949611867,0.06981060902955091,0.6789138271249108,0.17102807673682882,0.3697104812170575,1.0
2021-04-20 01:54:18.800,0.5488736513830503,0.21835004857671095,0.042934815104167356,0.2745533402883948,0.1796516493412904,0.6708117336696298,0.2670378284556899,0.8340578529298861,0.826588720227788,0.7886301783083951,0.9937888997208708,0.0,0.7555911465545263,0.13271038412436656,0.5144766233342096,1.0
2021-04-20 01:54:18.820,0.49016972650951046,0.27794868709347,0.12531998807276487,0.3314352655961962,0.15172330169287054,0.7260722435340156,0.19702098244421679,0.8632184955401597,0.7616168020165001,0.7783489619637838,0.9955634790499195,0.010397314402175152,0.7987220773918293,0.11542057684688457,0.5567928876289304,1.0
2021-04-20 01:54:18.840,0.4820418572699352,0.28473423679131926,0.1330713929352196,0.3386684119145893,0.13723095333216137,0.7499502723476796,0.17095298822340296,0.8779256853868543,0.727375420522064,0.7741155723531491,0.9760425980381723,0.03044929526010667,0.8418530082291322,0.09813076956940257,0.5991091519236512,1.0
2021-04-20 01:54:18.860,0.4798119295585451,0.28669812799936156,0.13478320479015565,0.3519584677285164,0.09853965286674979,0.7691893787765541,0.16623312338279825,0.915638725732265,0.663604316262048,0.7940731802924872,0.9835848143827349,0.031191973600564575,0.8626197617940351,0.08457942315311587,0.6804009090018404,1.0
2021-04-20 01:54:18.880,0.5115238272598108,0.2587246163977027,0.11083162508384134,0.3332242158858251,0.09733201931027081,0.7715920372831506,0.1639803074988126,0.9167775637959013,0.6601902187785437,0.768370151806396,0.9219165703687084,0.10248790891699205,0.8833865153589371,0.07102807673682807,0.7616926660800294,1.0
2021-04-20 01:54:18.900,0.4742676870134163,0.29029377039589127,0.1370904319336973,0.3652420208678764,0.08701077017459441,0.8108747118566383,0.1238781682762133,0.9264112956029248,0.6151280601668329,0.6948896312088728,0.8393966197873365,0.17452652257387757,0.928115033482021,0.056074807497592985,0.7616926660800294,1.0
2021-04-20 01:54:18.920,0.472264005071326,0.2916583138842752,0.13761436732677135,0.41384540557264826,0.08097564186079348,0.8720958097363892,0.06116178530633994,0.9319610639838685,0.551260163435387,0.585122447217986,0.736468505792439,0.2777570794372886,0.9568691509518376,0.050467307607649656,0.881959938747923,1.0
2021-04-20 01:54:18.940,0.47026032312923566,0.2930228573726591,0.13813830271984545,0.4272940458847469,0.06014032780709314,0.9087919106924427,0.04257325488759085,0.9506328748881797,0.4885450458382942,0.47565769416519776,0.6113575982157465,0.3973263531113058,0.9696485406118249,0.0448599991195521,0.935412054865601,1.0
2021-04-20 01:54:18.960,0.4533622462564546,0.3061469810005048,0.14422029709194562,0.45285222855383356,0.034373066644685216,0.9336996970055544,0.045131036418338676,0.9726349727765513,0.4312543274253709,0.3822195384023743,0.4649512157727666,0.5406609567938889,1.0,0.03084134509561557,0.9844098165703543,1.0
2021-04-20 01:54:18.980,0.3777407863611771,0.3560155311941362,0.16958948634584012,0.4355995347593948,0.043029740673350074,0.9517300082212753,0.02096066764931709,0.9653814227109223,0.42265261654107217,0.3156183922512436,0.37067436665406084,0.6370218909782602,0.9960064816258246,0.02616836472004681,0.9922049082851772,1.0
2021-04-20 01:54:19.000,0.4031715166302246,0.3405713124282937,0.15843403507922008,0.4352644683232722,0.04417823022361659,0.965964805283589,0.00796228703320579,0.9644083849454204,0.40836252392479483,0.24901724610011294,0.2763975175353552,0.7333828251626314,0.9920129632516483,0.021495384344478046,1.0,1.0
