2021-04-25 21:26:15.640,0.9139200583411554,0.8057345703566203,0.7437655425555256,0.5852888549538376,0.9437977998866708,0.919235885567048,0.07483372059836566,0.0472703413388095,0.6840024967167131,0.5760983148660618,0.5659583916139791,0.6701543160580251,0.9635833377522701,0.9767712554038002,0.11377998960620583,7.0
2021-04-25 21:26:15.660,0.42258345500091377,0.48413968577131344,0.39894526958347515,0.5607360873086487,0.9416338063874565,0.9325817273108433,0.06819325485097014,0.04534106788756062,0.6756799272388258,0.5794978963250399,0.5552799311782936,0.6717237597828494,0.9577567553235885,0.9628339135008991,0.09860938473835615,7.0
2021-04-25 21:26:15.680,0.6308501096667221,0.5583384176135242,0.4557981261699274,0.5623566219058765,0.9483342318788965,0.9340929159599399,0.06155278910357457,0.04341179443631158,0.6673573577609386,0.5588388991646368,0.5852659093912865,0.6866335137070153,0.9621266175638896,0.9721255540571522,0.11377998960620583,7.0
2021-04-25 21:26:15.700,0.8391167643325306,0.6325371494557348,0.5126509827563795,0.5639771565031044,0.9550346573703363,0.9356041046090366,0.053549386086545775,0.04518357803574787,0.6618638716978296,0.535041831092248,0.5499946330157904,0.7033743010109462,0.9694099201809518,0.9535425108076017,0.1061946224440907,7.0
2021-04-25 21:26:15.720,0.3763784013230425,0.4060268833005643,0.32986742039396444,0.5398191413430641,0.9487627651182419,0.9501083135516375,0.04031561772136243,0.04089290389558345,0.643195140361919,0.5988493621550669,0.5345701905566328,0.692126586013068,0.9781500175676044,0.9477353246585507,0.07585341270839095,7.0
2021-04-25 21:26:15.740,0.8476190346484461,0.6764969310773158,0.25481324373437925,0.5258615990705349,0.9538750902547931,0.9566204454827051,0.041561256000104074,0.03868928447025656,0.6417957396037955,0.6310146328823222,0.5781469363560782,0.7010201311416725,0.981063383363155,0.9303137662114018,0.05056902810984782,7.0
2021-04-25 21:26:15.760,0.8286674655756087,0.5847231941557196,0.8899459751022539,0.5195985649422027,0.9344388365767291,0.9621361941381845,0.03429417233762564,0.055280030780368736,0.6542822847844876,0.6166317882481837,0.5518283078884957,0.7227308093007562,0.9883466859802167,0.9117304850988971,0.03539829378561717,7.0
2021-04-25 21:26:15.780,0.4040123937836248,0.3377816334825064,0.41645593241663004,0.4925377938754676,0.9250811327531545,0.9747727732289234,0.021651923943982552,0.06332749447342119,0.6499631540162122,0.6124476901314385,0.5461115568147676,0.7277007408352628,0.9941732684088989,0.907085021615202,0.027812926623502033,7.0
2021-04-25 21:26:15.800,0.8231039969040241,0.5509341780402529,0.3091976803376666,0.48806514843079774,0.9221152382781395,0.9778888232241555,0.018451399668343697,0.06588619914807584,0.649359731035518,0.5852510363191541,0.5721065947160587,0.7334553856681071,0.9970867087856594,0.9117304850988971,0.03539829378561717,7.0
2021-04-25 21:26:15.820,0.8420542708241495,0.5927796600764617,0.9294822743330414,0.4764174285958315,0.9070757955313333,0.9843142435206345,0.01073637775108,0.07891959083965286,0.6558073426666537,0.4819560547980555,0.5223816449316607,0.7279623133620544,1.0,0.9186993939133012,0.045511944059930025,7.0
2021-04-25 21:26:15.840,0.34079458793868606,0.5205733550228961,0.46612068703858894,0.4397757282265948,0.9110055329404049,0.9955042210200442,0.0010450406258482223,0.07550455444733069,0.6399832556718049,0.43174685599252566,0.5182828431578985,0.6895108371939468,0.9985432798116199,0.9163764243085007,0.042983660947732684,7.0
2021-04-25 21:26:15.860,0.7422280055464047,0.8554824249392773,0.2100412815372107,0.4228218654463784,0.9338475776987217,1.0,0.0,0.05578739689600921,0.6147749284048064,0.4711035479666209,0.5402869420717972,0.6128694605960511,0.9956299885972789,0.9163764243085007,0.055625853247004066,7.0
2021-04-25 21:26:15.880,0.859998758522689,0.9427380087278103,0.7626591732617418,0.41762473813714573,0.940383136424675,0.9991353548312831,0.0016448698833138702,0.05018815638795095,0.6099337070942142,0.5402719542732942,0.5457879671313491,0.5529688605969931,0.9898034061685972,0.9163764243085007,0.03539829378561717,7.0
2021-04-25 21:26:15.900,0.6847085912406312,0.8270167672664527,0.6002422304310059,0.41501265482688204,0.9455978857914779,0.9985519249837859,0.002862338911008002,0.04573410952074143,0.6059244260376294,0.5630230015622995,0.5531226666221699,0.5296887130208617,0.9854332456034562,0.9163764243085007,0.03539829378561717,7.0
2021-04-25 21:26:15.920,0.6650169605588481,0.8805994517432087,0.5000919468217248,0.4194157706139344,0.9474104825942007,0.996533622935188,0.004898697070523953,0.044188771084666414,0.606547958140175,0.5679916227581878,0.559378733923216,0.5247187986145041,0.9839766745774956,0.9094077533570496,0.025284384598543132,7.0
2021-04-25 21:26:15.940,0.6356959669331758,0.9870666205960529,0.46237351345803135,0.4253708570302852,0.9466781052658778,0.9951294954265762,0.006068788590748423,0.045796845012191466,0.6100107464341773,0.5572698594277264,0.5661741171867185,0.5257650930037079,0.9796066631747745,0.9140534547036989,0.025284384598543132,7.0
2021-04-25 21:26:15.960,0.6313155157839527,0.9935333102980264,0.455484677499141,0.4306555402046661,0.9443711180810901,0.9947453607970298,0.004819548763927678,0.047671068957588075,0.6107902859999947,0.5277196535016824,0.5711358256658031,0.5244572196646566,0.978149942986394,0.9117304850988971,0.03539829378561717,7.0
2021-04-25 21:26:15.980,0.6269350646347296,1.0,0.44859584154025056,0.43423524458344653,0.9433284313004374,0.9960126686231816,0.004891353914162612,0.04419992163249261,0.606513945186549,0.5099372272587335,0.5737245431331516,0.5103321876029028,0.9752366517720534,0.9186993939133012,0.05309731122204517,7.0
2021-04-25 21:26:16.000,0.6573100455262201,0.9953132398582114,0.4540270247288386,0.4420066860062118,0.9502403245529557,0.998076913683951,0.004963159064397508,0.04072877430739731,0.6022376043731034,0.4936584617353508,0.5669561258090317,0.4867904664294704,0.9726875406048074,0.9157956819072997,0.045512008788120506,7.0
2021-04-25 21:26:16.020,0.7182427286555061,0.917926556527399,0.4812419238952607,0.45658210873150856,0.9624899560160493,0.9950038656520053,0.005034964214632442,0.03725762698230185,0.5979612635596576,0.4773796962119681,0.5601877084849115,0.46324874525603804,0.970138429437562,0.912891969901298,0.037926706354195476,7.0
2021-04-25 21:26:16.040,0.8254306920189205,0.9701525484991486,0.5524186319052506,0.4711575314568054,0.9747395874791427,0.9919308176200595,0.017925950953826663,0.013960445404686701,0.5839743738111538,0.501569026466066,0.5154783983520648,0.35391054909848135,0.9329934070956415,0.9245064611308744,0.0518331696659465,7.0
2021-04-25 21:26:16.060,0.8379261851879046,0.9789283203435791,0.6334188142511549,0.5202884965756647,0.9977367589750382,0.9673827237034004,0.03718024716549808,0.0018755990447157159,0.5903740271776772,0.6265690242185844,0.4683421651521424,0.267852455555665,0.8863801510165084,0.8861790087608498,0.025284384598543132,7.0
2021-04-25 21:26:16.080,0.9015946240641002,0.6020382088814942,0.8000239111783135,0.5790395550788627,1.0,0.9333446597553913,0.06767642412649959,0.0,0.6189516776308669,0.7711819850772781,0.3927300451086238,0.2055976931808986,0.825200289703251,0.8513356540035963,0.0,7.0
2021-04-25 21:26:16.100,0.9988078586608659,0.4286942280945166,0.9308989653086337,0.653277486425622,0.9808721245618359,0.882750230849134,0.11194200540319678,0.015926491379447648,0.6750061285535343,0.9087342639091878,0.30892031798608927,0.17106984987605647,0.759650267824853,0.7909408229082956,0.0,7.0
2021-04-25 21:26:16.120,0.9760073894737704,0.4526451711600327,1.0,0.729821055554626,0.9354586007054959,0.8196114569296037,0.1687327933360796,0.054405558679631406,0.7518655316958832,1.0,0.22759143715724114,0.15145171767500798,0.6853605214658518,0.7259000526033924,0.007585367162115141,7.0
2021-04-25 21:26:16.140,0.831301218699981,0.41132747589426744,0.9905333976834425,0.7973787748273459,0.8691177592436616,0.7490988028724455,0.23637385969306798,0.11224762715684547,0.8318976216732531,0.968357726821684,0.14281090302091728,0.12241693597112549,0.5950473005219268,0.6585367884195948,0.027812926623502033,7.0
2021-04-25 21:26:16.160,0.6946941585661874,0.3893747475280645,0.9761823347829099,0.8536280532425503,0.7992382089069398,0.6716863205110525,0.3159849935153698,0.17517228127611037,0.888718658203912,0.8593095946041774,0.06989539457310393,0.09521319621108228,0.48725418312953633,0.6190477323156934,0.08091023784554757,7.0
2021-04-25 21:26:16.180,0.5238328527715927,0.20597351207618622,0.9962750462062668,0.8994090408297891,0.7377316399746241,0.5888974488042572,0.4047006153562172,0.23215907440334574,0.9035244969173064,0.7418932747150155,0.018983929859634707,0.04839132424999046,0.3882009393801691,0.547038528922292,0.16182047569109514,7.0
2021-04-25 21:26:16.200,0.3153630560733162,0.12100964507517527,0.9214335678188904,0.9394705702848273,0.684547141208887,0.5024477705973516,0.49820825984353034,0.2825774460945129,0.8717926510616892,0.7248953781224182,0.00258873335906022,0.023018562203228142,0.2862344044164603,0.4587690140211891,0.2528446227237167,7.0
2021-04-25 21:26:16.220,0.17932406727674768,0.023707581333735017,0.7824699088710704,0.9707488301205912,0.6268748686075833,0.41801383044770807,0.5894051682334986,0.3383794500058053,0.8067563911791634,0.7309100243826077,0.0,0.0,0.21631452029776072,0.39837418292588833,0.3716814374670792,7.0
2021-04-25 21:26:16.240,0.09694095878125752,0.09854026687312403,0.6244825442605874,0.9923234107644786,0.5616805515802433,0.3376056815449206,0.6753130660674239,0.40278562338215235,0.7152156367336912,0.7505229836359574,0.020709760927736888,0.01281714373557228,0.14930807655582168,0.3240420099276865,0.48798991731569186,7.0
2021-04-25 21:26:16.260,0.052395803528965286,0.2237430075851901,0.5537770741383229,1.0,0.4892677543299853,0.2651858854852555,0.7514132624727033,0.47584767360059743,0.6088474660888776,0.8267520612671211,0.0876388924571667,0.09115877066136496,0.09978145468113803,0.2450638977198823,0.6017699587044503,7.0
2021-04-25 21:26:16.280,0.027360434844452056,0.4187187783940362,0.40241822643468805,0.9889619522554438,0.4126342223426253,0.2044161931529621,0.8392142111530528,0.5954587663719917,0.45322206368867485,0.85277194865459,0.17312051152948096,0.17839393201066922,0.06045157580027688,0.1869920362293834,0.7104930713909476,7.0
2021-04-25 21:26:16.300,0.06791967751284954,0.6463525760580521,0.2796997710597355,0.9632883407777283,0.33501635977629995,0.15485222192298673,0.9030817752328896,0.7150010131112533,0.316731361793216,0.8300208842419149,0.232984616205008,0.24378759896323318,0.03131821616960897,0.12427423552928078,0.7838179938569323,7.0
2021-04-25 21:26:16.320,0.07565593509805499,0.6862451937110365,0.21154282939212085,0.9294823345312181,0.26100519036011305,0.11535958545666528,0.9217028849917908,0.756318672437227,0.26516257652603464,0.7696129646044966,0.2943587778178896,0.3149359171716973,0.022578193364166537,0.10104549093308096,0.890012616301023,7.0
2021-04-25 21:26:16.340,0.020794477917466025,0.6588311794600078,0.150046721793672,0.877609561787187,0.18445171972283775,0.07411366039011259,0.9403239947506921,0.7976363317632007,0.21359379125885336,0.6872384800885002,0.3605868067538715,0.37483652252330185,0.010924879344383272,0.06620213617582754,0.9431099793056209,7.0
2021-04-25 21:26:16.360,0.013862985278310645,0.7031840288057947,0.11888199897862606,0.8731390980858889,0.16317657396555918,0.05744020069330869,0.9550470223024082,0.827655198146095,0.15876511740981245,0.6182008301255526,0.42573619458306283,0.42218152240982787,0.003641576727321328,0.0383276902329797,0.9987357807700729,7.0
2021-04-25 21:26:16.380,0.0069314926391553814,0.7475368781515815,0.08771727616358013,0.8686686343845901,0.1419014282082807,0.040766740996504874,0.9697700498541243,0.8576740645289893,0.10393644356077132,0.6049802341358871,0.469324922833232,0.45412269704305824,0.002670479655874241,0.025551793488652684,0.9991571871800485,7.0
2021-04-25 21:26:16.400,0.0,0.7918897274973684,0.05655255334853417,0.864198170683292,0.12062628245100215,0.024093281299700973,0.9844930774058405,0.8876929309118836,0.049107769711730406,0.5917596381462217,0.5129136510834013,0.4860638716762887,0.001699382584427367,0.012775896744327017,0.9995785935900243,7.0
2021-04-25 21:26:16.420,0.004919377210997562,0.8876560457208852,0.022585289574332354,0.8639689803304037,0.048842451701160805,0.0,1.0,0.9634711513724812,0.0,0.578539042156556,0.5565023793335705,0.5180050463095192,0.0007282855129802806,0.0,1.0,7.0
2021-04-25 21:26:16.440,0.02743233584810598,0.9215541768547407,0.0018361560649243222,0.8599724199024784,0.010014783459139785,0.005455570270597032,0.9973559492030454,0.9889209978121352,0.023866740234196677,0.4869246759939439,0.6871966658482435,0.6578603045299245,0.0,0.010453125358654008,0.9279393226552187,7.0
2021-04-25 21:26:16.460,0.05281806336936538,0.9402700262458753,0.0,0.8592599555096034,0.0,0.021301303566840273,0.9883536225258103,1.0,0.07542849477498806,0.38859831566873376,0.7492180174224368,0.7415641939471691,0.006554942522871913,0.03600472062817785,0.8621997414600733,7.0
2021-04-25 21:26:16.480,0.08476687711830076,0.9342885695391272,0.0048739415190966065,0.8631160617371859,0.0066324104287441695,0.04570333118975157,0.9725633209819955,0.9926616322246786,0.15171550968286548,0.31563806101236386,0.8117787072074828,0.8257912669563322,0.03131821616960897,0.08710814903017987,0.776232626694817,7.0
2021-04-25 21:26:16.500,0.14429109435770993,0.8938219136868442,0.016263725468162026,0.8699170923212224,0.03015409362289473,0.07820810511538427,0.9492685080061427,0.9666686670870889,0.2490052828753656,0.2743200581297223,0.8699169808149075,0.8987705842882634,0.054624844209175495,0.13124266861777767,0.6826801965499979,7.0
2021-04-25 21:26:16.520,0.20049588192843112,0.7973526450712338,0.05719880082660384,0.8755616558530883,0.06980572764244328,0.11913663473863229,0.9168955643411032,0.9229624556906117,0.36454470633589164,0.2513075152769356,0.9177003827871927,0.9479466346827032,0.08958478626852528,0.18466906662458155,0.6017699587044503,7.0
2021-04-25 21:26:16.540,0.2576438410955507,0.7632275509895741,0.09880400085913418,0.8682773512290657,0.12295024471316326,0.17254760232642885,0.8705852641682779,0.8646471709152833,0.5038879045871943,0.25575314106434355,0.9523244674356313,0.9775045742862808,0.12163143711353404,0.2450638977198823,0.503160573966094,7.0
2021-04-25 21:26:16.560,0.29819248888068006,0.6650957215923234,0.16293392011488483,0.8418157369650136,0.1888722789692668,0.2393980379479767,0.8070077447604143,0.792818848877951,0.6586771980726104,0.2547070988763726,0.9847912786992175,0.9939837804993455,0.1769845668356898,0.30545872881518304,0.3969658738481748,7.0
