2021-04-27 15:19:29.700,0.9914093900395738,0.3541362766441762,0.8169120153617956,0.9385641203430943,0.0343595004978687,0.8490424342129171,0.4938151853295888,0.9464932865755354,0.9771256198710481,0.5002411943459458,0.574703776305135,0.4243070369078417,0.42345247537896274,0.8620688769646975,0.28914139797979804,4.0
2021-04-27 15:19:29.720,0.3409709846724627,0.24405080399839352,0.7148518915283228,0.9381501604083697,0.03353899867130294,0.8485824750116496,0.4955862133233326,0.9477595773029117,0.9772358889590284,0.49204051946032257,0.5719560524712088,0.40085287060385505,0.40390874589649345,0.8652037919438521,0.284090905858586,4.0
2021-04-27 15:19:29.740,0.8208970877432622,0.37530862578787644,0.3659262742856127,0.9530680106206403,0.042960477545648336,0.8399039333462128,0.5243235726160258,0.9332525512747921,0.9695414794971032,0.47419199176808374,0.581658954741616,0.430703625338165,0.40065129087412255,0.8965516577235235,0.29419191595959604,4.0
2021-04-27 15:19:29.760,0.7409006079756063,0.35576272037706047,0.9614266293357855,0.9573983692117762,0.04054866078019319,0.8372594507075861,0.5340443659557249,0.936959051494557,0.9691684053240428,0.44315806392399054,0.5696376591904977,0.4738805902619389,0.40390874589649345,0.9090906756342055,0.3093434181818182,4.0
2021-04-27 15:19:29.780,0.41670293611723447,0.2601914130002211,0.43170121704268455,0.9589613928218127,0.06087224797946941,0.8357771706918667,0.5350087059770046,0.9058795905840533,0.9604804835927624,0.47772953713910293,0.598488767880638,0.5165245157486008,0.39413671437996584,0.8934167427443689,0.3005050569696969,4.0
2021-04-27 15:19:29.800,1.0,0.3187941287177338,0.6014087738404541,0.9687883225641576,0.06650340655302056,0.8323057620569912,0.5457437408266964,0.8973315626528139,0.9564762500972706,0.5179289258075541,0.5844925456701419,0.46108742038220035,0.38762213788580907,0.8840126398128416,0.3017676799999999,4.0
2021-04-27 15:19:29.820,0.32809734935551466,0.10083517068827998,0.5951719371951,0.9657329039983332,0.07604998083912073,0.8353858790992571,0.5331234460611851,0.8829035020969016,0.9542076642599392,0.5370638342030449,0.6015799572816581,0.4087153493366283,0.39087925935759393,0.8840126398128416,0.29419191595959604,4.0
2021-04-27 15:19:29.840,0.8469765959345876,0.14572863263057126,0.44607606690454227,0.975219154349598,0.08237303169083747,0.8306667345043743,0.5438935369149679,0.884260546046344,0.9529752763444541,0.5561987425985359,0.6186673688931744,0.3563432782910563,0.39413671437996584,0.8589339619855446,0.284090905858586,4.0
2021-04-27 15:19:29.860,0.6706716284829456,0.09991972348307723,1.0,0.9774763542072091,0.06795702230514795,0.833892238141462,0.5263214316172283,0.8916656603151931,0.9577067100484801,0.48818137833767633,0.6086210017584994,0.3128997796869106,0.3745926513469105,0.8557993680093583,0.2752525187878788,4.0
2021-04-27 15:19:29.880,0.28250795003579626,0.14279327678945947,0.4477739863418116,0.9773661240046463,0.07024611913669238,0.8377296330835344,0.5356938392546754,0.8885985625129589,0.955450516397816,0.44749960031926017,0.6304310652689721,0.29584221053938203,0.34527689034791353,0.8714733008991931,0.29419191595959604,4.0
2021-04-27 15:19:29.900,0.7519852334123301,0.39828323772154356,0.6683399573208527,0.9939442337714756,0.0743072046476125,0.8320016569105789,0.5450662468921225,0.8855314647107246,0.953194322747152,0.45135874144190646,0.6315473269563753,0.309168418983619,0.33876198030316984,0.8589339619855446,0.2916666698989898,4.0
2021-04-27 15:19:29.920,0.3742124666167268,0.32149783825812794,0.4593063425867112,1.0,0.07507617234739608,0.8341930303769304,0.5279034587638215,0.8733112206490996,0.9521383740962559,0.48962855494252233,0.630688665147119,0.3118336859782575,0.332247403809014,0.8557993680093583,0.2967171878787878,4.0
2021-04-27 15:19:29.940,0.5987184103554555,0.24373573882236416,0.49985053726348966,0.6954447346691844,0.0925187270108713,0.8484512469281451,0.45172178838704724,0.8541647189035684,0.9563440842204586,0.5295063491754929,0.6348102491409426,0.3049040223336695,0.32899028233722916,0.8683387069230067,0.29292929292929293,4.0
2021-04-27 15:19:29.960,0.625005109154601,0.17404008746985544,0.575617102550897,0.5565471082958262,0.09152678832254348,0.8468324766547197,0.5006542884927025,0.8547050461136565,0.950467919546836,0.5652034045599705,0.6396187684859118,0.2894456133829239,0.30293130925943007,0.8526644530302037,0.2878787878787879,4.0
2021-04-27 15:19:29.980,0.6587528837716149,0.18971259371488844,0.5836393717267447,0.41764948192246787,0.09053484963421567,0.8452137063812942,0.4924048143056888,0.8676459201508202,0.955375871029833,0.5841775150796479,0.6429675556566001,0.25053302503898944,0.31270350755125126,0.8197491297609548,0.2727272727272727,4.0
2021-04-27 15:19:30.000,0.6646179909836891,0.2222177990908574,0.5761761963752666,0.4290193074343333,0.07356585923978415,0.8494981167473297,0.4851011024571785,0.8866501802809746,0.9617963846395159,0.58401672148131,0.646316344232941,0.20682300846151475,0.29315961129348944,0.7868338064917061,0.2613636395959595,4.0
2021-04-27 15:19:30.020,0.6548166446970873,0.24518208619191328,0.5746474391800619,0.4377823875472931,0.06002053119610993,0.8521967939240758,0.4781899212172125,0.9071753506860771,0.968420206880163,0.5661681911567785,0.6441696879527343,0.1673773885339897,0.2996741877876452,0.7774293825572123,0.25252525252525254,4.0
2021-04-27 15:19:30.040,0.652002809566132,0.2694407943935085,0.5670416059326184,0.44795865951941227,0.048693369393479645,0.8540144643431931,0.4737958910314437,0.9244615047681136,0.9736852941166207,0.5457469027161088,0.6415936961995289,0.1455223649745164,0.2964167327652743,0.7523510257328818,0.25252525252525254,4.0
2021-04-27 15:19:30.060,0.6467002804969089,0.27262882437829195,0.5779567489210062,0.45889717290027154,0.039973206180482786,0.8552103181099922,0.4710512258442326,0.9378443779188299,0.9776016787421786,0.5287023601254619,0.6394470349995386,0.14445627562893065,0.27361554826043316,0.7335424988668588,0.24242424242424243,4.0
2021-04-27 15:19:30.080,0.6540722545709051,0.2695579714367335,0.5877682702757537,0.47020748117445815,0.03369733114082604,0.8559389175786977,0.4695068789035575,0.947515728604243,0.9803379922023004,0.5182505195849617,0.6287996017167965,0.1497867659875334,0.26058639527212063,0.7492164317566955,0.23358585535353546,4.0
2021-04-27 15:19:30.100,0.630945622597332,0.28785668152059224,0.5964143365436878,0.48108234920981213,0.028612807320084026,0.8557956124289335,0.470845904960957,0.9553751278104418,0.9822358592980396,0.5240392325850773,0.6166924425852098,0.15884859523409053,0.2638435167439055,0.7272726689085514,0.23358585535353546,4.0
2021-04-27 15:19:30.120,0.6046610568265605,0.2975991618917996,0.6177757040866948,0.4909662061778592,0.0219102297106707,0.854837913456138,0.47535031823945484,0.9657684781747218,0.9843933472844667,0.5380286178385237,0.6029538199014476,0.1977611792149576,0.22801284570016578,0.7241377539293967,0.2285353373737374,4.0
2021-04-27 15:19:30.140,0.60326719633684,0.3318617077680343,0.6340512376461167,0.4991389757112566,0.012212449388579443,0.8529488380938658,0.48369239759316873,0.9808720307555675,0.9872398425943664,0.5116578201671077,0.5851794768324431,0.2835820608992587,0.20521166119532464,0.7053292270633756,0.23106060929292918,4.0
2021-04-27 15:19:30.160,0.5831317615390491,0.39854226251429503,0.6595931493496745,0.5046477455536875,0.005827714641110374,0.8500895148537072,0.49500600646475035,0.9908571472686548,0.988355270251738,0.4220935879285058,0.5540099751848918,0.4211087383296127,0.19869675115058183,0.7272726689085514,0.25378787555555565,4.0
2021-04-27 15:19:30.180,0.5293996735069086,0.5050406281479045,0.6891810429248936,0.5068059415405126,0.012969363010708036,0.8452623559765509,0.5110361640920568,0.97969037109144,0.9834971492300181,0.32384626973790115,0.5048944047130517,0.5490405069360773,0.17263844517395677,0.7586205346882228,0.28030303676767676,4.0
2021-04-27 15:19:30.200,0.4408143652252826,0.6057705642476445,0.7017328617856445,0.5060963843344407,0.03583885386531462,0.8367930095785423,0.5366234648346416,0.9442116306199834,0.9707434474513708,0.30680174030871765,0.4472780509132398,0.6785714270131902,0.14006489560200192,0.7868338064917061,0.3005050569696969,4.0
2021-04-27 15:19:30.220,0.3541821533414239,0.5913193564483192,0.7173706697397191,0.502168547195101,0.06448244423712993,0.8243744792455364,0.573340530366518,0.9003964813815708,0.9530336299781172,0.2595272641885939,0.3711145656270901,0.9634861432251053,0.110748801052418,0.8338559261641807,0.3333333333333333,4.0
2021-04-27 15:19:30.240,0.3075378243853467,0.5668758470538453,0.828452622729768,0.49306278993438246,0.09449454543170087,0.809425473913249,0.615988625259722,0.855257804419107,0.9322973971260944,0.0,0.2595740960058975,1.0,0.09446219304173359,0.8871472337890279,0.37373737373737376,4.0
2021-04-27 15:19:30.260,0.2649882111567166,0.677088291214369,0.8629912876509289,0.4824265035483606,0.14604367109879796,0.7897827564337299,0.6637187244189786,0.7796574442535414,0.8982235510345229,0.09257919446658383,0.20416880724115705,0.908182300300768,0.061888977020365735,0.9498432863513391,0.45454545454545453,4.0
2021-04-27 15:19:30.280,0.09799845811469651,0.7083120877893826,0.7291551118104367,0.48023613130353004,0.22875845748640672,0.759102731467633,0.7239472054245767,0.6637980789993828,0.8400390199032215,0.18515838893316766,0.1487635184764166,0.816364600601536,0.01954372948246927,0.9592473892828663,0.5265151482828283,4.0
2021-04-27 15:19:30.300,0.09442144308416488,0.059444521932177016,0.7953172621822998,0.48712070136463576,0.3335844959432335,0.6954804720096304,0.7977061876821315,0.5574379176259172,0.7688048488388769,0.47660395365359126,0.14477075199232267,0.8630064021469782,0.009771697965941607,0.9435734563930298,0.5669191886868687,4.0
2021-04-27 15:19:30.320,0.3508241341274721,0.0,0.8838369152321217,0.1973870226610137,0.36220610823697913,0.6175786227052621,0.922604815390359,0.495299842274511,0.6792327408812524,0.31982633764920965,0.09651382997604012,0.8272920774767334,0.0,0.9811911521310105,0.6161616161616161,4.0
2021-04-27 15:19:30.340,0.35839094931052984,0.5123287184536949,0.8195599636658079,0.20560772509524483,0.4137527602659906,0.5879573538812519,0.9638216122914417,0.40955914292848017,0.5941074258204839,0.10451843172792921,0.03898334748778555,0.6897654611293232,0.03583033749315367,0.9811911521310105,0.689393932929293,4.0
2021-04-27 15:19:30.360,0.112649273830717,0.7047882923737824,0.8534056805021332,0.21382842752947592,0.4652994122950021,0.5583360850572417,0.981910806145721,0.3609650780231785,0.5184383982263426,0.06898216467720401,0.0024901134133856083,0.421641787365473,0.06514643204273665,0.9592473892828663,0.7613636395959595,4.0
2021-04-27 15:19:30.380,0.0,0.582957573119379,0.7822602966479844,0.29069587257282514,0.5539813597627821,0.43950852838983306,1.0,0.31237101311787707,0.4427693706322013,0.18748998165857944,0.0,0.16897652255236822,0.1465796388714512,0.9263322265151018,0.8781565672727273,4.0
2021-04-27 15:19:30.400,0.011196707251454285,0.3837368010373614,0.6343641611839627,0.3569970853083648,0.5891950703141441,0.3484778740315609,0.9917537331707751,0.25098257017233994,0.2803492974009646,0.3407300187302102,0.03494761372073156,0.038912583980867055,0.2410423322390653,0.8840126398128416,0.946969696969697,4.0
2021-04-27 15:19:30.420,0.16584582463557299,0.26892666342594884,0.5230797847037829,0.41054842045069917,0.6060895276372122,0.2667644236412377,0.957297596625173,0.235756657427464,0.19084728184953362,0.4886637696618608,0.09556929474674768,0.06396592793390647,0.3420194353255417,0.8620688769646975,0.9734848491313131,4.0
2021-04-27 15:19:30.440,0.26805760221058234,0.19185997146781708,0.46002133429232156,0.4444681543000078,0.6223742135401451,0.2026512978653222,0.9024380659419267,0.22145965257641084,0.1268359628672336,0.5565203396663092,0.1568778759825968,0.17910447168598304,0.43648196191786226,0.8495298590540173,0.9734848491313131,4.0
2021-04-27 15:19:30.460,0.30271198008398764,0.1727866024500974,0.34178690887619745,0.4733378598138781,0.6445124891238452,0.14685197229903157,0.830716830553347,0.20262311884477863,0.07961318232051523,0.5277375761609466,0.2399106972095464,0.3438166237668062,0.5309444885101828,0.8463949440748626,0.9861111104646465,4.0
2021-04-27 15:19:30.480,0.38827135224841597,0.2942374438316914,0.17306100943776542,0.5128428439957998,0.6655939715476651,0.09070495840235411,0.7493695063532301,0.18533517999779883,0.03953726938144973,0.5005627890446558,0.35943672439784585,0.4253731262534274,0.55374600656561,0.8463949440748626,1.0,4.0
2021-04-27 15:19:30.500,0.6380343452137988,0.3651086366123847,0.03224109074728159,0.5572427563420157,0.67997935493801,0.042098999871673294,0.676132515327692,0.17390542078147492,0.009699745299343922,0.5666505824809629,0.4997424212066408,0.504797436959675,0.55374600656561,0.8871472337890279,0.9911616155151516,4.0
2021-04-27 15:19:30.520,0.8363517830112895,0.4438008152483517,0.0,0.5950965327518507,0.7002571013045101,0.01186979181118818,0.6181330563464701,0.15830366974443844,0.0,0.6507476968130029,0.6272540094761784,0.553304900095573,0.5309444885101828,0.8996865727026782,0.9671717171717171,4.0
2021-04-27 15:19:30.540,0.9075273137041519,0.5374045642369958,0.03432069064378305,0.62540647939672,0.7304498173434224,0.0,0.5765476715544662,0.136186385244377,0.008992862868175744,0.6859623503441256,0.7211059763874557,0.5447761146491952,0.48208466447812964,0.9404388624168435,0.9507575751111111,4.0
2021-04-27 15:19:30.560,0.9104196339818929,0.6190234960000158,0.09249569903608115,0.6518616396154795,0.7638949748238613,0.0007924884543046542,0.5488584101407357,0.11326097578038687,0.027527753089366468,0.6874095322135568,0.7839601779769731,0.5175906133840147,0.4332248404460774,0.921630014547854,0.9191919191919192,4.0
2021-04-27 15:19:30.580,0.9156732056367701,0.6487342706468413,0.14650488561144293,0.6636079185063781,0.7800283957946583,0.005623281494375268,0.5401482510748669,0.10299484180102966,0.03872041447218967,0.6600739492614793,0.8276661664699082,0.5143923187325463,0.40879476165475775,0.9278996840046783,0.9122474731313132,4.0
2021-04-27 15:19:30.600,0.9209267772916475,0.6784450452936669,0.20051407218680473,0.6753541973972766,0.796161816765455,0.010454074534446071,0.531438092008998,0.0927287078216721,0.049913075855012874,0.6147290555479957,0.8620985944908712,0.5362473300754309,0.38436468286343817,0.9341693534615024,0.9053030270707071,4.0
2021-04-27 15:19:30.620,0.9309037269779582,0.6910508908963381,0.3427643683598722,0.6993479622749286,0.8248976385001742,0.02449807290982128,0.519062597785362,0.0771829901026273,0.07126564806178233,0.6087795410526641,0.8865704774908788,0.5836886986300623,0.30293130925943007,0.9717867281965149,0.8358585923232323,4.0
2021-04-27 15:19:30.640,0.8923780460334738,0.5934346637343959,0.4594575116115971,0.7433761769637616,0.8646121924443314,0.047036006844433875,0.5066871035617259,0.06163727238358287,0.09261822026855178,0.6578227862388951,0.9011678062619515,0.6220682292120017,0.276872669732218,0.9772726689085514,0.8106060606060606,4.0
2021-04-27 15:19:30.660,0.8345834877786853,0.4693788578378985,0.5205007013860872,0.7746493340354357,0.9198906416381607,0.08391088079486521,0.46819476132838567,0.028726206826406094,0.14543417929963076,0.6792892514948099,0.9335394247153463,0.5730277157313232,0.250814030205006,0.9827586096205869,0.7853535288888889,4.0
2021-04-27 15:19:30.680,0.8178202899322494,0.4034979540999384,0.5277477631270351,0.7744356801464267,0.9622713259014251,0.1268560449708854,0.44116033407472177,0.012269428862973636,0.18019702399085463,0.6883743332879745,0.9659110361404787,0.5389125752547321,0.18892505318464117,1.0,0.7323232323232324,4.0
2021-04-27 15:19:30.700,0.780891547753706,0.46298819946148484,0.5139729783235156,0.7488658090043844,1.0,0.1904336169412656,0.41503926234969585,0.0,0.21557312445716026,0.7293776879738957,0.9761291669830556,0.46055437134634003,0.17263844517395677,0.9937301700416906,0.6717171717171717,4.0
2021-04-27 15:19:30.720,0.6808803066941749,0.5544396548013569,0.5439773037645476,0.21433219811841384,0.8285683407306891,0.5304696584675266,0.6140102603292354,0.07758819400403248,0.3925634448551619,0.7824409047332084,1.0,0.33848614213433836,0.14006489560200192,0.9874606610863497,0.6338383903030302,4.0
2021-04-27 15:19:30.740,0.6636992176971332,0.5950942419736711,0.514464133432401,0.23288857317654535,0.9555917177885205,0.6384902720820808,0.4010375210959793,0.014676163636132208,0.38997471662414673,0.8519054633668894,0.99639361576247,0.20095948215625406,0.1465794720961577,0.9968650850208454,0.5757575757575758,4.0
2021-04-27 15:19:30.760,0.5843728971971897,0.4531175885768961,0.6548803605436089,0.1603089238995256,0.9766631878677082,0.7633886677805275,0.3007615042154803,0.007323762192357072,0.40856768131675253,0.9630165510798434,0.9422977819168934,0.10980808829801317,0.13192159159665925,0.9514104228379481,0.47601011070707067,4.0
2021-04-27 15:19:30.780,0.46673452884179834,0.46872302632815316,0.8712460629934856,0.06997761540160788,0.9114163894621449,0.8794222224417443,0.22904475912780498,0.032354467931789546,0.4707989309481711,1.0,0.8727460256651345,0.03571428103957057,0.13436459947579094,0.9043885439176993,0.42171717494949496,4.0
2021-04-27 15:19:30.800,0.5015363357521997,0.6949189151281757,0.9397194561278931,0.04994824837843591,0.807679546860914,0.9244568000629333,0.18889499934515752,0.08578119898309076,0.5486580670736154,0.8842257399976859,0.8274944449315812,0.0,0.13680760735492356,0.8573666649974505,0.3674242391919192,4.0
2021-04-27 15:19:30.820,0.6717763459436622,0.9430384802642561,0.8176772491348814,0.05170565548120351,0.7196317734493035,0.9465557706203642,0.15581287821465037,0.14395706503042155,0.6110969523508428,0.7469046245210198,0.7883393759054687,0.019189774017104498,0.14413654760467326,0.8221002357445784,0.3396464614141414,4.0
2021-04-27 15:19:30.840,0.730085918015142,1.0,0.705667924350161,0.057192591434273604,0.6541319964693725,0.9608555980023106,0.12662176693440552,0.19465559608793642,0.6555415538240517,0.6923942653766659,0.7476386935539503,0.12420040790317304,0.15146548785442202,0.786833806491707,0.31186868363636366,4.0
2021-04-27 15:19:30.860,0.6677750715695379,0.8496761596077886,0.7709485919281754,0.058270982257180505,0.5996948787053525,0.9745491138244319,0.09388705180413501,0.24147330104748882,0.6907670052555782,0.7163530906334037,0.7163833213257811,0.20149251810291208,0.17263844517395677,0.7335424988668588,0.28030303676767676,4.0
2021-04-27 15:19:30.880,0.6713501742298029,0.739552794548495,0.8696840616130983,0.058463863012587027,0.5416053557798319,0.9849732851546399,0.0634546830626908,0.2959871822332376,0.7270303557539004,0.6906254831490954,0.6935428667366363,0.2340084962011862,0.166123535129214,0.7178685659770241,0.27020202666666665,4.0
2021-04-27 15:19:30.900,0.7672496882928406,0.7738041111999774,0.8951528450469557,0.05893797663844556,0.4870356235295594,0.9915231476835596,0.03964444181265234,0.351355882814575,0.7600428880451211,0.5970413188218021,0.6671818781367311,0.2574626668682404,0.16286608010684211,0.7147336509978695,0.25378787555555565,4.0
2021-04-27 15:19:30.920,0.836677798010083,0.8211767520945281,0.8467439203624839,0.058143116990133775,0.44763657623359926,0.9952186797633599,0.023952373019476357,0.3937603621429192,0.7831818878137652,0.5259688005141078,0.6419371603609705,0.3118336859782575,0.16938099015158492,0.730407583887706,0.2613636395959595,4.0
2021-04-27 15:19:30.940,0.8630399324609663,0.7726540942806706,0.8102044413792644,0.05517462735871198,0.4208008226613517,0.9974277890155732,0.013688794772330044,0.4237792991215615,0.798582370485292,0.4936484949280919,0.6227889542926506,0.40405116918208406,0.18241014313989745,0.7241377539293967,0.26010101656565654,4.0
2021-04-27 15:19:30.960,0.869241366760732,0.7605701546811611,0.8070989802855035,0.04876064391056804,0.3988107886743499,0.9994830386522472,0.004426770227612169,0.4490501802643723,0.8108889503045835,0.4667953059324914,0.6031255533878208,0.4509594843377878,0.17589556664574166,0.7241377539293967,0.26641415757575754,4.0
2021-04-27 15:19:30.980,0.8944353077685959,0.7533580233631899,0.7858715747428857,0.04092919022170598,0.38131543361697706,1.0,0.0,0.46958128605056565,0.8207639658766025,0.4610065929323758,0.5811866892354485,0.46401918571636436,0.16938099015158492,0.7210031599532104,0.2651515086868687,4.0
2021-04-27 15:19:31.000,0.9274768514015118,0.6784343468446783,0.7661496152461904,0.03355426813200652,0.36863523104565,0.9986041534961725,0.0017254985085827868,0.48469442655471223,0.8282416233005563,0.5362598448239774,0.5765069705323789,0.46801705784838377,0.166123535129214,0.7335424988668588,0.26262626262626265,4.0
2021-04-27 15:19:31.020,0.9627130826389988,0.5534747376362958,0.7523988687958086,0.028095839989944114,0.3548661565475237,0.995284094695818,0.008848825222734965,0.5013241814460941,0.8366787788187039,0.5367824378381122,0.5770436357620938,0.46588486170494275,0.166123535129214,0.7021943120842209,0.2613636395959595,4.0
2021-04-27 15:19:31.040,0.9920371844216699,0.5014146501044061,0.7529884543997073,0.024201257543630898,0.3321497956696413,0.9912245406307645,0.021388169609978372,0.5461560967456327,0.8577562090045876,0.5373050308522469,0.5775803009918088,0.4637526655615017,0.15960895863505725,0.6959248031288799,0.2689393777777778,4.0
2021-04-27 15:19:31.060,0.9598846281728843,0.5649840958847744,0.7144109297358167,0.020644958948310196,0.3052824737637305,0.9870905805937333,0.0367921926813277,0.5877704751606689,0.876489025259647,0.4571474531258758,0.5688648616645361,0.46321961216257396,0.1465794720961577,0.7021943120842209,0.27904038787878793,4.0
2021-04-27 15:19:31.080,0.8885980255438973,0.6271126430405436,0.7421653636378815,0.016643434642285397,0.28604777812330184,0.9826155654102274,0.1811256582883178,0.37368495250356537,0.7774240006951141,0.4426756739159524,0.5670616681401185,0.46588485734187535,0.14332235062437285,0.7053292270633756,0.2739898957575759,4.0
2021-04-27 15:19:31.100,0.9241731361478545,0.5027791418991352,0.707458706500971,0.20163079706336848,0.4660572682554491,0.9343269498826714,0.1432820483209861,0.4482382989928301,0.8141018264364556,0.46382055065904515,0.5703245906760989,0.4784115093573616,0.11726371109716079,0.6927898881497253,0.284090905858586,4.0
2021-04-27 15:19:31.120,0.9422066921411548,0.405174343832194,0.7036879188811006,0.12192158734320376,0.3380953811287328,0.9608580545759712,0.10543843835365442,0.5227916454820948,0.8507796521777969,0.48496542740213777,0.5735875132120795,0.49093816137284785,0.12052116611953265,0.689655294173539,0.28914139797979804,4.0
2021-04-27 15:19:31.140,0.9420375650569057,0.38091049680893463,0.6902694355285234,0.08217993087231514,0.254548156629193,0.965719005479394,0.08599446073481366,0.6291302651577546,0.8953362282458458,0.5044219304305313,0.5783960318542225,0.5255863493582256,0.12052083256894565,0.6912225911616321,0.2803030303030303,4.0
2021-04-27 15:19:31.160,0.9222661278735064,0.39912647412809005,0.6834166320296897,0.07775962019286482,0.24182933781886368,0.9630148074536827,0.09369174287563986,0.6461381204270976,0.902116643060009,0.4905933402231839,0.5776232343282608,0.5538379482588197,0.1221496434677788,0.6990595576065495,0.28819444686868684,4.0
2021-04-27 15:19:31.180,0.8967844339827166,0.3800454307562959,0.6702638746534559,0.07269027726299208,0.2322129127049192,0.960866387383589,0.09996674928015019,0.6591131540351554,0.9071815186216922,0.4793375119487991,0.5775373679364872,0.5788912551257861,0.12377845436661103,0.7068965240514679,0.2960858634343434,4.0
2021-04-27 15:19:31.200,0.8712415515986734,0.3560895273081891,0.6807874894611302,0.06680591148576621,0.22465168819909717,0.9593618519683502,0.10438631669855683,0.6693843517662125,0.911103338187267,0.47419199176808374,0.5771080359776196,0.5581023405457018,0.12377828759131752,0.7147336509978695,0.2967171878787878,4.0
2021-04-27 15:19:31.220,0.8447242430112153,0.36956205592210317,0.6734583268111816,0.06146181513519901,0.21805708685532277,0.9576995651038065,0.10941795628344676,0.6783919359173092,0.9145214443715133,0.47017205309866056,0.5765928376269787,0.5191897604915955,0.12052116611953265,0.7115987360187147,0.3093434181818182,4.0
2021-04-27 15:19:31.240,0.841678322624734,0.42403305883767106,0.6365787341785935,0.05741866500528744,0.21240802385372387,0.9552429231771556,0.11711536838474437,0.6861440416960937,0.9174968515732711,0.46792088744378363,0.5750472425750554,0.5015991427445134,0.10749167958063312,0.730407583887706,0.31186869010101,4.0
2021-04-27 15:19:31.260,0.8581724941063139,0.45283451922737694,0.6068278043428371,0.05432041842571652,0.2077515768461192,0.9519570281852958,0.127610036344029,0.6925592132606706,0.9199904683539932,0.48319665307144527,0.575304841750376,0.5101279260093574,0.10912024031652555,0.7343260671101642,0.30271464404040394,4.0
2021-04-27 15:19:31.280,0.8696445606103138,0.4163191229899169,0.6036173882323222,0.051551050329413255,0.2016667412684502,0.9486213485078843,0.13831415393079732,0.7009763100055353,0.9231256523236593,0.5129442005413231,0.5795122949472781,0.5309168398913509,0.110748801052418,0.7382445503326225,0.293560597979798,4.0
2021-04-27 15:19:31.300,0.8618610518102662,0.3674189467673873,0.6099465517354151,0.04854292379115167,0.19155317379545594,0.9461038333485057,0.14637416241205103,0.7150503022509807,0.9281193851311904,0.5307927282335619,0.5835480153606333,0.546375261756776,0.12377828759131752,0.7147336509978695,0.29292929292929293,4.0
2021-04-27 15:19:31.320,0.8496962512430866,0.36675481359296164,0.6074426503273576,0.045154604709808636,0.17868760542409926,0.9442305679334609,0.15239440713778232,0.7331050674312212,0.9343314430559613,0.5168033429801157,0.5858664079385182,0.5586353895815622,0.12052116611953265,0.7210031599532104,0.30303030303030304,4.0
