2021-04-27 15:35:14.960,0.3332039956378522,0.8038393262925925,0.2451735481001527,0.992697561352867,0.43735495630998783,0.42371610258899317,0.891190621122403,0.38252897108728745,0.8392116564467801,0.5534878048219412,0.28281982989802457,0.5550681146652301,0.9245063421993972,0.5124377830647661,0.08558561078180828,6.0
2021-04-27 15:35:14.980,0.16870155126801034,0.7449772017277233,0.570094014189629,0.9891781784941159,0.436453761562004,0.42726880140379675,0.8692696470673602,0.37243480521180483,0.8415062275866737,0.574123330100391,0.29765011738864305,0.5624567045062994,0.9152149395060991,0.5273632246330672,0.08708710840945391,6.0
2021-04-27 15:35:15.000,0.2580518170839603,0.7773178295182533,0.2212446146327621,0.9858120776470933,0.4451625034286995,0.43031296370551375,0.8592231242338915,0.3740165354425417,0.84572829561033,0.5693125935928304,0.2926370618963553,0.583929808496674,0.9163763053770229,0.5174125906189331,0.07957958952047521,6.0
2021-04-27 15:35:15.020,0.161516572426042,0.7396591198061202,0.5594506269480682,0.9834376278075867,0.4438631377938382,0.43296496883663443,0.844316120531705,0.3749029597580338,0.850926441825354,0.5572857538782614,0.2791644776437047,0.6003232505929341,0.9175377901794235,0.5273632246330672,0.09609609417532852,6.0
2021-04-27 15:35:15.040,0.15247425224679106,0.7402727156035073,0.3309652534437311,0.9792100820546479,0.4431359583175832,0.436752823453687,0.8359098884791885,0.36955340518310836,0.8505185603828933,0.5590581301045442,0.28793732360117125,0.6028630796501011,0.9175377901794235,0.5273632246330672,0.08108111789887101,6.0
2021-04-27 15:35:15.060,0.14343193206754012,0.7408863114008943,0.10247987993939396,0.9750684578366473,0.45195743854804465,0.44023961976729625,0.8275036564266719,0.3642038506081829,0.8501106789404326,0.5660210398164627,0.31425586173002357,0.6160240120372396,0.9186991560503472,0.5074629755105992,0.07957958952047521,6.0
2021-04-27 15:35:15.080,0.31891117851219014,0.7531645895237848,0.4411474678680199,0.9723171293344844,0.45187067862075203,0.4427604731455298,0.8173791648767903,0.36430862617786175,0.8530173642226406,0.5548803861425918,0.2725848433465733,0.6264142218165594,0.9233449763284735,0.5074629755105992,0.08708710840945391,6.0
2021-04-27 15:35:15.100,0.1642576695777938,0.7182478719475233,0.1145485729365889,0.9675666689658968,0.4506693333320122,0.44764243096063955,0.7978801033552327,0.3657589917025816,0.8589186203527637,0.5446259236905272,0.2984856273497262,0.6211036692066286,0.9186991560503472,0.5074629755105992,0.07957958952047521,6.0
2021-04-27 15:35:15.120,0.4775939041757943,0.7932163901548482,0.31178655745087985,0.961315786723409,0.4585730120189851,0.45290549958138765,0.7800312151734512,0.35637491296661544,0.8581105758592836,0.5275351529370862,0.3264751815539548,0.6368044315958792,0.9186991560503472,0.5124377830647661,0.08108111789887101,6.0
2021-04-27 15:35:15.140,0.2364453435051548,0.7321088801467281,0.559145934823078,0.9569692453578195,0.4618006289072931,0.4575494110352962,0.76846385256721,0.3561359700522245,0.8605661478206525,0.49930373161843905,0.3034986819871717,0.6370353253355197,0.9198606408527482,0.5149254415682997,0.09534536073688069,6.0
2021-04-27 15:35:15.160,0.17621274765683656,0.7180399452941902,0.14383913733250053,0.95262270399223,0.4650282457956011,0.4621933224892047,0.7346303425378299,0.34858559852788173,0.8630035123758949,0.5020888952959622,0.30590076981277214,0.6217963508035284,0.9192798984515477,0.5236319916042155,0.09797298927294826,6.0
2021-04-27 15:35:15.180,0.4720748849337155,0.7726247332678553,0.24319131392134466,0.9469939376964361,0.4768582395219687,0.46832199716484113,0.7171490654560213,0.34152997133286883,0.8618820558062552,0.5048740579372637,0.3029764870860867,0.6127915004382276,0.9186991560503472,0.5323385416401314,0.10060061780901584,6.0
2021-04-27 15:35:15.200,0.3731984018116441,0.7235761825142879,0.35295490703021437,0.943775259307876,0.4783171552800816,0.4714189349470596,0.6996677883742128,0.33447434413785593,0.8607605992366156,0.49854414206623043,0.30357700946990795,0.6119833739558923,0.9245064016651358,0.5298506284101492,0.10660662369497387,6.0
2021-04-27 15:35:15.220,0.2743219186895726,0.6745276317607205,0.462718500139084,0.9405565809193159,0.47977607103819453,0.47451587272927814,0.6701464016587991,0.3281459635072547,0.8608497796640445,0.4922142261951971,0.30417753185372914,0.611175247473557,0.9241192598862482,0.5306799328201433,0.11161163116250145,6.0
2021-04-27 15:35:15.240,0.3311212355100817,0.7216365349974037,0.27578108999603634,0.9367073142692316,0.4843511245060898,0.47823701578301264,0.6495011685634521,0.3206418534870139,0.8585006846898724,0.46550198605341053,0.2936814482791565,0.6079427396543254,0.923732118107361,0.5315092372301373,0.1166166386300289,6.0
2021-04-27 15:35:15.260,0.34778124600309246,0.7075535398548453,0.3089202392818678,0.9328580476191471,0.48892617797398497,0.4819581588367472,0.6318624168589344,0.31322766145824116,0.8554642022147468,0.46018485322967584,0.2882506399434327,0.6049411216059651,0.9233449763284735,0.5323385416401314,0.12162164609755648,6.0
2021-04-27 15:35:15.280,0.3644412564961032,0.693470544712287,0.3420593885676993,0.9257706915039265,0.4984336354882492,0.4880229468326119,0.6161266057886196,0.30635814249766724,0.8522399330531101,0.4590454705852229,0.2862663055596579,0.6025167393241239,0.9233449763284735,0.6218906815970321,0.14114117675845134,6.0
2021-04-27 15:35:15.300,0.3772906934791358,0.6744065761607939,0.36071369366777867,0.9220348388336417,0.5028286002372093,0.4908683301800728,0.6092016889507015,0.30328515845941023,0.8505994469247817,0.4579060879407701,0.284281971175883,0.6000923570422826,0.9227642339272734,0.6393035269424167,0.155405419596461,6.0
2021-04-27 15:35:15.320,0.3901401304621685,0.6553426076093007,0.37936799876785804,0.9182989861633568,0.5072235649861695,0.4937137135275336,0.6022767721127833,0.30021217442115317,0.8489589607964534,0.4648056953930851,0.2791122582390804,0.5861232972278637,0.9209494882556951,0.6560945531843346,0.16291292887583042,6.0
2021-04-27 15:35:15.340,0.39647087576025214,0.6418910532289481,0.38047485399996533,0.914563133493072,0.5116185297351296,0.4965590968749946,0.5953518552748651,0.29713919038289616,0.8473184746681252,0.47727562916422483,0.28334202308942513,0.5827753426333063,0.9191347425841169,0.672885579426254,0.17042043815519986,6.0
2021-04-27 15:35:15.360,0.40280162105833567,0.6284394988485955,0.3815817092320727,0.9058214696539938,0.5179898453522358,0.5029444454194902,0.5701116857537395,0.2892973938397516,0.8426777092982117,0.4586656798244773,0.2826109530488854,0.5744631710300703,0.9173199969125386,0.689676605668172,0.17792794743456927,6.0
2021-04-27 15:35:15.380,0.40858352664096376,0.6158921996320391,0.38314319268947783,0.9014812198182495,0.5221088570181536,0.5061057439359522,0.551356765932756,0.28339739024572685,0.8386534187078829,0.4267628932442848,0.2826109530488854,0.5719233419729032,0.9155052512409605,0.70646763191009,0.18543545671393868,6.0
2021-04-27 15:35:15.400,0.3282601195001095,0.6695784904445367,0.41711512566981956,0.13967990535532512,0.6035840561056612,0.46493331724414394,0.6925226022701491,0.20014253753296884,0.7668309490739772,0.38011142470170334,0.2697650001130102,0.5674209196250881,0.9082462685546483,0.751243829251766,0.204204200122573,6.0
2021-04-27 15:35:15.420,0.34145846636944227,0.6518113232635416,0.40695538853865976,0.11556616452873097,0.5844464737281114,0.48979890737432336,0.5802526858058947,0.22509594793150048,0.7964786521098821,0.4166350290940976,0.26485638411384477,0.571692454091922,0.9036004482765224,0.7860695199425323,0.22672674141413454,6.0
2021-04-27 15:35:15.440,0.3701606598606539,0.6344283916613785,0.3748700973989501,0.09126607458005954,0.5653342453550101,0.5136009014787045,0.5008921531290743,0.24389855450406012,0.8083949313018731,0.47018612218665057,0.2792689161965006,0.5770030000872373,0.9047619330789229,0.8109450860720674,0.2342342449277383,6.0
2021-04-27 15:35:15.460,0.3835456242118302,0.5204362518332004,0.38791056634971127,0.08013998828089341,0.560537435948756,0.5241433305665086,0.4866301805040417,0.24261877266145612,0.8060562460003691,0.4656285812466231,0.28219319806834386,0.5887785730603565,0.9001161128007967,0.8308458446474327,0.26276277672988274,6.0
2021-04-27 15:35:15.480,0.386093522452923,0.47570881435235535,0.38195092785104456,0.0756412727144781,0.5621613720610823,0.528394411974798,0.47149123930375136,0.2409537717233356,0.8030468350215412,0.37650337879741796,0.26872061338827213,0.584391595597977,0.8954704114541477,0.8507466032227979,0.27177177787113227,6.0
2021-04-27 15:35:15.500,0.36891438186249853,0.5361562852697963,0.3731059100146624,0.07001660322881594,0.572432876344046,0.5330095832542939,0.4570322129101268,0.23053351614083195,0.793026890342604,0.2564882031248008,0.2441775328795398,0.5462941559606909,0.8931474418493462,0.8706468523452661,0.2957958014149644,6.0
2021-04-27 15:35:15.520,0.36758777160430695,0.6274192248556405,0.3777247914949344,0.06335209644504178,0.5943668614316598,0.537561661285816,0.44642728838346435,0.2089420505134124,0.7736400175237954,0.1450816767483084,0.2215143458082282,0.48349111018346896,0.8850174050269719,0.9054730524889324,0.3393393556196914,6.0
2021-04-27 15:35:15.540,0.3677823566920085,0.6611192381834317,0.39305671635821937,0.055672361093402345,0.627748161465695,0.5420466845176672,0.4409720635084586,0.17786263784479747,0.7444444592549544,0.05266489565341718,0.20093993406704555,0.4114523148206244,0.8641115111040968,0.9825871546546154,0.41441442150647934,6.0
2021-04-27 15:35:15.560,0.3884532073612913,0.6348191884162384,0.4109807711216695,0.04687453100929936,0.6714055793548447,0.5465628898995347,0.4415140976230079,0.14060568848881105,0.705523727769795,0.0,0.1844386283639452,0.33664280818930226,0.8304297600807211,0.9950246829929329,0.5075075204265164,6.0
2021-04-27 15:35:15.580,0.42284969577490905,0.60985258208059,0.4130439338724156,0.03675853136324143,0.7215309364061087,0.5513761275492922,0.4475585640632421,0.10280725496442314,0.65932551795421,0.02266113023135704,0.18161879453364652,0.26437312494547666,0.8002322256015939,1.0,0.5675675792860967,6.0
2021-04-27 15:35:15.600,0.4508135772041981,0.5173699585007664,0.4084455409554106,0.026202250040584903,0.7709366174866068,0.5561341473924888,0.4580374564875368,0.07101140879655408,0.6124287810184443,0.10684895434981691,0.18955612420419748,0.19649044373260258,0.7735191455296692,0.9950246829929329,0.6111111181154486,6.0
2021-04-27 15:35:15.620,0.4660464281556864,0.40166795044669756,0.4155531622005235,0.0173038948262444,0.8129510257033974,0.5592412487416536,0.4720660173096228,0.048404444765789645,0.572279784326816,0.1814154090753158,0.199999988032209,0.14430847860667012,0.7479675502601449,0.9751244338704649,0.627627638145677,6.0
2021-04-27 15:35:15.640,0.45424013307920863,0.30625654606805663,0.4256417480367753,0.010469161401081164,0.8480904889321333,0.5602434708553437,0.48796083145849667,0.03271442896582422,0.5389508370201983,0.21192559671909028,0.21075716350084972,0.10598014541873232,0.7119628296319678,0.9651743093092338,0.6906906922605488,6.0
2021-04-27 15:35:15.660,0.43833826338652915,0.3788323713582085,0.41128778131403343,0.004058907670580241,0.880537380627175,0.5605509018459822,0.5040785468744897,0.02088154467000512,0.5080065806903873,0.2053424808765821,0.20355090002404844,0.08150544416878927,0.679442563410993,0.9054730524889324,0.7117117205490895,6.0
2021-04-27 15:35:15.680,0.43512332277431415,0.4874842582257174,0.3784924983773528,0.9984002931866843,0.9143365959855027,0.5623245723696993,0.5200907639007044,0.011305413320893107,0.4750806654421338,0.20597546720486082,0.19268928335260094,0.06349575477752889,0.6469221782585411,0.8805969769065001,0.7597597676367537,6.0
2021-04-27 15:35:15.700,0.4527080851707556,0.4867185438155189,0.3801571920332864,0.9872315526840727,0.9483969374633289,0.565335245120801,0.5367733354605946,0.00452500389831769,0.4416795042050635,0.2792125895039,0.18804176266687248,0.04086819437323753,0.620209098186616,0.8009949615108334,0.7852852888082316,6.0
2021-04-27 15:35:15.720,0.4876613935249457,0.4487693981739925,0.41513181206128663,0.9840728842031043,0.9771836666582446,0.5598747129136661,0.563528498760228,0.00042309064916586797,0.4035309733462871,0.29978481614952196,0.1749347148449814,0.021011307439620548,0.5772357066069883,0.741293704690532,0.8048048040937514,6.0
2021-04-27 15:35:15.740,0.49775689180433885,0.5206276221987283,0.40968100240620486,0.03639140701042253,1.0,0.49473645055397525,0.5893656251860213,0.0,0.3691418291242076,0.22040767154643456,0.1572845909595375,0.0,0.5528454772083878,0.7014926969926987,0.8558558587370072,6.0
2021-04-27 15:35:15.760,0.38066704703054083,0.6103471317479522,0.4485081357796501,0.3941467563784477,0.99389150661803,0.12451381275043213,0.680741542757917,0.03349256543045249,0.28211565044776193,0.15179139814624515,0.1526892925848969,0.003925226268989333,0.5284552478097874,0.5771143568921316,0.8993994006414342,6.0
2021-04-27 15:35:15.780,0.4061153394040898,0.6463727843542137,0.4083763491916313,0.5686169587037359,0.7796845385924175,0.10200063407256313,0.7721174603298127,0.06698513086090482,0.1950894717713163,0.19736677645987194,0.16229764217761414,0.03855925886672209,0.5040650184111873,0.4328357676690995,0.9324324330142034,6.0
2021-04-27 15:35:15.800,0.43641286347445235,0.6386164470936819,0.40583760912747946,0.5950008326000182,0.8239372105009278,0.07918547469174056,0.7032547117915918,0.04318093706961359,0.21348574363591336,0.35536145305790756,0.17211487246626053,0.08035096696608064,0.4773519383392622,0.3283581861439006,0.9639639639154831,6.0
2021-04-27 15:35:15.820,0.4798313065250576,0.6177861963473658,0.4177486012628628,0.6058833342739276,0.839603487522011,0.06285964819514454,0.6771142781502385,0.03726977232629811,0.22033985772262515,0.5065198358616692,0.17033941647034076,0.10736551050242192,0.46806041671448695,0.2786065444319331,0.9669669668584621,6.0
2021-04-27 15:35:15.840,0.5137391306441188,0.6514563174019999,0.4199585600878726,0.6173255493940831,0.864291052700329,0.042484908394514014,0.650973844508885,0.03135860758298264,0.22719397180933698,0.5665274299153074,0.16449085101696992,0.11960285167794278,0.45063885826733746,0.28855717844606726,0.9714714712729307,6.0
2021-04-27 15:35:15.860,0.5256116477078805,0.7445530547667918,0.38939130543874645,0.6112050376829891,0.8724769436989792,0.03894480075357518,0.6240766636422019,0.023580970805478555,0.24247178820022985,0.5577921470857707,0.15613575995456072,0.1433849081838442,0.4390243670377607,0.26865692932359925,0.9669669668584621,6.0
2021-04-27 15:35:15.880,0.5444595862607101,0.8231940932184615,0.3446870468942483,0.6020431516732473,0.8739342957967323,0.03766667464771207,0.6220291703877471,0.02308107707668725,0.24361690931994504,0.5222180232220163,0.15049607519711894,0.19233432958263205,0.43089433021538603,0.22388060461869883,0.9729729727444202,6.0
2021-04-27 15:35:15.900,0.5687528953433226,0.865709074048502,0.2878570333220911,0.59618840588798,0.8692636061777197,0.03213841756952941,0.6169316242698998,0.024701487314543146,0.2377874418470619,0.49069504812700143,0.1528981647324038,0.22996998022872503,0.43321718088871075,0.21890528761163175,0.9834834830448467,6.0
2021-04-27 15:35:15.920,0.602424628273523,0.8506308360043885,0.24275641200361517,0.5921365686985591,0.8606055103927782,0.02461351600693974,0.6097629506031411,0.027846191655518736,0.22771999351553565,0.47195850152159813,0.16135770041698863,0.2493650536025766,0.42218355099181126,0.16169117984196668,0.9924924918737837,6.0
2021-04-27 15:35:15.940,0.608531333386606,0.8385423813078428,0.2517019963909474,0.5887051780753771,0.8504246261623519,0.016505287872476272,0.6008350137722824,0.03177779070704472,0.2162688457919978,0.46980632624479696,0.18569189544267545,0.2761486903590352,0.411149802163435,0.10945289853226595,0.9924924918737837,6.0
2021-04-27 15:35:15.960,0.6129973589638633,0.8551606461809036,0.21730752207768123,0.5858907419755125,0.8392664490464293,0.00816993638134878,0.5901620013412244,0.03637528593314957,0.20415502719273093,0.48677049662391747,0.22245429355274923,0.31378435990402986,0.40185828053865974,0.019900249122465144,1.0,6.0
2021-04-27 15:35:15.980,0.6263707485425921,0.8620039118070949,0.1731365285641942,0.5839486616738535,0.8293599639864765,0.0,0.5780593359399969,0.04070877618730139,0.19375376477872025,0.5025952895396931,0.26318536504652074,0.3770491890027745,0.3855980879624336,0.009950124561234019,0.9954954948167628,6.0
2021-04-27 15:35:16.000,0.6348917651997807,0.8790370993650659,0.1089100014163137,0.5844155419599056,0.8202866054231993,1.0,0.5626553666091535,0.0448844383585265,0.184740543351907,0.5099379889761357,0.31195821168786103,0.45693834996865046,0.3786295359424599,0.0,0.9924924918737837,6.0
2021-04-27 15:35:16.020,0.641223526833553,0.9595573909081426,0.055009553749104614,0.5878745958057862,0.8103746501322847,0.98935943475358,0.5433953101655498,0.04967093204022465,0.1758060419009637,0.5156349104881729,0.3857963366454822,0.5372893018156099,0.35888500789050887,0.03482569069076624,0.993993994114042,6.0
2021-04-27 15:35:16.040,0.6872380115682493,1.0,0.040059515742989014,0.5936654536485648,0.7996409216542376,0.9793791841962293,0.523515422078039,0.05511694409690685,0.16701675538373675,0.5598177188795866,0.456710174602207,0.5892403601616596,0.3286875923428585,0.03482569069076624,0.9774774771588887,6.0
2021-04-27 15:35:16.060,0.6849947150544184,0.89621655256883,0.014753097804102439,0.6016946218219239,0.7928071582162538,0.9698673948370636,0.5041012815635031,0.05872632952665827,0.16291917181152046,0.6026079495771252,0.5320626354518866,0.628145923446446,0.29384435651708224,0.05970125682029846,0.9714714712729307,6.0
2021-04-27 15:35:16.080,0.6505337247555611,0.8475513325253937,0.009654655086858716,0.6118635121228654,0.7902692394009218,0.9600056263566492,0.4848220207271977,0.06009459211011744,0.1639664991344104,0.5594695766580887,0.5888511439481462,0.6601246821015759,0.2590012396227828,0.06965138138153248,0.9429429425458613,6.0
2021-04-27 15:35:16.100,0.6631184572540664,0.8717049119919491,0.0,0.6217054574666804,0.7837779743482911,0.9524490716315275,0.46075548769036906,0.06745497706907073,0.1562437438819371,0.5163312037390522,0.645639652444406,0.6921034407567059,0.21951218351888035,0.04975113225906734,0.9189189190020292,6.0
2021-04-27 15:35:16.120,0.6801661672934749,0.8639614775972096,0.051142170383556104,0.6307166561111099,0.7705357218054387,0.9480199839395947,0.44200973655198716,0.08219690151943532,0.1360078130940734,0.46271682341210907,0.7353524324689181,0.7559454999522991,0.17886176154405414,0.0,0.888888889572239,6.0
2021-04-27 15:35:16.140,0.6729124697924066,0.8094732694323173,0.1156744276920914,0.6390480072293371,0.7525490450586847,0.9465163886281655,0.8398206436539821,0.16349444346786257,0.07694831940277931,0.43676417256347566,0.8099216441365021,0.8316785959053489,0.14518001052067847,0.0,0.863363365325686,6.0
2021-04-27 15:35:16.160,0.5032595137756877,0.7183929552939785,0.11778025020607873,0.697394972210668,0.6440472409971558,0.08756784332508814,0.7232375103747762,0.1343391859885024,0.08327161952544841,0.39549312407901915,0.8944124879727975,0.913414927955119,0.10801392402157753,0.019900249122465144,0.813813820610376,6.0
2021-04-27 15:35:16.180,0.560901538097387,0.7618834735488647,0.1513004326125078,0.8395147648897799,0.7182324955086308,0.515155851032423,0.6066543770955704,0.10518392850914227,0.08959491964811753,0.36434993974475005,0.9679373474512691,0.9697529505343172,0.06504065137342664,0.024875566129532223,0.7777777852946278,6.0
2021-04-27 15:35:16.200,0.5447282910502741,0.7129225323468172,0.23971540373601136,0.9228585423020031,0.6726013512007178,0.9866619348599784,0.5177303214944864,0.13964093401491712,0.04720824639035084,0.388910008236511,1.0,1.0,0.03252032568671332,0.06467657382736555,0.7072072122907772,6.0
2021-04-27 15:35:16.220,0.4749872623143192,0.60635361553605,0.26186353129798523,0.9589889797200931,0.6357433684699686,0.9844577084310288,0.505683414162664,0.17074707954493162,0.016124011699964334,0.49132803756394494,0.9370234660685599,0.9667513324859569,0.015098707773825193,0.10945289853226595,0.621621632259719,6.0
2021-04-27 15:35:16.240,0.3603128815141681,0.3833267476723935,0.42505434084862664,0.9930803762097957,0.6157375365844919,0.9830019152826797,0.49791362937924827,0.18879205742254562,0.0,0.6085580671748062,0.9062140378564483,0.9074116918583984,0.0,0.1691541553525673,0.5510510592558683,6.0
2021-04-27 15:35:16.260,0.2715744478414195,0.17608136214134823,0.5228829708402408,0.02291357054421381,0.6168404073947285,0.981457891396962,0.4930588037971752,0.18777681952087433,0.0014359381761923455,0.6776807420722778,0.8772845786498096,0.8102054824655234,0.004645760812387617,0.22885541217286579,0.4504504568222275,6.0
2021-04-27 15:35:16.280,0.34569122203581953,0.3102265901848541,0.5904217742691465,0.05310831534011533,0.6336279785510799,0.9803749270841786,0.49254517974656087,0.17261743664718318,0.015697151646968922,0.6689454561340765,0.7825587431330097,0.686215651435311,0.002322850673324684,0.24378085374116687,0.40240240973456326,6.0
2021-04-27 15:35:16.300,0.30367258482723997,0.4002650118112581,0.7392072311474892,0.0750809015490541,0.6549393791069049,0.9811735175904391,0.4988375067012418,0.15419543200254626,0.033454764703948314,0.6228636763231674,0.6910704515478338,0.5887785730603565,0.003484335475725275,0.2587062953094651,0.3213213533371925,6.0
2021-04-27 15:35:16.320,0.22224638648495243,0.33643679690831296,0.9126689132390687,0.09415013136965138,0.6730597978400802,0.980316246774896,0.49969516782220336,0.139271919920061,0.04942544319498758,0.5610837039708033,0.5800522123949181,0.5691526231448648,0.010452946961437577,0.24129344996408342,0.2680180338020179,6.0
2021-04-27 15:35:16.340,0.21331808616243525,0.4062006168711177,0.9301793967624495,0.11244392142764083,0.6841706419763974,0.9755252364300594,0.48862823738248673,0.13046471764883827,0.06085930705348002,0.489049270202596,0.4493994613741767,0.5929346588619746,0.009291521624775234,0.24378085374116687,0.26426425898215333,6.0
2021-04-27 15:35:16.360,0.23320533910355734,0.561218256923561,0.9369330287409786,0.13083845957152104,0.6859612137092493,0.9654422322494307,0.46166429880469906,0.12906995575720423,0.06684391673328231,0.43651097595972094,0.3485117350859012,0.6155622238020024,0.013937282437162852,0.26865692932359925,0.28378378964304835,6.0
2021-04-27 15:35:16.380,0.34140303093628754,0.6368448066538777,0.9816817591533094,0.14783234849640797,0.6809615258220498,0.9523700929257228,0.4248382774709578,0.13298152312831324,0.07016804893155502,0.43689076775668817,0.27122714104893175,0.633802815437409,0.008130036822374474,0.26368161231653214,0.29429430378731863,6.0
2021-04-27 15:35:16.400,0.4700720299526067,0.5879263386775936,1.0,0.16343783682851154,0.6746892867528923,0.9372651701215903,0.3821041541608955,0.13796366254968923,0.07649725686083123,0.482212960864998,0.20469972248060303,0.650196257533669,0.013937282437162852,0.2786065444319331,0.31681682970350505,6.0
2021-04-27 15:35:16.420,0.5562043886598137,0.5237470235979982,0.9635872691230369,0.17919252429694071,0.6706576233221255,0.9194353277666757,0.3342838974944666,0.14121032185601592,0.09058886248809714,0.5391821967201638,0.15133158943241318,0.6596628950002729,0.015098707773825193,0.2985073030072984,0.34234235087498294,6.0
2021-04-27 15:35:16.440,0.6357412626387702,0.5314323614421118,0.8659361655191808,0.19583580152209037,0.6690298993328878,0.8988864535174289,0.28394730465916096,0.14253133482557667,0.11386798173838744,0.5881757416087758,0.1012532525464126,0.6901408465211128,0.018583043249550468,0.2985073030072984,0.3498498697639617,6.0
2021-04-27 15:35:16.460,0.706179332636129,0.552617951083793,0.7672266157948526,0.2134079119994036,0.6667143815303205,0.876302665016852,0.2331713550062871,0.14441943299008106,0.14442278301583203,0.6073237355448899,0.0774673511821425,0.7013391823102955,0.016260192576225782,0.3084574275685324,0.3708708826771273,6.0
2021-04-27 15:35:16.480,0.7693939369936329,0.5930469929981014,0.6737223373047856,0.23076905068966452,0.6613814533656412,0.8531656330652133,0.16202190113906514,0.15237382913592826,0.1992577014757235,0.626471729481004,0.05368144981787245,0.7125375180994781,0.01974452805195123,0.33830831070513173,0.37987988381837684,6.0
2021-04-27 15:35:16.500,0.8080897098059717,0.6238493135613942,0.6128852322295936,0.2477881754075734,0.6528778761235854,0.8298010011371028,0.09806171840963554,0.16597235335262653,0.26399121575963513,0.7170528108474661,0.014099203345182264,0.7196952200595663,0.022067378725275744,0.3134327445755995,0.3903903979626472,6.0
2021-04-27 15:35:16.520,0.823682201867293,0.6330013282664821,0.5668527701159849,0.26471970642314335,0.6411920487860381,0.8059885708812998,0.08018352754570261,0.17204884683050448,0.29183142639555315,0.8103557582948451,0.0,0.7340106145302919,0.026713080071924942,0.3333329936980675,0.40240240973456326,6.0
2021-04-27 15:35:16.540,0.8712411402125456,0.5974334686947065,0.4895241154153009,0.2839349443272766,0.6274558240661429,0.7797380060167364,0.06230533668176969,0.17812534030838242,0.31967163703147117,0.9089758696526068,0.01597911251169984,0.7601015876438073,0.02903604967672646,0.3283581861439006,0.3918918955902929,6.0
2021-04-27 15:35:16.560,0.9709737245288026,0.5288469420269528,0.4100701686636011,0.31626493541601786,0.5974352791171931,0.7383747101941296,0.02591862849542952,0.20614450956656916,0.41901841629778985,0.984301823001869,0.047624020765416886,0.8051258281309697,0.04065042197482621,0.3432836277121988,0.3648648767911693,6.0
2021-04-27 15:35:16.580,0.9941289383833044,0.5596519151548984,0.3637935478250414,0.3499027202679927,0.5491180295014303,0.6986669953287334,0.004001707031897452,0.25446320885907625,0.527171778260262,1.0,0.06506526395493166,0.8586931394416901,0.051103368936263785,0.3482589447192659,0.3333333651091085,6.0
2021-04-27 15:35:16.600,0.963315950595563,0.639789545567271,0.3718783470281867,0.36908137393634477,0.612282481942458,0.7369286737336114,0.11658685659765634,0.1373575021037082,0.3358404649112151,0.9565768125064983,0.06809398702958164,0.9014084557616777,0.059233465224376676,0.40298488453250014,0.3318318367307126,6.0
2021-04-27 15:35:16.620,0.9325029628078216,0.7199271759796434,0.3799631462313319,0.3882600276046968,0.6754469343834856,0.7751903521384894,0.022942393062361722,0.23696242796039566,0.5274773465845928,0.9064438621661959,0.08438641631096404,0.9173400975274038,0.07317068819580111,0.42288564310786547,0.28228229201540256,6.0
2021-04-27 15:35:16.640,0.9585360471651203,0.6457462309657926,0.35078142990495415,0.4408056279580816,0.5660730413311661,0.6968256167558442,0.011471196531180823,0.2883897476206788,0.5853325141428734,0.8899861140087897,0.10391643226608112,0.9124913386333916,0.0708478375224766,0.46268665080569876,0.2777777991324653,6.0
2021-04-27 15:35:16.660,0.9845691315224193,0.5715652859519421,0.32159971357857636,0.4574075942875975,0.4724325233593311,0.6629110726687643,0.0,0.33981706728096195,0.6431876817011539,0.9140397810032684,0.12323758462211346,0.9224197821002,0.09639955172347761,0.46268665080569876,0.24774775432730015,6.0
2021-04-27 15:35:16.680,1.0,0.44569366400575755,0.31609930906308303,0.4656408853290303,0.39168530880093694,0.6415521494123475,0.0027119785176666286,0.4394659191095054,0.7263204701515966,0.9012533556223217,0.14704959927903297,0.9360424883594104,0.10569107334825285,0.47263677536693277,0.22672674141413454,6.0
2021-04-27 15:35:16.700,0.9840729034382859,0.35285060008451563,0.30461866645404984,0.4687190988689878,0.3109206823941793,0.6238700115358815,0.022649567123616945,0.5473387458933819,0.79660927763346,0.8270667486497566,0.16814620763098503,0.9274994288751932,0.11382111017062749,0.49253702448940084,0.2027027178703024,6.0
2021-04-27 15:35:16.720,0.9894143444706639,0.32177031509395265,0.2782219926514717,0.46859065411705036,0.2598320073493482,0.6133503395018964,0.045129685264694804,0.6189059395019357,0.8357068656488292,0.7580706585832815,0.17514359554091047,0.9124913386333916,0.1277584520735286,0.490049875438766,0.17417420144353302,6.0
2021-04-27 15:35:16.740,0.9975769858267475,0.3153341584417018,0.2606729489688931,0.46656756009177414,0.22163070103342364,0.6049072999706571,0.06983538360182694,0.6737222197534449,0.8637005700819154,0.7279402668813606,0.18569189544267545,0.8954052196649571,0.1393728243716285,0.497512341496465,0.1591591790409503,6.0
2021-04-27 15:35:16.760,0.9807791215799965,0.2997446637285201,0.2918431157474723,0.46327995078253953,0.18660722734345936,0.5966765328835987,0.09863066208117693,0.7247401610336907,0.8880152169102847,0.733383984536092,0.2011488104887636,0.8704687237541503,0.1498257118673275,0.497512341496465,0.14564566964138861,6.0
2021-04-27 15:35:16.780,0.9732199525935218,0.2145359992794295,0.3167615503438382,0.4596438060480902,0.15283515671613077,0.588835674443102,0.1294321218368667,0.7744526835135255,0.9086873034618892,0.7345233827238689,0.22109659125510775,0.8494574163145296,0.16260156896782801,0.502487658503532,0.1351351554971182,6.0
2021-04-27 15:35:16.800,0.9593588034240202,0.1290182981717608,0.31702383903034476,0.4555869467825757,0.12100177722643354,0.5816168917648564,0.160402244512087,0.8216292491494688,0.9253328778466806,0.6831244597270091,0.23906004131349862,0.833294867768921,0.1707317247216795,0.47263677536693277,0.12312314372520211,6.0
2021-04-27 15:35:16.820,0.952043555002845,0.09777978407081891,0.2853878680759837,0.45033465782926196,0.0959901328593182,0.5749074754788922,0.19128229310056302,0.8588215698368021,0.9384106638717966,0.614254989723065,0.24929502530042322,0.8125144293113798,0.18350758182218,0.5373133491942983,0.11411412720857776,6.0
2021-04-27 15:35:16.840,0.9504720495842905,0.09362025599976379,0.26355789207689667,0.4439491298807257,0.07942299477433996,0.5683387601638473,0.22283142978786738,0.8834818323123599,0.9494133070400235,0.5865932649077523,0.26161878675458233,0.7806511127068504,0.193960469317879,0.5373133491942983,0.11861863546688994,6.0
2021-04-27 15:35:16.860,0.925765637610765,0.10608192513824569,0.2727954415077729,0.43708522828220336,0.06785921417262943,0.5618034951483749,0.25499090946516245,0.9006940995230115,0.9591066165022004,0.6213444967006393,0.284281971175883,0.7229277278787978,0.19976765546692896,0.5174125906189331,0.1081081059472446,6.0
2021-04-27 15:35:16.880,0.8839344526965336,0.04672505512426762,0.28705586720683585,0.4307904126282083,0.056633203096423196,0.5558790184166456,0.2982628789207453,0.9264821204541593,0.9698143453921775,0.6070388865160565,0.29671016964412206,0.6836758223781441,0.20209062507173045,0.5174125906189331,0.08708710840945391,6.0
2021-04-27 15:35:16.900,0.862297444394304,0.0,0.3245427230006287,0.42525580050485523,0.04440860961508895,0.5505543789276627,0.3245303949319863,0.9393545160179381,0.9749731554218718,0.5591847284064215,0.2991122583245647,0.6656661273172132,0.2102206618941051,0.5223879076260002,0.0765765942651837,6.0
2021-04-27 15:35:16.920,0.8519912899157833,0.06935221591019394,0.3045486499932241,0.41992117124178635,0.03504967919262859,0.5455577239576199,0.35079791094322726,0.9522269115817166,0.9801319654515659,0.531206503691529,0.295979098321319,0.6615100434054852,0.21254351256742945,0.5472634737555323,0.0765765942651837,6.0
2021-04-27 15:35:16.940,0.8330470275898932,0.18905984826756594,0.2675067198480571,0.41423586339228424,0.031326127036845654,0.5404046227411236,0.39205201735276024,0.9554628283379936,0.98727347695381,0.5552601820844455,0.30339424163920714,0.6598937885509244,0.2183506987164794,0.5273632246330672,0.07507509663753785,6.0
2021-04-27 15:35:16.960,0.7986632205606476,0.1557775073485903,0.27586402140365857,0.4055537695878735,0.030168416645157303,0.5325481942529632,0.41754734218406225,0.9579490985299163,0.9908209537570604,0.595265246513907,0.3141514205272168,0.6527360865908362,0.22067366832128094,0.5174125906189331,0.0660660801209135,6.0
2021-04-27 15:35:16.980,0.7702845926305237,0.08641261976480123,0.2981948336901289,0.3976089538990415,0.02452654015694485,0.5258727791829962,0.43977867138293997,0.965069088053078,0.9931016241755255,0.5995695908501798,0.31738901916874257,0.6428076639128195,0.2264808544703309,0.49253702448940084,0.06006005885958033,6.0
2021-04-27 15:35:17.000,0.8765011967328468,0.08735026508116889,0.3435650895487258,0.5038457314095047,0.010387736369711973,0.5768968080547178,0.18454954989005887,0.9859916123311826,0.9310712099048291,0.5755159114210417,0.31101826137881333,0.633341028336106,0.22299651899460562,0.5074629755105992,0.058558576607309606,6.0
2021-04-27 15:35:17.020,0.807059764731975,0.151354449437526,0.3217153112680491,0.4829324193545016,0.006393154396092274,0.5580551228751097,0.3284156489126782,1.0,0.9717402141777459,0.5631092757646191,0.3097649994291364,0.6294158375970516,0.2253193696679303,0.47263677536693277,0.052552570721351576,6.0
2021-04-27 15:35:17.040,0.7597541512119574,0.20887626211405405,0.29699045121818257,0.4620191072994984,0.002398572422472585,0.5392134376955018,0.41475444284668406,0.9955750197615222,0.9874500288106735,0.5699455861384387,0.31394254410549877,0.6220272443541799,0.22415788486552937,0.47263677536693277,0.04804804708766426,6.0
2021-04-27 15:35:17.060,0.7491793482451814,0.20179359550438747,0.29161150324376595,0.4526647826913952,0.004765160335703466,0.5312725720365514,0.4417817171412791,0.9931140829082147,0.9907278220971708,0.5743765256679241,0.31561356402766505,0.6171784788455522,0.2253193696679303,0.47263677536693277,0.03903906132178965,6.0
2021-04-27 15:35:17.080,0.7386045452784052,0.19471092889472094,0.2862325552693492,0.4433104580832921,0.007131748248934338,0.5233317063776011,0.4688089914358741,0.9906531460549073,0.9940056153836683,0.5666223795484092,0.3133420227902303,0.6145232032020485,0.22590011206913077,0.4651740545827822,0.03603606606649826,6.0
2021-04-27 15:35:17.100,0.7107264922817118,0.19954328186290715,0.28841152745610704,0.4339561334751889,0.00949833616216522,0.5153908407186507,0.5215979960493958,0.9839569505354301,0.9980707829813025,0.5588682334288944,0.3110704815527956,0.6118679275585446,0.2264808544703309,0.4577113337986317,0.03303307081120675,6.0
2021-04-27 15:35:17.120,0.6803423709746798,0.2353466683392885,0.2897505313723672,0.4136474667012248,0.020020013201215492,0.49851139732535543,0.5843437023909203,0.9717433358574148,1.0,0.5372832221816415,0.300992154668449,0.6097898861696477,0.22880370514365558,0.4427858922303335,0.03153154243281094,6.0
2021-04-27 15:35:17.140,0.6589444452080714,0.2627151070001093,0.2888381234964404,0.4058742962091269,0.026763032732375822,0.49210734924753796,0.618308764737486,0.9617547881397828,0.9999027584236152,0.5341182642202192,0.29785899466520327,0.6114061410242085,0.23170735768391898,0.4477612092374006,0.035285317252675384,6.0
2021-04-27 15:35:17.160,0.6472026131883447,0.2686353831393473,0.28287019535958574,0.40084220383302577,0.0328903757045451,0.4878007449960107,0.6411666490392037,0.9526686819974417,0.999340826520393,0.5391821967201638,0.29765011738864305,0.6114061410242085,0.22880370514365558,0.4427858922303335,0.02252254129156141,6.0
2021-04-27 15:35:17.180,0.6405769936701021,0.26519682354563406,0.2778989279320495,0.39585641655919507,0.039186037683409614,0.4835721011660868,0.6635964530339121,0.9433248633459872,0.9983114114513256,0.5333586748234439,0.2957702210447588,0.6118679271805666,0.23344952542178177,0.4477612092374006,0.03753756369414401,6.0
2021-04-27 15:35:17.200,0.6383406396900305,0.27121206407474774,0.28099386629183604,0.3909704632530763,0.04655912048099058,0.4793473087045748,0.6859789683514307,0.932372903187221,0.9968518357013435,0.5148753217131304,0.29180155364495663,0.6134841829800725,0.22996518994605616,0.4577113337986317,0.02102105903929069,6.0
2021-04-27 15:35:17.220,0.6303978879476604,0.30545401649531156,0.2846147639494162,0.3863374531357668,0.05601996646686493,0.4750987710442364,0.7084446578692853,0.9183081196009175,0.9949515626505516,0.5104443832198667,0.28720625270578937,0.6141768617421369,0.2380952267684308,0.48258689992816683,0.02252254129156141,6.0
2021-04-27 15:35:17.240,0.6220202804302166,0.32168576898537005,0.27999861616472443,0.3818693493805665,0.06640568504383533,0.4708054218699298,0.7310522404942131,0.9028571895421226,0.9924546376297735,0.5526649168959601,0.288720612960851,0.6196028609384046,0.2276423392727318,0.4427858922303335,0.02252254129156141,6.0
2021-04-27 15:35:17.260,0.6169260778574874,0.3024936150421767,0.28188226561282054,0.3772792944568347,0.07464172608782457,0.4666973600477427,0.7525460329742863,0.8905991162112428,0.9894593812668294,0.5626978328378501,0.2842819708553172,0.6276841357309285,0.23344952542178177,0.497512341496465,0.03753756369414401,6.0
2021-04-27 15:35:17.280,0.6149370535840131,0.2846297861108706,0.28938669350360346,0.3724597512790339,0.08049044552946304,0.4626987609735403,0.7733269012417555,0.8818928046212925,0.986046785892964,0.5727307487797403,0.2798433287497834,0.6357654105234526,0.23344952542178177,0.4378105752232664,0.04204205657708137,6.0
2021-04-27 15:35:17.300,0.5999390120929775,0.2995226606895075,0.3116809898606205,0.36753546910914586,0.0857907086744074,0.45866042302194787,0.7941702265822692,0.8740027144813356,0.982164549250383,0.5504494466131066,0.27101826377237154,0.6428076639128195,0.23461089129270554,0.46268665080569876,0.015015037777957518,6.0
2021-04-27 15:35:17.320,0.5827084388982866,0.3139352642064723,0.3391313367301087,0.3626901104536242,0.0921774954120244,0.45456282160271994,0.825467299064838,0.858016689731395,0.9753252356235758,0.5344980591258514,0.26621408641148625,0.6467328542738958,0.2311265558169799,0.4577113337986317,0.03753756369414401,6.0
2021-04-27 15:35:17.340,0.5767075208375025,0.3270774753790991,0.3354493541762404,0.3581037621676306,0.10088525986198008,0.4504875624378958,0.8563930965204105,0.8352378260359224,0.9673044241489681,0.5299405206727557,0.2639164363693237,0.6485800026791082,0.23228804061938085,0.4477612092374006,0.03303307081120675,6.0
2021-04-27 15:35:17.360,0.5696359343838925,0.3445598020671708,0.3354657048300373,0.3515153027702937,0.11776187812143765,0.44433211294364267,0.8205465577324829,0.872363400355653,0.9717617476012371,0.5363970337576336,0.2634986818162033,0.643038557463471,0.23461089129270554,0.4577113337986317,0.046546564835393545,6.0
2021-04-27 15:35:17.380,0.6659260210125802,0.21451613430936864,0.32382130731867365,0.468472384503746,0.0,0.47780960507787384,0.7847000189445552,0.9094889746753837,0.9762190710535059,0.5481706771793144,0.26412531279104173,0.6363426445701716,0.22996518994605616,0.48258689992816683,0.03153154243281094,6.0
2021-04-27 15:35:17.400,0.6229858090416484,0.26372538763717696,0.3412552309355516,0.435139014940119,0.06442461406591657,0.4538795282316211,0.8185677096137561,0.9058051342741952,0.9768495861964693,0.5586783351989122,0.26527413866696525,0.6418840897102133,0.22415788486552937,0.4378105752232664,0.03753756369414401,6.0
2021-04-27 15:35:17.420,0.6012410423647543,0.2992046104617208,0.35794736216669504,0.41785868373949586,0.10679052384252803,0.4415231344806339,0.880650966027549,0.8427528825161436,0.9610474491922285,0.5633624723683738,0.2665274014714844,0.6615100434054852,0.23228804061938085,0.40298488453250014,0.018018033033249236,6.0
2021-04-27 15:35:17.440,0.5742978943388296,0.3258308694927245,0.368191258835403,0.40644009077082044,0.13662375569791643,0.4336743249002841,0.9180507784213843,0.7984481124816762,0.9474640958329701,0.567920011235958,0.2695561228364499,0.6815977842020604,0.2311265558169799,0.4129350090937342,0.018018033033249236,6.0
2021-04-27 15:35:17.460,0.5151123467371606,0.32586329493000715,0.3790783176256673,0.39504049083687104,0.1686674707286909,0.4265455588818634,0.9497872775937889,0.7510947560375328,0.9321427714534786,0.5637422672740058,0.2740469842824949,0.6931424598447476,0.23577237609510612,0.4129350090937342,0.0060060212613331715,6.0
2021-04-27 15:35:17.480,0.5038596682509466,0.3519456962656496,0.38736588260797356,0.38789367523582785,0.18889730341145894,0.42276659742969597,0.9652730507551234,0.7213856630173168,0.9224591734542177,0.5405747780304524,0.27634463432465745,0.703994460505151,0.2392567115708314,0.41791032610079837,0.0,6.0
