2021-04-07 18:09:53.520,0.8068317463063236,0.7208746659185428,0.6793774107845938,0.6383659536267131,0.2189614451659084,0.048578573409943676,0.9550980044653272,0.7338816191013464,0.8876706960431402,0.5392892240981295,0.4094817967654572,0.3448481090898792,0.027436840827744276,0.051401922822946054,0.37410075864395936,3.0
2021-04-07 18:09:53.540,0.2978021513762062,0.5937564891433458,0.27049152102667867,0.6689905399657131,0.25832620006358126,0.03937360402832279,0.952688836033906,0.7185161799537686,0.8852326199860506,0.5154874655928963,0.40552162476617476,0.34097675715126236,0.023104692500202025,0.023364901877843822,0.3525180820702771,3.0
2021-04-07 18:09:53.560,0.9276157100858613,0.7401794224325965,0.3175919933052239,0.6774002619952717,0.25163152007431916,0.028728789098123916,0.9661217017917662,0.7256341408904473,0.8784265742244731,0.5024454036593091,0.4206834270609835,0.3350208310918519,0.013718494348888373,0.04205624917458046,0.39208639612441804,3.0
2021-04-07 18:09:53.580,0.5475502850612025,0.692708258210799,0.6376507323642508,0.6785490064025661,0.24021698743303588,0.028466288470367498,0.9670924695079689,0.7377947448804474,0.8809190670508217,0.5265732168753733,0.3884363112835564,0.35348420041352624,0.011552494120133481,0.056074998899438795,0.4028776607422011,3.0
2021-04-07 18:09:53.600,0.7768951815777125,0.7091390912259394,0.17522036263320392,0.6931505139700526,0.24776111343088364,0.014313823704440244,0.9838968538433711,0.7297543887736397,0.8672942929096705,0.5275513697990363,0.398506463865002,0.3537819969602464,0.005776247060066741,0.004673076076492742,0.37410075864395936,3.0
2021-04-07 18:09:53.620,0.7523053840154779,0.7115300584060098,0.6530160494858867,0.6918790063679975,0.23165212308019592,0.0100599023472007,0.990028719058562,0.7469374722271931,0.8673480075270679,0.5298337314247009,0.4194388015754947,0.3648004613889042,0.0,0.0,0.48201443618859857,3.0
2021-04-07 18:09:53.640,0.27985880093968923,0.6568656344811136,0.20914101889027717,0.7050555523399774,0.2589366668164508,0.012913955225149529,0.9849089697908554,0.7178675963577789,0.8634540634698471,0.4965764765097626,0.39352796192304695,0.4148302427254491,0.0028881974650498145,0.014018749724858339,0.4316547101785595,3.0
2021-04-07 18:09:53.660,0.8564797260794476,0.8328402709920161,0.19961115052686476,0.7098222876447131,0.26544785105302926,0.0,1.0,0.7109545131680266,0.8504663019767915,0.40756441741040805,0.41344196969086705,0.46098867212337713,0.01299644498262592,0.07476634619617543,0.4604316122768013,3.0
2021-04-07 18:09:53.680,0.5423927366833393,0.8405656416507276,0.5311087172196545,0.7106954962660045,0.3000064648409367,0.0009935994156143905,0.9981653219216912,0.6953616102030042,0.8476636920783227,0.3126834311615069,0.44806518866786355,0.5187611451496713,0.02418780351710403,0.11682247574460092,0.45143883037110055,3.0
2021-04-07 18:09:53.700,0.2655560270743801,0.7992733611078247,0.0,0.7115687048872958,0.33456507862884405,0.001987198831228781,0.9879427906012864,0.5816410657654183,0.8232677182170959,0.20541245023413102,0.4659425374764658,0.5687909240487192,0.035379162051581724,0.15887860529302641,0.44244604846539987,3.0
2021-04-07 18:09:53.720,0.7859037942859495,0.9131205915146419,0.22854764056396448,0.7218805140950317,0.45908275690560246,0.0010447327615812974,0.9855500346705272,0.5098314689048679,0.803344554110163,0.16530813873114975,0.5431093120200037,0.6104824089020896,0.0649820770430967,0.26635528776310674,0.4244604846539984,3.0
2021-04-07 18:09:53.740,0.31276160825052546,0.8593991256611608,0.38967125402883696,0.7051439684315111,0.5403080362073583,0.02360098736157178,0.9541073550825502,0.428171067824349,0.7999826948822489,0.21437888672837213,0.626442660017022,0.7083085175841267,0.10108306665589219,0.32243028666254553,0.4028776607422011,3.0
2021-04-07 18:09:53.760,0.39216250609420794,0.9493453080356536,0.24141732208279534,0.6800343524214885,0.6241510696717907,0.054447811130127255,0.9135337339580134,0.34566012662769996,0.7980841640179938,0.2562765068803532,0.714188755354788,0.806432378694191,0.1530685508463305,0.4205610562319476,0.29496413053567694,3.0
2021-04-07 18:09:53.780,0.4784271783120052,1.0,0.15996363901425054,0.6532840750076916,0.7156172795391046,0.08980538252800363,0.8682179655458643,0.25779678546423157,0.791155680525584,0.2622269509101302,0.7579486557153265,0.8412745437042455,0.2151624304243774,0.476635576626772,0.2517986300501979,3.0
2021-04-07 18:09:53.800,0.4085376947580845,0.9699945294286517,0.1620211526324216,0.6076096073678481,0.8098513899321553,0.14607445952675024,0.763159846803042,0.13125353386058963,0.77711213131176,0.2681773949399073,0.8017085560758654,0.8761167087142998,0.28158845832996654,0.5607475964713158,0.1294965014564365,3.0
2021-04-07 18:09:53.820,0.4517069364959868,0.8320172616989573,0.18339066380076358,0.5513238791786796,0.894482704154279,0.21144429513158738,0.640956772009093,0.03617428160131031,0.7454903565293101,0.20802087831320987,0.8940936841097928,0.9472900324367457,0.36823112914073997,0.6635514421172105,0.07194254992183634,3.0
2021-04-07 18:09:53.840,0.48624078852315583,0.8586951547192982,0.19732761190267795,0.47999017539891153,0.9583369533889908,0.2888787760357572,0.5440874459444077,0.0015305269000721335,0.7046521364140635,0.05445059921869113,0.9459153967552772,1.0,0.4577618495465311,0.7570091356101226,0.09352522649551859,3.0
2021-04-07 18:09:53.860,0.36292234438970755,0.9393903265512551,0.20176115677286144,0.38586559530886816,0.998117093461862,0.38138270153034215,0.4733613447642292,0.0007652634500360668,0.6575412463020002,0.0,0.9738628305380197,0.992555104613221,0.5602888670649153,0.8551399051795248,0.10071959935819473,3.0
2021-04-07 18:09:53.880,0.14111827503946753,0.6600018284412134,0.2049354538369723,0.3723602478416059,1.0,0.5240538650893418,0.4026352435840507,0.0,0.6104303561899367,0.2389957849463283,0.9984159515750914,0.9478856347926741,0.6628158845833,0.8878504807057368,0.15107917803011875,3.0
2021-04-07 18:09:53.900,0.017626340818672908,0.24592643908713321,0.3380197780996449,0.35936124315417917,0.9612687352856628,0.7018478396163796,0.246053321890134,0.033604884519185044,0.4305839504468026,0.5177698272185609,1.0,0.9106611334838114,0.7451264070665315,0.8551399051795248,0.20143890404015885,3.0
2021-04-07 18:09:53.920,0.004455297094844884,0.1791613338887501,0.49647173931815225,0.30121930886891835,0.8365620277278684,0.7853530195777803,0.16738025531088796,0.1452091070242553,0.3392271911819088,0.5249429604013401,0.9603982800071759,0.8219177961986457,0.8332130287397977,0.8598129812560175,0.3309354054965954,3.0
2021-04-07 18:09:53.940,0.010663301807890239,0.33051476605372854,0.6126108833568493,0.25948354543297436,0.7112308219703107,0.85484088312277,0.10423012129190187,0.26195789489771554,0.24760128833164038,0.31659604926120466,0.8724824718105089,0.7391304093478589,0.8953069083178447,0.8598129812560175,0.4532374604212985,3.0
2021-04-07 18:09:53.960,0.0,0.41831833397562,0.6408656218277791,0.20680718812630836,0.6130393494882882,0.9146805854367948,0.05721376598845229,0.356488936200888,0.15341177052272864,0.14607109173466237,0.7593347281862644,0.6471113931674136,0.947292392508283,0.8738317309808757,0.6402878397432779,3.0
2021-04-07 18:09:53.980,0.06641899502598508,0.33580691896823145,0.7676329860649428,0.14556734456473278,0.5430052854335968,0.9602622997062236,0.026461679346790834,0.42548817039416076,0.07365101999260397,0.1861754299253331,0.6649694794229155,0.5241214834781345,0.9898917524824239,0.8855139426674905,0.8165467702748298,3.0
2021-04-07 18:09:54.000,0.18281279262313938,0.04495661498461103,0.8890928658839227,0.09798694508709242,0.5008564493804064,0.9892341189908044,0.00943428223415133,0.467626154292038,0.019795328583666054,0.37332900903805283,0.5798823423582633,0.41155448095527647,0.994945876241212,0.9112150237051185,0.8920863592898891,3.0
2021-04-07 18:09:54.020,0.27331034401165233,0.0,1.0,0.075118643758316,0.47396878808392207,1.0,0.0016386966192220897,0.49474190756501013,0.0,0.4173459573221145,0.49581354357143115,0.3165574603076794,1.0,0.9369161047427464,0.9676259483049485,3.0
2021-04-07 18:09:54.040,0.3754656348695343,0.3328901885330266,0.9997363260886163,0.05778494600591069,0.46030487616741683,0.9976992708137168,0.0,0.5085903037678641,0.0055777334771964235,0.3302902072726088,0.4119710477364347,0.2587849702189072,0.9877256783186532,0.9579437508254195,1.0,3.0
2021-04-07 18:09:54.060,0.44384770490920344,0.4613963246645635,0.9634196995087295,0.032155580766083235,0.46186681335786833,0.9871630285115848,0.003478789766150724,0.5070051107396998,0.02679465627325877,0.3224649764107512,0.33152298874819025,0.21500891611973708,0.9689531341459926,0.967289902978405,0.9784171760882022,3.0
2021-04-07 18:09:54.080,0.5101595089960418,0.4188568094914729,0.9261590120596417,0.0083610156212399,0.47632770157661813,0.9670336711627597,0.012693678073800658,0.4923555502783475,0.06604105423420978,0.4352787902790624,0.2645395043701038,0.1748064127812195,0.947292392508283,1.0,0.8633092730190018,3.0
2021-04-07 18:09:54.100,0.5479908515388536,0.36305013667576985,0.8805698153369121,0.0,0.49528616258973657,0.9358242215270035,0.028031344847348198,0.4732289960187065,0.12579087167472575,0.5738506893163308,0.20411859629045012,0.13430612532721567,0.9111914028954875,0.9953274024281245,0.6690647418415202,3.0
2021-04-07 18:09:54.120,0.5385270396693278,0.3725745282627992,0.8043659121735808,0.009821986276581778,0.5115870477986425,0.8939602661483997,0.05012783612237838,0.4568553773826902,0.20417793522883132,0.6547114713830574,0.14969451176027687,0.1083978250313084,0.8693140183525933,0.9859812502751389,0.6546762907923991,3.0
2021-04-07 18:09:54.140,0.4958629975823114,0.399057429703116,0.706647924541594,0.031233349964717903,0.5220184898403306,0.8445115031574434,0.07915838880241999,0.44641284661491365,0.293801622789977,0.717639405814607,0.07807196227156735,0.07281118754505404,0.8158844354296301,0.9813081741986489,0.5251799366740776,3.0
2021-04-07 18:09:54.160,0.44373517902685217,0.4146410090871167,0.6079752148027,0.06016189850577255,0.5273360129609069,0.7899259581453012,0.11553215314539586,0.4411004532051799,0.3881908004063118,0.7852135742395475,0.04633401609611396,0.04392494859441011,0.7595668029116499,0.9626168269019123,0.37410075864395936,3.0
2021-04-07 18:09:54.180,0.367198894336384,0.34896947864599415,0.576474539208788,0.09737762747583897,0.5269435771064196,0.7296009651970451,0.16097378888424305,0.44149200446869336,0.4862574106277706,0.8527877426644881,0.014596069920660622,0.015038709643766168,0.7061372199886866,0.967289902978405,0.2733814539619952,3.0
2021-04-07 18:09:54.200,0.2963991214952212,0.3024089607613059,0.5239769093229779,0.14457325075964728,0.5160720713412118,0.6651834394353964,0.24509752705878976,0.46632273496224136,0.6302819885759893,1.0,0.012333072816763083,0.002084571683296802,0.6252707962379795,0.8878504807057368,0.19424467851559776,3.0
