2021-04-22 01:45:20.900,0.9950609564285869,0.9910756521926456,0.7380219386034175,0.6196255156937561,0.7296796664781053,0.7559815278487665,0.34860754219262063,0.16348134988091684,0.5784775132927961,0.9309167369396077,0.6006097834867725,0.2992700690096766,0.13636293112810743,0.0072118153846153854,0.005045395905225263,2.0
2021-04-22 01:45:20.920,0.04122739561726519,0.8411693236036697,0.584900352941339,0.606760437922061,0.7050995197497543,0.7784561047624331,0.3367453008955116,0.18289109175830034,0.6026482492992262,0.9293406929154163,0.795731715229512,0.19221411192214113,0.12121080477246543,0.0072118153846153854,0.005045395905225263,2.0
2021-04-22 01:45:20.940,0.666231040332832,0.9152571640612774,0.21571323419834076,0.5984774868907872,0.6698199398990912,0.786278088964401,0.36564303959826455,0.2120064147345161,0.6230875063329007,0.9566587893347348,0.9740853559631099,0.294403892944039,0.04545327603059513,0.019231015384616162,0.01210892950654621,2.0
2021-04-22 01:45:20.960,0.6038801335453572,0.8972394712601657,0.9225093981077499,0.587554499830586,0.6373286613493458,0.8051723463634665,0.36146658354129146,0.2401092268905543,0.649151970476345,0.9674284235000431,0.280487851744033,0.34793187347931875,0.060605402386232715,0.0072118153846153854,0.008072654114355137,2.0
2021-04-22 01:45:20.980,0.08196102321409704,0.8096009497901149,0.09007482096495942,0.577477950020737,0.6179735052962961,0.8260320843598548,0.3313753501298952,0.25742731635241006,0.6704417972444455,0.9546887342507452,0.5442073438537331,0.3126520641434966,0.060605402386232715,0.0072118153846153854,0.008072654114355137,2.0
2021-04-22 01:45:21.000,1.0,0.9346165949465404,0.6843647988065146,0.5693754468014635,0.5826120685976379,0.8358586746035457,0.343567658887778,0.29015911208961703,0.6925273284174246,0.9516679832581286,0.40548783926672555,0.294403892944039,0.166665632321226,0.0072118153846153854,0.0,2.0
2021-04-22 01:45:21.020,0.07616641524382793,0.7719473057491574,0.5295709983611057,0.5604953330336364,0.5528152787591368,0.8511574629598914,0.33082792758166923,0.31881609771121766,0.7152337910480233,0.9750459696169685,0.7301829412846854,0.26520681265206814,0.0757575287418747,0.012019692307693241,0.011099912323484864,2.0
2021-04-22 01:45:21.040,0.6554656309308259,0.8349628807966444,0.48819234108978704,0.5542326395576528,0.516272134992767,0.8521719449334809,0.3633291239677869,0.3552734112989745,0.7324076544749308,0.9770160257222164,0.4984756348628749,0.3260340632603407,0.09090810357935128,0.004807876923077856,0.010090791810450674,2.0
2021-04-22 01:45:21.060,0.32773281546541294,0.7593730649282004,0.2972139111656291,0.5471162617673326,0.48060531003442086,0.8638485737694569,0.3600996831594204,0.39221523164252003,0.7553531668531706,0.9789860818274639,0.2667683284410642,0.3868613138686132,0.05302933920841613,0.00600984615384732,0.007568093857837968,2.0
2021-04-22 01:45:21.080,0.0,0.6837832490597565,0.10623548124147121,0.540805917242319,0.4561542580110686,0.8795559036118101,0.33003547127782235,0.4182960403388002,0.7755113126000297,0.965064357463756,0.45274394458797784,0.28223843883936034,0.01515057483747657,0.0072118153846153854,0.005045395905225263,2.0
2021-04-22 01:45:21.100,0.9218554078636929,0.8317985752238942,0.4199877322331634,0.5350514685842838,0.4194627304230289,0.8833983733568045,0.34668433475175336,0.4585560306763614,0.7937693404013372,0.9491725802305755,0.514481743303454,0.3442822388411248,0.09848416675716787,0.004807876923076457,0.012108981171532704,2.0
2021-04-22 01:45:21.120,0.2949649604921998,0.6945275622311614,0.32300713458815666,0.5297827131404225,0.3878689126453832,0.8936998330365954,0.3302949489348287,0.5150683465220722,0.823491144011418,0.9500919392339371,0.5777439321106702,0.343065693430657,0.12121080477246543,0.009615507692307382,0.010090791810450674,2.0
2021-04-22 01:45:21.140,0.05571930027006236,0.7521637473503374,0.3048485801627238,0.3343285229367097,0.39167971266276486,0.7744040082985604,1.0,0.4454489067830307,0.5924198418461954,0.9537693753548844,0.6448170973949677,0.3454987836541391,0.03030114967495314,0.021634461538461228,0.011099912323484864,2.0
2021-04-22 01:45:21.160,0.3933049717082427,0.6959109061262396,0.5059165755489651,0.1610502843918735,0.35085342931628993,0.7846035703341551,0.7357417139188583,0.5373145123852284,0.7487572003694487,0.9514053091895961,0.6432927060554968,0.3552311435523115,0.10606022993498887,0.016827076923077233,0.01917256643784,2.0
2021-04-22 01:45:21.180,0.3969517036835532,0.6766668611465121,0.388927144006326,0.17216374738157542,0.2997641851851938,0.8554686578044745,0.5398790728713355,0.5987576209947767,0.8230134232311442,0.9440504364961981,0.6402439267454281,0.34793187347931875,0.13636293112810743,0.026442338461539084,0.016145308228710274,2.0
2021-04-22 01:45:21.200,0.45503145064445616,0.6593569368287315,0.3589208244166235,0.18081023516314507,0.2600746334736271,0.8934253372411747,0.42361426208959824,0.6480460902453041,0.8636208821038023,0.9408983490928203,0.6509146577619283,0.34793187347931875,0.11363629311280986,0.030048246153846075,0.022704333238500546,2.0
2021-04-22 01:45:21.220,0.5008810387409005,0.6206317998986438,0.3347228010054613,0.19131649563819159,0.20981306603025457,0.9248718808308211,0.3247131761868406,0.7123099016705167,0.9011336511450591,0.9427370666910404,0.6646341698353204,0.36009732360097324,0.07575714086233115,0.02584147692307642,0.021695238557959604,2.0
2021-04-22 01:45:21.240,0.5308387962440222,0.5741627872809851,0.31781241585183995,0.2007222285205667,0.15991184815170467,0.9426683907436514,0.27233969490590015,0.7780352936806898,0.9284644093506349,0.9398476517866826,0.6768292918169724,0.3868613138686132,0.03787798861185244,0.02163470769230676,0.020686143877418513,2.0
2021-04-22 01:45:21.260,0.5390434476790068,0.5499048146597617,0.31375628513342885,0.20572971069143375,0.12995479676448374,0.9482460259959401,0.26043676360088486,0.818356872656427,0.9413769553932141,0.9235618626766975,0.6783536781655203,0.4257907542579076,0.06818107768451015,0.030048246153846075,0.017911165796547227,2.0
2021-04-22 01:45:21.280,0.5351261388941326,0.5425573731169031,0.3017840094815907,0.2107720522312168,0.10174326415854315,0.953605114675751,0.2474028971601055,0.8568911738528127,0.9531722115848519,0.907538748430751,0.7240853809177248,0.4452554744525548,0.09848416675716787,0.038461784615385394,0.015136187715676083,2.0
2021-04-22 01:45:21.300,0.5553359936253079,0.5369903859783386,0.28818238180237454,0.21584078171274826,0.07510043018045791,0.9588378543404732,0.23312356950833796,0.8937603270599918,0.9640104710670799,0.864197537765486,0.7835365944955908,0.464720194647202,0.10606022993498887,0.06730781538461507,0.01917256643784,2.0
2021-04-22 01:45:21.320,0.5551347537701196,0.493097777270471,0.27578917352242466,0.22115418560069025,0.05347069914914899,0.9640909938526077,0.21596821006390063,0.9240188303222189,0.9730333964189274,0.835828753930107,0.8673780495412992,0.4939172749391728,0.13636293112810743,0.07932701538461585,0.026236100039160947,2.0
2021-04-22 01:45:21.340,0.5688643872857061,0.48997832781584605,0.24366231023805773,0.22650795266157167,0.034535905413193096,0.9694943282572445,0.19642268065246377,0.9507377889206637,0.9810974476018578,0.7974783450414146,0.8826219629360083,0.5912408759124088,0.31818224132313644,0.09375015384615416,0.026236100039160947,2.0
2021-04-22 01:45:21.360,0.5652662209663104,0.45504597999168755,0.24191777279689494,0.23173034555289573,0.02037153062124837,0.9749619831369497,0.17447728191167755,0.970861383771179,0.9876612233099088,0.7545311400071555,0.8361280588992799,0.7116788520319091,0.39393977006501113,0.13942326153846246,0.02219977298198338,2.0
2021-04-22 01:45:21.380,0.5721442933183224,0.5067936418024166,0.25055361734386145,0.23705262315876546,0.008211312604690678,0.980108165680181,0.15303427859796523,0.9882274623045223,0.9933687807894799,0.6661413215252919,0.7896341673398589,0.8832116788321169,0.34848494251625056,0.16586584615384709,0.03733601236264581,2.0
2021-04-22 01:45:21.400,0.5608086063704095,0.4465126366251131,0.28185008358358626,0.2418834996859071,0.00018261273952344405,0.9852867522838238,0.1299656200975835,0.9997378976461813,0.9978713799226657,0.5920672652883944,0.7500000124773075,0.8832116788321169,0.4242424712581253,0.2019231999999997,0.04439954596396676,2.0
2021-04-22 01:45:21.420,0.5811500088395452,0.44187682492302205,0.2967016988076323,0.24684598359464113,0.0,0.9899511652035236,0.10720518577853731,1.0,1.0,0.5395981313705078,0.717987820644344,0.8941605938991662,0.5454548275487562,0.242788923076924,0.04036327057177568,2.0
2021-04-22 01:45:21.440,0.6122674417985182,0.4031200585584363,0.2560135784750028,0.25210669905359934,0.006985390746794165,0.9935404330177268,0.08789654160692613,0.9899828361395667,0.9997039576725548,0.48712899745262134,0.6859756288113807,0.9051095089662156,0.6666671838393871,0.29807704615384584,0.050454062382226356,2.0
2021-04-22 01:45:21.460,0.6297184086738192,0.360090321866123,0.28342560988089316,0.25756535322717505,0.021904752097208737,0.9968487518576866,0.060219581997962436,0.9524081033248916,0.9942208895572361,0.3617021444022586,0.4878049166980013,0.9610705795258263,0.5757575287418747,0.35576935384615355,0.06760849112397083,2.0
2021-04-22 01:45:21.480,0.5870818242396882,0.37032669468922463,0.3223772411760483,0.2633067653324596,0.044863345287514685,0.9988772687962569,0.049538310352153024,0.922488710406708,0.9884094674723093,0.29183085502973705,0.3643293192670489,1.0,0.7272741377437851,0.4206732307692311,0.08274467883964691,2.0
2021-04-22 01:45:21.500,0.5959181316628336,0.3683496060933919,0.33161958596177826,0.26959296075125994,0.07595601660120062,1.0,0.03885703870634362,0.8925693174885244,0.9825980453873824,0.27895982238212313,0.2728659137626398,0.9756691395869322,0.8484849425162506,0.4879808000000006,0.10898077887880785,2.0
2021-04-22 01:45:21.520,0.3832034183897574,0.47444688517255745,0.4211094951647393,0.12121568069914165,0.23764129326720498,0.9228018286650789,0.27675653217883056,0.6825809648249871,0.881693661861888,0.3162595610548895,0.28658541211099364,0.9391727693068482,0.8030316664856598,0.5480770461538459,0.11301715760097192,2.0
2021-04-22 01:45:21.540,0.49507662369314537,0.3530357743352069,0.35944723142598345,0.0,0.2982828434365786,0.9154658850507122,0.312863052521285,0.6005733761957588,0.8625532039188946,0.34935653286328,0.3323171273405058,0.8734793585650343,0.8030316664856598,0.603365415384616,0.13420786173490745,2.0
2021-04-22 01:45:21.560,0.5899001904165536,0.24017815689026928,0.320434816476007,0.01964435339587473,0.2889884147497887,0.951196038990074,0.1745857885994273,0.6120081972364685,0.8851458506029727,0.35014451402505636,0.3216463966983247,0.7712895775431367,0.7878795401300178,0.6322116923076926,0.1594348929260207,2.0
2021-04-22 01:45:21.580,0.6195128556522043,0.199909631314423,0.30383463839677194,0.035806542104814966,0.2934419577801998,0.9744842609731836,0.07644459122287092,0.606519635821358,0.8938309299367165,0.3359601221073668,0.3140244337623164,0.6836983167521037,0.8787891952275345,0.6947116307692313,0.17356201179364894,2.0
2021-04-22 01:45:21.600,0.6153636484381318,0.15479460649359297,0.28992673596161705,0.051968445129012476,0.29910414242849703,0.9911033664657198,0.004799791229768179,0.5995664401326835,0.8980418379361645,0.3488311332548127,0.3048781181664905,0.6082725259978456,0.9696972988068815,0.7704328615384621,0.22048433837420678,2.0
2021-04-22 01:45:21.620,0.628839649849297,0.12120199302374356,0.285462924188852,0.062134956481322466,0.3354982782561765,0.9879808650406563,0.0028240652903244548,0.5555378607320571,0.8813507152778268,0.3795640110766973,0.32926834715702546,0.5693430656934307,0.9848494251625234,0.817307815384615,0.2482340881839272,2.0
2021-04-22 01:45:21.640,0.6397450214846602,0.09162519609732721,0.2853972821085256,0.0721215972214185,0.3692033668928857,0.9847701078613893,0.001083542316477906,0.5158186573414117,0.8652584377401593,0.40504338731777584,0.33384150495493836,0.5304136253041363,0.8939397700650111,0.8437501538461541,0.27144298167894476,2.0
2021-04-22 01:45:21.660,0.644605082566026,0.08123633689687369,0.29163282395909745,0.08208193164397837,0.40021035864182464,0.9814024912976365,0.0,0.48020726875889796,0.8498812385995201,0.43104809866681704,0.3033537031201354,0.47688565273490474,1.0,0.8822116923076926,0.2956609440220102,2.0
2021-04-22 01:45:21.680,0.6388160139905751,0.08219537291452729,0.2781205340941828,0.09199442844788032,0.4287662478139326,0.9775793810891107,0.0006982489470408459,0.44822211763930536,0.8351117158912242,0.4630943572589454,0.29725613027586717,0.44038929440389296,0.8939397700650111,0.8918272,0.32088797521312346,2.0
2021-04-22 01:45:21.700,0.6373753508708244,0.06747409846163487,0.2788834887257739,0.10171904380616965,0.4542306903459785,0.973691674072922,0.0021160381243294254,0.42037372035356574,0.8214998766154562,0.4762280359603728,0.34146345541363915,0.4014598540145986,0.9696988503250469,0.9062500923076928,0.3461150064042366,2.0
2021-04-22 01:45:21.720,0.6457809099118769,0.05307471151240886,0.2626404097698864,0.11144503511546486,0.47887395090804735,0.9696315030080916,0.00359410003296726,0.39404187004765373,0.8079896377127629,0.4717625800418472,0.3551829662393005,0.3406326034063261,0.9848494251625234,0.9350963692307694,0.36024217693685134,2.0
2021-04-22 01:45:21.740,0.6621341554811087,0.04036521751801651,0.23157743645372172,0.12151083968080617,0.5047465074606559,0.9645257381705106,0.006971554687922667,0.3670660465264257,0.7932623779877948,0.45127399482725733,0.3704268671567021,0.3090024330900244,0.9393945976137673,0.9302887384615385,0.382441960251832,2.0
2021-04-22 01:45:21.760,0.6530235065221591,0.03255827647684932,0.2314447708904478,0.13218819616525368,0.5325084027605008,0.9587162273617773,0.010257088827601535,0.3388990003856878,0.777088588088003,0.4236932566541591,0.344512248074427,0.291970798936684,0.9696988503250469,0.9543271384615386,0.3995963476615874,2.0
2021-04-22 01:45:21.780,0.6468980380036397,0.02744859722772244,0.24132519374123274,0.14368700706081503,0.5624339752454907,0.9517607652839396,0.01424384217975642,0.3094590277012874,0.7591259741083831,0.40189129066932555,0.31250005614788373,0.294403892944039,0.9545467239694049,0.9591347692307696,0.43592330150918274,2.0
2021-04-22 01:45:21.800,0.6410406819227596,0.030629677203800627,0.23925565139255106,0.15593181661359976,0.594258677313479,0.9435060036019467,0.018873881425636993,0.2792238709536762,0.7394203605648899,0.35066988138327143,0.32469517064315123,0.21532846317026058,0.8636370688718926,0.9735579076923079,0.45812309515716076,2.0
2021-04-22 01:45:21.820,0.6595591973012481,0.023114075287733633,0.21993791058271506,0.169675672314586,0.6294505297154206,0.932842442566871,0.025462902725278944,0.24710643475393038,0.7167469831220017,0.32860525321949857,0.2995427372487656,0.20316301504011816,0.8181822413231364,1.0,0.4934409594907138,2.0
2021-04-22 01:45:21.840,0.6733416085896159,0.005368409338473019,0.20814272672246276,0.18533045576890345,0.6676065478925168,0.9191685305029247,0.03422455490572453,0.2138818588952989,0.6910496146876962,0.30654062505572566,0.2743903038543799,0.19099756690997569,0.833334367678774,0.9831731692307697,0.5287588134912696,2.0
2021-04-22 01:45:21.860,0.6527155413753668,0.006826851299546656,0.22211874336193976,0.21230317669481816,0.7266894048100232,0.8936680832342383,0.04733167913205585,0.1660343755856601,0.6491159240595833,0.32650385366218443,0.21646346789094661,0.20924573014338513,0.7424247125812617,0.9759615999999999,0.5469222904150672,2.0
2021-04-22 01:45:21.880,0.6524555530015654,0.016141554425636882,0.21164660889294057,0.24910085158249087,0.7962736839731976,0.8266171678321292,0.061265483428573624,0.12429471333356203,0.6068935478444973,0.36222754401072593,0.25914640293697844,0.20194647201946475,0.7575752874187383,0.9735579076923079,0.5822401547486203,2.0
2021-04-22 01:45:21.900,0.6515020587473043,0.02811754849461158,0.2721362872722028,0.28589852647016356,0.8658579631363723,0.7595662524300201,0.1326630416811303,0.023466709219462045,0.43654956785193055,0.3687943403611034,0.2957317776160496,0.20924573014338513,0.7272741377437851,0.9639424000000004,0.6094853546348209,2.0
2021-04-22 01:45:21.920,0.6680448856646568,0.0,0.22265100763478296,0.3197159022651506,0.9179899312761346,0.7151246321769346,0.12444553949982512,0.03315023096893295,0.46027298905856084,0.31520889083896364,0.25000004990923,0.13381995133819952,0.7575752874187383,0.9591347692307696,0.6488395460255516,2.0
2021-04-22 01:45:21.940,0.66107814633358,0.017751713399439522,0.20590883116052533,0.32692460345281493,0.9062528255922929,0.7405320975913096,0.11622803731851994,0.04283375271840385,0.4839964102651912,0.2198582037251956,0.14176836587298675,0.0,0.7121220113881431,0.9375000615384614,0.6700302708254817,2.0
2021-04-22 01:45:21.960,0.6388076275645006,0.04491954279743555,0.18438275122211584,0.35078299628898435,0.914657926531909,0.7321698100203661,0.10704910227275775,0.041433139381497223,0.48478691741091895,0.13816661642149047,0.06859764146945938,0.0973235890241637,0.6818177586768636,0.8966348307692309,0.7134207789403927,2.0
2021-04-22 01:45:21.980,0.6247249278025526,0.03600574561876156,0.18041698139962464,0.4026380653872324,0.9510581865078541,0.6663309198552901,0.11922535056886371,0.02258255984466222,0.4406515106800655,0.0570002567249075,0.036585437065608656,0.13381995133819952,0.6969698850325056,0.8221155692307694,0.7663975744074225,2.0
2021-04-22 01:45:22.000,0.6414174673192604,0.05780332981835469,0.15274381641105828,0.4722037753122148,0.9824426910396846,0.5752566788450234,0.13126202267505885,0.007734354089112731,0.38943116804370537,0.0,0.05335371559744284,0.15815085158150854,0.6818177586768636,0.7307692307692307,0.8284561031698525,2.0
2021-04-22 01:45:22.020,0.656641322512812,0.040309449385898796,0.14369077081708656,0.558359180757605,1.0,0.4612141846137102,0.1422640961306168,0.0,0.3336910688727488,0.005778793688432936,0.016768378350294228,0.14841849148418493,0.7424247125812617,0.675480861538462,0.8597376373463288,2.0
2021-04-22 01:45:22.040,0.6218725003624093,0.0238998488892729,0.15874021414552889,0.6474830489103649,0.998046084644779,0.34317200364602984,0.15093690320336026,0.0008404745261650211,0.27859311242296025,0.050170728320044225,0.0,0.0973235890241637,0.6060602299349889,0.5841348923076923,0.8879919267465718,2.0
2021-04-22 01:45:22.060,0.6175661335859374,0.017776081309474445,0.15363134213931845,0.7262732218332991,0.9777651290061585,0.2391137636583887,0.15955866376747732,0.009864124350176497,0.226520767381357,0.10690838199147465,0.04878057027683743,0.12652067130764655,0.6212123562906309,0.5120196923076933,0.9192734609230481,2.0
