2021-04-25 16:49:59.920,0.9145777469817512,0.5046090235224004,0.3348075297952114,0.9108933201423388,0.3292311459217976,0.5526965925138999,0.011500373633768188,0.6468013882246145,0.5847750202748302,0.7051390383421248,0.3157439882408516,0.34179071875278416,0.7656566509115459,0.2232387480855032,0.9752252194594595,5.0
2021-04-25 16:49:59.940,0.687267610959397,0.4939909840775648,1.0,0.9148289039376424,0.34284136196708176,0.5160190395152415,0.019438318086314212,0.6206820408623508,0.614558875933162,0.6912384450764674,0.3762976034389714,0.3050954029262136,0.7898991804689459,0.2360474611357798,0.9842342284684685,5.0
2021-04-25 16:49:59.960,0.3184274341023256,0.3961161792036743,0.23514078240654726,0.9173659660921842,0.3595416500866851,0.5124088925188771,0.026678784467501854,0.5953312178398908,0.6140390675657537,0.7026116514796129,0.6505190463319724,0.2851750753802032,0.7616165051435836,0.2634949710638021,0.979729723963964,5.0
2021-04-25 16:49:59.980,0.9545423609630623,0.4682399118096267,0.6800838000727792,0.9225367000274859,0.39325318029909384,0.4976186073076365,0.03323815649041816,0.5833436877038838,0.6335356178908128,0.6916596716231317,0.27508653014373213,0.2820297532779204,0.7818184751956142,0.29094210624341993,0.9707207149549549,5.0
2021-04-25 16:50:00.000,0.649771689211172,0.42205643890598443,0.4252529144147618,0.9247628434803674,0.4099614366886217,0.48961764377824124,0.03979752851333447,0.5713561575678767,0.6530321682158716,0.6644903335313529,0.4253892940421991,0.2638393700513331,0.7737373561848776,0.3183898035456445,0.986486474954955,5.0
2021-04-25 16:50:00.020,0.3450010174592818,0.3758729660023421,0.17042202875674442,0.9269889869332487,0.4266696930781495,0.4816166802488465,0.051150661504827395,0.546495640164464,0.653563378221524,0.6373209954395741,0.5756920579406661,0.2456489868247458,0.7858586209635765,0.34217770794133096,0.9594594479279279,5.0
2021-04-25 16:50:00.040,0.5615035623625525,0.43358826569968145,0.5114214753166334,0.9304220982326731,0.4667196865538378,0.4845516481911481,0.07577474394596935,0.5026928546467687,0.6464491104122833,0.8066554566683688,0.3901384400873407,0.24638288387316673,0.8121212234049588,0.3851784008511279,0.9380630601801802,5.0
2021-04-25 16:50:00.060,0.5046239202937174,0.3113783198809408,0.04684582029788101,0.9350656599969497,0.5058939022317761,0.4932507527119251,0.10447815816992594,0.46023655513739636,0.6311074972447025,0.9313395419300942,0.5415225136269934,0.21534913066753752,0.8020204452476472,0.45562679106314935,0.954954954954955,5.0
2021-04-25 16:50:00.080,0.9511120028419259,0.43141772583201216,0.7431095196539533,0.942493114284526,0.5352180152686199,0.45898056991383074,0.13649916790596514,0.4288133996512575,0.6731943999406405,0.9751474544603875,0.8209342745468649,0.1987837904797385,0.8020204452476472,0.4922232211349102,0.943693687927928,5.0
2021-04-25 16:50:00.100,0.15945293265309507,0.39005869599874754,0.6816869744074207,0.9490388707508183,0.5624313750283961,0.45096736244001107,0.1655052907335984,0.3999503816497511,0.679863826630824,0.9477675220582633,0.5640138615330915,0.1916544337619554,0.7939393262369082,0.5397986551778797,0.9301801744144145,5.0
2021-04-25 16:50:00.120,0.3594521225649649,0.4178818474981784,0.0,0.9527997722840675,0.5909563752562567,0.46532910959638185,0.19517357090048293,0.3700404149556603,0.6568183982505987,0.9199663010487911,0.4282007213988484,0.1767666044164297,0.7494948266274776,0.5800548781561775,0.918918918918919,5.0
2021-04-25 16:50:00.140,0.8805460815495183,0.5115099659296432,0.4850441628243044,0.9583417516999175,0.6232113377423297,0.4478820337736674,0.23794116161802414,0.3366872198222586,0.6736249151670853,0.8925863341685092,0.4645328990143784,0.17068565979412811,0.7292928565754447,0.6276303121991471,0.8873873758558559,5.0
2021-04-25 16:50:00.160,0.5095526390988351,0.4626906830187638,0.4895842791569557,0.9631777595264291,0.6541158657761607,0.43265158421018024,0.2823647130850116,0.30524154809891263,0.6866504302612003,0.8593092232174534,0.5086505432618077,0.15244286025355863,0.7010101812500824,0.6532479256739003,0.8761261203603604,5.0
2021-04-25 16:50:00.180,0.4592465598495107,0.5151683744315039,0.4326918338780591,0.9670043854891448,0.6858063685819608,0.4258073282732298,0.3300355023005283,0.27356191595751544,0.6880243276696139,0.8491996930064849,0.5311418913095167,0.1339903439675576,0.6404038573565811,0.6880146466665944,0.8626126183783784,5.0
2021-04-25 16:50:00.200,0.4765490838958643,0.5458840905881708,0.45373219585127916,0.9706854102760893,0.7187929942621822,0.4187418093643284,0.38344215144962496,0.24124564143440597,0.6884391877969152,0.8723673427028876,0.583910054036834,0.12245753630657868,0.6202018873045506,0.7172918656736835,0.8671171113513514,5.0
2021-04-25 16:50:00.220,0.5352422280458558,0.5783658038736388,0.47255550491992826,0.9746368004280278,0.7524459967550347,0.41107789946231965,0.44190434635084336,0.2090216665825828,0.6883779852206411,0.9237573813425588,0.6721453496122411,0.1211993903024979,0.5515152718751247,0.766697196169921,0.8400900843243244,5.0
2021-04-25 16:50:00.240,0.5489915115885103,0.5914305723739475,0.4854524375303516,0.9791691793988856,0.7856479506796649,0.4027937992596225,0.5034668220589744,0.17801889243755922,0.6880773187033182,0.9797809395780631,0.6851211273320733,0.1304256741902499,0.5151514775390236,0.8142726302128905,0.8153153037837838,5.0
2021-04-25 16:50:00.260,0.4693408740748237,0.6082836083019719,0.47879179442124903,0.9840406039039582,0.8166637121706737,0.3906435918573772,0.5650227726519371,0.14980974671571137,0.6916564583605083,1.0,0.6141868687164425,0.14552318595487182,0.45858612688829653,0.836230638155308,0.8018018018018018,5.0
2021-04-25 16:50:00.280,0.39264604277368015,0.6546383789463203,0.47137187250384643,0.9887283223322287,0.8447480617717908,0.37263118732471956,0.6246614741880625,0.12492832808459924,0.7013293305903237,0.9785173151031225,0.5389273581538324,0.16187879223407167,0.38585853821609645,0.8746569646803378,0.7545045102702703,5.0
2021-04-25 16:50:00.300,0.3864932066408743,0.7119619522869128,0.47663227570902567,0.9928634870714932,0.8703220367943489,0.3511298036136711,0.6820632811343033,0.10284273504076069,0.7141576800489998,0.9338668943144485,0.5181661121735749,0.1815894201978182,0.3575758628907341,0.9002743907808889,0.7432432317117118,5.0
2021-04-25 16:50:00.320,0.43266966768188203,0.7612424495348414,0.48867864160645624,0.9962597494961621,0.8936919366545292,0.33121504617274994,0.7616122793589044,0.07434091109878749,0.7272864449526543,0.857624292896086,0.49005192782199347,0.215453954713918,0.3212120685546329,0.931381506241247,0.7274774601801802,5.0
2021-04-25 16:50:00.340,0.46641417398650703,0.7931842313691039,0.4845306539828494,0.9986499511862517,0.9151300691623188,0.3164038699584107,0.8322715457884355,0.050214232419642575,0.7303099024350591,0.788963793452391,0.4515571212945462,0.2553994338523195,0.2808081284505694,0.9368710082268519,0.7049549491891892,5.0
2021-04-25 16:50:00.360,0.4672796675809063,0.8184376897899575,0.4836477090105063,1.0,0.9341810304397502,0.30648554833069974,0.9714119668342582,0.029653818674488155,1.0,0.7636900179182985,0.44117649911868057,0.2855944573815634,0.23232306933576938,0.9588288287950671,0.6824324381981982,5.0
2021-04-25 16:50:00.380,0.44225105349964633,0.8598346386646951,0.45643232989324717,0.109841031116012,0.9604636951186265,0.0,0.9411903569011035,0.0225494387978109,0.8222551058072028,0.7577927704130518,0.47491352119024405,0.31998321510857164,0.1757577186850424,0.9606587252483362,0.6869369311711713,5.0
2021-04-25 16:50:00.400,0.4581642466107811,0.8677479493371856,0.4759866432917403,0.0957049202790336,0.9662212379382437,0.12214761510125254,0.9345302995141341,0.020859171724909205,0.7685257864885506,0.7635846862849682,0.5038927581509733,0.3507024386784477,0.13535377858097888,0.9826167331907536,0.6666666666666667,5.0
2021-04-25 16:50:00.420,0.47407743972191585,0.875661260009676,0.4955409566902335,0.0815688094420552,0.9719787807578608,0.24429523020250454,0.9278702421271647,0.019168904652007594,0.7147964671698983,0.7693766021568845,0.5328719951117026,0.38142166224832375,0.12727265957024234,0.9935955497877611,0.6418918861261262,5.0
2021-04-25 16:50:00.440,0.48999063283305067,0.8835745706821666,0.5150952700887267,0.07491660067091388,0.9813290755517602,0.3081120673337013,0.9438949887682909,0.013810326579241451,0.7046930649446767,0.7565290976686905,0.5268166320695726,0.4529251349664304,0.10505061663422943,0.9972552490071975,0.6227477333333334,5.0
2021-04-25 16:50:00.460,0.40804393552907914,0.8996344022748439,0.5173935884624511,0.07394624696902108,0.9789092394983099,0.3225076760811824,0.9354205947387144,0.01562544233772397,0.692717165172284,0.7038753380152373,0.502595180325886,0.5038792140017533,0.11414135834955116,0.9963403476241138,0.6210585427027028,5.0
2021-04-25 16:50:00.480,0.3947729291594474,0.9107436773816406,0.5172043663875137,0.0718026933607594,0.9710145393362922,0.34244275683490055,0.9151098616618843,0.021095430245152445,0.6800528028771355,0.6107835057873311,0.49048445445404265,0.5552526733221196,0.1232321000648729,0.9954254462410301,0.6193693520720722,5.0
2021-04-25 16:50:00.500,0.3815019227898157,0.9218529524884373,0.5170151443125762,0.06965913975249771,0.9631198391742748,0.36237783758861924,0.8947991285850542,0.026565418152581004,0.6673884405819868,0.5441765124791967,0.4951341081679599,0.5892613759792166,0.14343420802937293,0.9882586172458468,0.6189939776576577,5.0
2021-04-25 16:50:00.520,0.39919909667186704,0.9406063055076659,0.5121664640309697,0.06751558614423592,0.9552251390122574,0.3823129183423374,0.8623437376767525,0.035597520795148746,0.6426079915323046,0.4775695191710624,0.4997837618818771,0.6232700786363136,0.1636363159938741,0.981091788250663,0.6186186032432434,5.0
2021-04-25 16:50:00.540,0.35998932794461186,0.9339960148422292,0.5157616285804372,0.06537203253597423,0.9473304388502399,0.4022479990960555,0.829888346768451,0.044629623437716495,0.6178275424826223,0.41096252586292803,0.5044334155957944,0.6572787812934104,0.18383842395837413,0.9739249592554797,0.6182432288288289,5.0
2021-04-25 16:50:00.560,0.32077955921735674,0.9273857241767922,0.5193567931299047,0.04972435116863462,0.8917174238117879,0.5375236931224278,0.7368071533419085,0.07356918068342325,0.5409785216765819,0.3443555325547936,0.5090830693097116,0.6912874839505072,0.3010100985026,0.931381506241247,0.6396396396396397,5.0
2021-04-25 16:50:00.580,0.28236534552512166,0.9031410038157011,0.5260189147311639,0.04139702745885504,0.8593375850770821,0.6013121003233199,0.6272422990874482,0.11226006205148215,0.4514859495189808,0.0918281594835449,0.47318341749426646,0.8127490171812404,0.38585853821609645,0.9057638927664937,0.6644144201801803,5.0
2021-04-25 16:50:00.600,0.3614479971626378,0.8725589064057652,0.5366320897592829,0.032625592432523276,0.8229451215973638,0.6651333518143017,0.548763604155874,0.14418853711133625,0.3853663045081014,0.03833191915423711,0.4671280510180706,0.8439924699691335,0.46666683216162824,0.8709971717737998,0.6914414241441442,5.0
2021-04-25 16:50:00.620,0.4416492778206941,0.8316499579374463,0.5510201015985304,0.024095086082657972,0.7835487490685118,0.7228243473559802,0.47089912115209687,0.17995459400768934,0.3214342114839663,0.02653745862190122,0.5069204395658301,0.8653805916119859,0.511110918033654,0.8417199527667106,0.7229729672072073,5.0
2021-04-25 16:50:00.640,0.5662017608919915,0.7867874887274809,0.5716131494839919,0.01641234853261064,0.7424380862434398,0.7727258689839817,0.3968404824953856,0.21852276751672406,0.2623872980551286,0.04507157148339176,0.6410034760040955,0.8811071506338967,0.5838385067058565,0.7923146222704731,0.7454954781981983,5.0
2021-04-25 16:50:00.660,0.6722155231483538,0.74818485045314,0.5968026483269101,0.009975099686890608,0.7002351924948841,0.818073515258244,0.32813385677996315,0.259340536594984,0.20541325267353647,0.1596461610123064,0.7634083160347863,0.8992451261280856,0.6444444168619505,0.7612076941843172,0.7612612497297297,5.0
2021-04-25 16:50:00.680,0.6641267098778324,0.6980068679281825,0.6201168147786722,0.005172577194640844,0.6571838497961542,0.857053583788,0.2653988462461577,0.3021482696849165,0.15363426037513633,0.3184498827225471,0.7128027864677151,0.9133990155172714,0.7090908865234141,0.7154619692204145,0.7702702587387388,5.0
2021-04-25 16:50:00.700,0.5218772571579701,0.6271286771612509,0.6251494726815147,0.0021370716155190046,0.6137707279574313,0.8843899154949842,0.2089378757969857,0.34639481662322896,0.11483889544236936,0.36857626240911995,0.691176490267995,0.9203187584686287,0.7373739755861836,0.6752057462421166,0.7837837837837838,5.0
2021-04-25 16:50:00.720,0.4150192278981573,0.5639430269729448,0.6205881159040083,0.0006596584750373091,0.570367196453082,0.8998652439469681,0.13716572260543902,0.4146588506966996,0.08246246970590627,0.36562764555212807,0.7024221642918494,0.9251415742500172,0.8060605910156095,0.6331198141847509,0.7770270212612613,5.0
2021-04-25 16:50:00.740,0.3991566069789549,0.5386640973582796,0.6107350416012228,0.0,0.5268704440143104,0.9093283233680218,0.15819148773193215,0.3883878713123992,0.15150431915323986,0.3420387693090612,0.7050173198358158,0.9247221750854893,0.8181818557943082,0.5873740892208492,0.8108108108108109,5.0
2021-04-25 16:50:00.760,0.3908882028748202,0.5603097903749062,0.5878198420644486,0.14176403181172006,0.573416764146767,0.8535460751981649,0.06563897048435047,0.5030049646237331,0.07451116214476512,0.30707667631940155,0.6790657573156031,0.9211575053081814,0.8747476201824423,0.5379687587246107,0.7950450392792793,5.0
2021-04-25 16:50:00.780,0.3665514154664194,0.44741332933131067,0.5965857010494611,0.14999942092295102,0.46641125995822824,0.9059152784443725,0.029482314384587295,0.5780817801566241,0.04413311276775537,0.2615838334677408,0.6505190463319724,0.9150765435227124,0.8989897360024353,0.4958826392930438,0.8243243127927928,5.0
2021-04-25 16:50:00.800,0.3687788839917857,0.4102342265770019,0.6113164700240149,0.15298331524057396,0.39800598200351406,0.9255787625332395,0.015115854838315696,0.6234553530292944,0.046670556220355736,0.21440607753379123,0.6418685349326327,0.9056406115421993,0.8989897360024353,0.45928658396968747,0.8355855682882883,5.0
2021-04-25 16:50:00.820,0.4208887271501664,0.358470691858513,0.6396707865238004,0.15096310137355445,0.33752988578935694,0.9187212090186639,0.007100176405069481,0.6668495571038301,0.05715552637996449,0.1609098372044835,0.6280276982842633,0.8901237006130495,0.9353535303385365,0.40805098227177644,0.8558558558558559,5.0
2021-04-25 16:50:00.840,0.46722079357031904,0.31764955307272075,0.6537290471662003,0.14768268861395872,0.28134943374050964,0.9016349844007788,0.004622902246398423,0.7076777843076117,0.07515040119588415,0.1149957574627111,0.5856401598569763,0.8687355961333648,0.9454547222332553,0.3357730703548904,0.8614864836036036,5.0
2021-04-25 16:50:00.860,0.5095780998264757,0.2828471744451404,0.6479871060147889,0.14453156336938022,0.24762763970708787,0.8829500712292375,0.006596040333155107,0.7452062315968141,0.10134845344161698,0.08424599889600945,0.5614187074052347,0.8479765389109691,0.9555559141279741,0.2653246801428689,0.8761261203603604,5.0
2021-04-25 16:50:00.880,0.559830859303266,0.23491622884734345,0.6350945681444224,0.14071206902598427,0.2172178200584454,0.8601334626274487,0.012026070955804338,0.77897857803502,0.13343848243131604,0.07160909906160802,0.5700692244690132,0.8274271469445021,0.9545456708172795,0.23421775205671297,0.8896396338738739,5.0
2021-04-25 16:50:00.900,0.6142091987560926,0.21066035243265865,0.6233266667794507,0.1375333193593614,0.19749890352913924,0.8409509802603632,0.020100191724905715,0.8092548232517163,0.16849535947415878,0.09224934465642005,0.581314901325087,0.804361497296209,0.9535354275065859,0.20311082397055705,0.9031531473873874,5.0
2021-04-25 16:50:00.920,0.6345910792068232,0.19212668519017811,0.6181886261731069,0.1343545696927385,0.1777799869998331,0.8217684978932782,0.029858927010061615,0.835918949470869,0.20581909487297276,0.14026955713151387,0.5865052124130199,0.7804571179715304,0.9353535303385365,0.14272648950310976,0.8873873758558559,5.0
2021-04-25 16:50:00.940,0.6219695119338817,0.14269585819661848,0.6187408873243764,0.12823979335920963,0.14514140392803945,0.7801821404812779,0.04019073762738841,0.8584860970357242,0.24483722891275866,0.199241790836878,0.5942906762126998,0.7576011679055012,0.9555559141279741,0.1061298720571467,0.8918918918918919,5.0
2021-04-25 16:50:00.960,0.614762395389526,0.12003922899297995,0.6187805022876371,0.12469483047315492,0.12766810313050436,0.7515027897663876,0.05064141882104198,0.8775957627634038,0.28418685229242635,0.2561078435395001,0.5899654169727557,0.7357936814244563,0.9313133845705742,0.08234215503566247,0.9144144028828829,5.0
2021-04-25 16:50:00.980,0.6194642405706169,0.09896086592580167,0.6130878713657189,0.12157032646080347,0.1131331221479211,0.7226114407852693,0.0606807340584342,0.8934307056368085,0.3235146636882988,0.32139850647517043,0.5882353132767781,0.7120989845188742,0.9151515602865036,0.0548948324818424,0.8918918918918919,5.0
2021-04-25 16:50:01.000,0.646423981757728,0.08083689513425803,0.6169207077228044,0.11900509669363318,0.10166127954270057,0.6935422821186458,0.06970241503023393,0.9058849829101477,0.36281738498169114,0.40522326848106827,0.6185121279563865,0.6846299182537204,0.9070708550131742,0.04208593205736464,0.9031531473873874,5.0
2021-04-25 16:50:01.020,0.6798119705582026,0.06656085496055505,0.6176342419358557,0.1172126656384651,0.09345682780466663,0.6673774452010822,0.07700061449562828,0.9147669061002768,0.39801340927178863,0.4941027973163582,0.6600346166598493,0.6546445771435728,0.9111114145185413,0.032936824539423905,0.9144144028828829,5.0
2021-04-25 16:50:01.040,0.6752479865173951,0.05997253595032499,0.6231240774101112,0.11632675931355722,0.08830350128830643,0.645159954235987,0.08223744496916441,0.9203350081826992,0.4278105156423387,0.5695029663282866,0.6972318461233682,0.6223526847991299,0.8909094444665107,0.01463860950354456,0.9031531473873874,5.0
2021-04-25 16:50:01.060,0.643530689247512,0.05588353455507203,0.6206469680391212,0.11620957369326373,0.08617865815156503,0.6274552832620193,0.08504551409680183,0.9226282277878143,0.4515621780366402,0.651010978879715,0.6903114348797319,0.5702453301466593,0.8868688849611412,0.009149107517939672,0.8986486428828829,5.0
2021-04-25 16:50:01.080,0.5773069327513326,0.05348875300918202,0.6182313994064849,0.11674653308201938,0.08701147413563258,0.6127400240010379,0.0853734720591729,0.9217300195929762,0.4713993744576837,0.6836562982801951,0.6505190463319724,0.5110085913153376,0.8909094444665107,0.0,0.907657651891892,5.0
2021-04-25 16:50:01.100,0.5369345706079375,0.05998423057202316,0.6098709120590469,0.11770616978049722,0.09102210870599307,0.598248934286351,0.08083014784776123,0.9132929188471527,0.5011490547392061,0.6903959850875073,0.681660919940118,0.4657160766172728,0.8868688849611412,0.007319398438872866,0.9031531473873874,5.0
2021-04-25 16:50:01.120,0.5505988747647678,0.08844446197611855,0.6021398099564873,0.11883718066143652,0.09861383181766634,0.5836691940541664,0.15251009832497442,1.0,0.30786165701131035,0.7257793011760155,0.6972318461233682,0.4229398110194504,0.8989897360024353,0.018298215035879344,0.9211711654054054,5.0
2021-04-25 16:50:01.140,0.483941286409682,0.020293653951235304,0.6351292276428863,0.26873660884324063,0.013559261805571847,0.734231380030599,0.09400818533142734,0.9352862591676555,0.4261040566674417,0.7636900179182985,0.5778546925170222,0.3862444814623458,0.8868688849611412,0.03476672099269295,0.918918918918919,5.0
2021-04-25 16:50:01.160,0.2852295946644172,0.06901856049562798,0.6075295285076532,0.25211559682861523,0.106661492404859,0.6012610536114007,0.05291811661345366,0.8653239346164904,0.5503358107380039,0.7700084505964204,0.42474050692634463,0.3436779120141538,0.9070708550131742,0.05672435418670697,0.9211711654054054,5.0
2021-04-25 16:50:01.180,0.3539853512105711,0.16416345982059208,0.5768500573640579,0.24948608135298503,0.13547740785462523,0.5650975464515994,0.0417136427675339,0.8374562319512711,0.5892825073112267,0.7611626172645237,0.38754327746282585,0.291675402003865,0.9030302955078047,0.08417205148893152,0.918918918918919,5.0
2021-04-25 16:50:01.200,0.5042485186083804,0.21374493970064556,0.5795179310426466,0.2468565658773548,0.16429332330439142,0.5289340392917985,0.03275040413158933,0.808861671722069,0.6223317212716524,0.7464195640099062,0.3581315217117548,0.23820506357039917,0.919192119791873,0.10978947758948256,0.9054053938738739,5.0
2021-04-25 16:50:01.220,0.5513594676511557,0.2510624236824953,0.5732265088803223,0.24827600606481265,0.20551232085399607,0.4936502250233527,0.02562015545661317,0.7750063964235577,0.6568656884651811,0.7034541114685731,0.302768203440471,0.18117005535962555,0.9595960598959364,0.15004570056778038,0.8873873758558559,5.0
2021-04-25 16:50:01.240,0.5953693924858164,0.3202735338162335,0.5480119216789269,0.24975074403244793,0.2559582007367454,0.4561919298236691,0.022126098134327456,0.7359408732249367,0.692783389195453,0.6364785388984299,0.30017303373540766,0.1272803349247994,0.9898992218426871,0.2186641943265339,0.8727477390990992,5.0
2021-04-25 16:50:01.260,0.594458641207232,0.3650797842099172,0.5300601561795725,0.2503944493425845,0.2957894433002703,0.43260435237708733,0.0237117011202198,0.6915977400796375,0.7256527467432666,0.6027801324443944,0.31920417439116144,0.08639126773729709,1.0,0.28179318609968146,0.8671171113513514,5.0
2021-04-25 16:50:01.280,0.4744946205299037,0.3727104325419714,0.5205424384040279,0.2509872937445814,0.3390907985169103,0.4120710032513667,0.03203462736769465,0.6434029711348693,0.7532042738775115,0.6263690190309087,0.3313149144241017,0.058083454632590334,1.0,0.3348581221282559,0.8581081023423424,5.0
2021-04-25 16:50:01.300,0.33442541960711064,0.37455843666666444,0.5058901833536352,0.2520719621495667,0.3842657873632794,0.39416381670996853,0.04824641785362259,0.5932753107365146,0.7756360814471597,0.6988205815292925,0.32179934409622485,0.04005030318478189,0.9878787352212988,0.3952424565957032,0.8400900843243244,5.0
2021-04-25 16:50:01.320,0.2207874661338949,0.40538794456998595,0.4858673402903778,0.25418603380341886,0.42958764965680735,0.37664116995430524,0.07275645262964953,0.5432893580328756,0.795817040215055,0.7805392073540531,0.2724913887608627,0.031033753205629122,0.9393940898439059,0.44098799418540363,0.8063062947747749,5.0
2021-04-25 16:50:01.340,0.1624518789109929,0.4529119711894993,0.4756349812298592,0.25743233974042673,0.47401557308780845,0.35530364437190914,0.10575935034818545,0.4947304258523736,0.8192887894366716,0.8310867997960272,0.2413495080721686,0.030614354041101324,0.9474747951172353,0.4995424321995819,0.7927927927927928,5.0
2021-04-25 16:50:01.360,0.17628342633278182,0.5119384122444475,0.46554702077120935,0.26146320536274287,0.5169835736175987,0.33101485586479523,0.14606612154530585,0.44831608545432194,0.8446986990080929,0.8416175496580284,0.2352941522167954,0.030824070786532914,0.8989897360024353,0.5580968702137601,0.7747747747747749,5.0
2021-04-25 16:50:01.380,0.20616441697015978,0.5717862389032562,0.45643780774263104,0.2658593625748213,0.5587648676141591,0.30588534072862716,0.19264296101782724,0.40382111812910987,0.869025452946325,0.8352990825017489,0.2257785818889185,0.030824070786532914,0.8707070606770729,0.6075022007099976,0.7522522407207208,5.0
2021-04-25 16:50:01.400,0.22077451613350407,0.6132261416618613,0.4518931049691571,0.2704044812407583,0.5997565237636661,0.2798715003482435,0.24527425626453592,0.36088926404683386,0.8920867431911542,0.8369840128231163,0.22491353712147813,0.032711229721567224,0.8262629748050472,0.6514182165948336,0.7229729672072073,5.0
2021-04-25 16:50:01.420,0.24959917466852138,0.6484503960733707,0.4499740556976031,0.275157754453388,0.6398427081327536,0.25291869112597426,0.30330607726530723,0.319699423068839,0.9138129488582766,0.8428812430892842,0.23096890713794832,0.036275950988377874,0.7656566509115459,0.698993650637803,0.7184684742342342,5.0
2021-04-25 16:50:01.440,0.2943983147428566,0.6969928519009957,0.456881920906852,0.280234371240587,0.6786274624950145,0.22447459127206562,0.3657571034389625,0.28068573228582683,0.934870268261053,0.8260320433100824,0.25346024810510887,0.03942123876432534,0.6969700354821201,0.7447391882275036,0.7072071956756758,5.0
2021-04-25 16:50:01.460,0.33021268749760757,0.7450894533539124,0.45348677094581274,0.28535651163985654,0.7164017561531875,0.19748465056254932,0.4315348035458043,0.24356465424369425,0.9515535234252269,0.7946504035495953,0.27811422577278994,0.05388969469007468,0.6444444168619505,0.7904849131914063,0.6734234061261263,5.0
2021-04-25 16:50:01.480,0.3331726696574132,0.7890568916186393,0.43527369813254224,0.2903352040512557,0.752932796359215,0.17444078417922534,0.4988731409805034,0.20856106962680623,0.9612873028520874,0.788542563457911,0.273356433528303,0.07989097543997048,0.567677096159193,0.8325708452487709,0.6711711596396397,5.0
2021-04-25 16:50:01.500,0.3367465845229697,0.8231616783680974,0.41952565274949466,0.2952039207594229,0.7876728380155893,0.1532625752030694,0.5667226218934067,0.17615430762331144,0.9671408330355911,0.8028643936136799,0.291522536497165,0.101279079919655,0.5030306264977294,0.8746569646803378,0.6351351236036037,5.0
2021-04-25 16:50:01.520,0.384313556134572,0.8277569491692575,0.4150785783835437,0.33387925346365566,0.7857081174089979,0.11400710875420246,0.6374282450106985,0.1491321938896659,0.9939354065883272,0.8209772868241376,0.3140138774643255,0.1264416052484142,0.45050500787756,0.9075937892197627,0.6351351236036037,5.0
2021-04-25 16:50:01.540,0.38707371465398654,0.8841637988107447,0.43046948044731265,0.33128926203562714,0.8500527857772543,0.11022601885422106,0.760963753836342,0.09727207898981445,0.9806961403150585,0.8235046564475706,0.32179934409622485,0.1539106543504004,0.38585853821609645,0.9277219007089111,0.6013513340540542,5.0
2021-04-25 16:50:01.560,0.40014972938777815,0.9294546566317887,0.4286749983334015,0.3398431843039127,0.8887258307710075,0.07852375815702872,0.8171969126559432,0.07744971520011533,0.9835744927511574,0.8053917632371129,0.33564015950294884,0.1834766134591878,0.3131313632813012,0.9478498248238584,0.5923423481081082,5.0
2021-04-25 16:50:01.580,0.3947862043360595,0.9523831934837382,0.4302376567111827,0.3480745035637707,0.9213609310371602,0.05279501638762942,0.8672032959207814,0.06048051922480541,0.9831347321548409,0.7763268832745425,0.3442906921439339,0.21786537118619606,0.2565655988931694,0.9698078327662758,0.5698198140540541,5.0
2021-04-25 16:50:01.600,0.3921605033317156,0.960107237218946,0.4316337223309299,0.34995999474752654,0.928790635184142,0.05201532781980431,0.8839181444161184,0.05453773024178808,0.9780654633625782,0.7295703642307045,0.3494809890707698,0.25854475595460225,0.1959596887370753,0.9826167331907536,0.5495495495495496,5.0
2021-04-25 16:50:01.620,0.38953480232737175,0.9678312809541537,0.43302978795067715,0.35184548593128234,0.9362203393311237,0.05123563925197868,0.9006329929114555,0.048594941258770764,0.9729961945703154,0.6701769453524651,0.36764708495908327,0.3021597632430272,0.14343448385431062,0.9862763387230894,0.5495495495495496,5.0
2021-04-25 16:50:01.640,0.4037048182615771,0.9812050272070373,0.4355550669316035,0.3544207965327151,0.9478153131767675,0.061146331122035824,0.9238002724661134,0.03946563053665978,0.9546039342622892,0.6166807291578676,0.39965401041521764,0.34808134579418204,0.10101026399756356,1.0,0.5123873902702704,5.0
2021-04-25 16:50:01.660,0.41913887974053443,0.9913163586976521,0.4346864467989879,0.3557953460148489,0.9558771068883002,0.08376238609407624,0.9356751309704096,0.033194041580166186,0.9274341257058382,0.5855097061185284,0.43252598063879244,0.3952610486046662,0.06262618990877881,0.997255155320097,0.5225225225225226,5.0
2021-04-25 16:50:01.680,0.41559598782745605,0.9898092912646093,0.44523049213468535,0.35634126397023386,0.959898990271911,0.11498153780308729,0.9363358698063629,0.03008871632199309,0.895678052472584,0.5703454283859362,0.47923878043018814,0.44579575593652937,0.06868682229812823,0.9986275308164979,0.521959460900901,5.0
2021-04-25 16:50:01.700,0.42792952256086886,0.9801047094880166,0.4616885779843269,0.3563206912385643,0.9594042299691229,0.15251068075241053,0.9253617608959495,0.030469811617873193,0.8614093062888836,0.5387531767312431,0.5795847947968901,0.4996854626408214,0.07474745468747881,0.9999999063128989,0.5213963992792794,5.0
2021-04-25 16:50:01.720,0.4706108184303264,0.9756869276526153,0.4782543948718512,0.35556139888703026,0.9541752768159882,0.2005819688480624,0.9014037224930935,0.034512771959972016,0.8201132224030728,0.4941027973163582,0.7102076238432002,0.5625917382037505,0.1232321000648729,0.997255155320097,0.5427927870270272,5.0
2021-04-25 16:50:01.740,0.48158054697721037,0.9717607200076981,0.4847476544572609,0.3547445576952407,0.9487589155497942,0.23130809288394238,0.8819370059707641,0.03874245838681517,0.7942336893952713,0.44903118445917745,0.741349483290249,0.6324176914980001,0.14747462962227292,0.9850563452961769,0.5442942885285287,5.0
2021-04-25 16:50:01.760,0.49255027552409425,0.9678345123627808,0.4912409140426707,0.35392771650345123,0.9433425542836,0.26203421691982287,0.8624702894484348,0.04297214481365832,0.7683541563874694,0.38016008036168975,0.6663062409115407,0.6831096649349774,0.17171715917967412,0.9728575352722563,0.5457957900300301,5.0
2021-04-25 16:50:01.780,0.2976765246215163,0.9356875937844223,0.490642086379119,0.34987484269086505,0.9137721571335763,0.36589193138595283,0.7752384787743677,0.0666964748595929,0.6804843445464014,0.31128897626420204,0.5912629985328324,0.7338016383719547,0.19595968873707414,0.9606587252483362,0.5472972915315316,5.0
2021-04-25 16:50:01.800,0.1624045286892997,0.9192525071710921,0.4770803858342144,0.3435200217928715,0.8715307650427496,0.4744010731072481,0.6654368053943978,0.10181235897481102,0.5841301660645656,0.13689973096693658,0.5960207799086774,0.8179911978008215,0.3090912175133389,0.9130832912053666,0.5833333160360361,5.0
2021-04-25 16:50:01.820,0.3182724448465473,0.9116963735832129,0.49113576138008835,0.3378560479704166,0.8362536502398997,0.5532357257225652,0.5827787458274726,0.13238546547404964,0.5074005788960284,0.08171861203349763,0.7318339129623721,0.854267165952367,0.3979798029947953,0.8819761757450084,0.6238738681081082,5.0
2021-04-25 16:50:01.840,0.5288192035612843,0.8754288435087814,0.5314195446502954,0.3321329202039983,0.7974387259836395,0.6315488299039993,0.4999778713485598,0.16720690143139696,0.4252703547008304,0.1173125344997064,0.905709352109494,0.9041727831190222,0.43838415683626597,0.8545288531911884,0.6509008951351352,5.0
2021-04-25 16:50:01.860,0.6282489037995814,0.7947092254261972,0.581367570738661,0.3270811499002112,0.7559534344126695,0.7011296764510436,0.420479272546117,0.20570851213577768,0.3472089498488603,0.1842881225850206,0.95285466189365,0.9325330339916708,0.555555417643087,0.8179322357452263,0.6824324381981982,5.0
2021-04-25 16:50:01.880,0.5878518385320929,0.7337850396351887,0.6037790786698248,0.32316737202601126,0.7114583497979424,0.7616042255777815,0.3086648990224237,0.27168745329441785,0.24317652418045257,0.25126371067033476,0.999999971677806,0.9608932848643191,0.6121211820312188,0.7813358056734656,0.7027027027027027,5.0
2021-04-25 16:50:01.900,0.5204342049558339,0.6780777707268955,0.6208198581673129,0.32051415517144355,0.6642916143500708,0.8112964738530024,0.2726321491856937,0.2981745904338235,0.3051649938159405,0.38921652869082646,1.0,0.9928706604453844,0.6808082111980518,0.7282708696448922,0.7229729672072073,5.0
2021-04-25 16:50:01.920,0.4095499350018373,0.659742117280637,0.5777296964566941,0.3099062792342155,0.6776626171708116,0.5986576713035004,0.23659939934896362,0.3246617275732291,0.3671534634514283,0.4620893142880589,0.9653978765166082,1.0,0.7171720055341506,0.6861847502133254,0.7342342227027028,5.0
2021-04-25 16:50:01.940,0.33913722305325983,0.5391589579682755,0.6260676666321765,0.3179978614929259,0.5542485628343133,0.8356318583800715,0.10371925890578872,0.4501527268482495,0.08771043997799544,0.4953664872997983,0.9446366463259739,0.9939190553776983,0.7737373561848776,0.6440988181559607,0.7590090032432433,5.0
2021-04-25 16:50:01.960,0.3212704555097032,0.47355527894184785,0.630068150101508,0.32207435186189587,0.4665987257575095,0.914188624321996,0.0666954717402933,0.5028006659210017,0.06331247010762196,0.48820557394582176,0.9463667500219514,0.98091843645671,0.8101011505209789,0.5946934876597221,0.7747747747747749,5.0
2021-04-25 16:50:01.980,0.350092181753883,0.45950234445235655,0.6271168784712515,0.3228885668169277,0.4195389549864028,0.927921679447722,0.03984944573402119,0.5543381732820883,0.04190838435123378,0.4486099510168816,0.9550172968240334,0.9651918602716314,0.8787877659504046,0.5471182409909549,0.7612612497297297,5.0
2021-04-25 16:50:02.000,0.3811279815450514,0.43918212370590837,0.6306505130655334,0.3231221877041553,0.37430312159759455,0.9403211255999806,0.022438452560426623,0.6043093937187641,0.022957544198184805,0.3850042252982102,0.9593425489834291,0.946949060731062,0.8868688849611412,0.5013723286528499,0.7770270212612613,5.0
2021-04-25 16:50:02.020,0.40253541611175153,0.4098270690899862,0.6452112070376419,0.32245402739931606,0.331116882553506,0.9502389022450018,0.013348967131009,0.6522711291858219,0.008160382887098009,0.30707667631940155,0.9463667500219514,0.9259803039264024,0.9111114145185413,0.45196699815661234,0.8063062947747749,5.0
2021-04-25 16:50:02.040,0.4244366279180216,0.36713989184182966,0.6663200541094582,0.3206364953930751,0.2903778841236096,0.9556351391758625,0.011180642990522243,0.6976241604520961,0.0003758405311343742,0.26116260692107646,0.929065741384369,0.9066890751271838,0.9595960598959364,0.3815187953187931,0.8254504360360361,5.0
2021-04-25 16:50:02.060,0.4482066788115231,0.29873637227464633,0.6801469223424511,0.31788716806039374,0.2525343547409594,0.9561755440108038,0.014552141627908041,0.7397496468598614,0.0,0.25021062706459524,0.9256055269118653,0.8861396488343815,0.9555559141279741,0.32204940907798035,0.8490990933333333,5.0
2021-04-25 16:50:02.080,0.4923715541090094,0.23171836531931622,0.683145778895308,0.31454806298727095,0.21795444859413488,0.9533164194927957,0.022216882345364525,0.7781614489512255,0.004849034039029805,0.27716935705476553,0.9204152229044809,0.8637031150960478,0.9525253910645959,0.2868252608155199,0.8609234190990991,5.0
2021-04-25 16:50:02.100,0.519143593084289,0.19653677319551469,0.6741380762147611,0.311141556608044,0.18647375922993972,0.9483120251157092,0.03306332595900705,0.8130061335338123,0.012995475026513199,0.32645324916985224,0.8866782008329175,0.8414762122873073,0.9494948680012176,0.25160111255305945,0.8727477448648648,5.0
2021-04-25 16:50:02.120,0.521652999662216,0.16261684610101734,0.664013802838542,0.3079288371398814,0.15807963029131197,0.940476481998677,0.04583779925454776,0.844288294934088,0.025195508557963306,0.3858466818393546,0.8624567561697792,0.8171524509612688,0.9474747951172353,0.19213181999934728,0.8761261203603604,5.0
2021-04-25 16:50:02.140,0.5478669495281436,0.13819303645751385,0.6685455035075729,0.30499652145969836,0.13293175454604927,0.929917769378585,0.05943018155139992,0.8718476997959482,0.04110110405666743,0.4443976614155284,0.8624567561697792,0.7894737022770185,0.9232322655598353,0.17566331404253474,0.9054053938738739,5.0
2021-04-25 16:50:02.160,0.582372208454844,0.10991680299941195,0.684205884130402,0.3022995231178161,0.1113739231280331,0.917674914919119,0.07277858128108936,0.8953432994255515,0.05911997548116092,0.4890480373825976,0.8650519187942941,0.7601174427504951,0.9353535303385365,0.1482158041145124,0.9144144028828829,5.0
2021-04-25 16:50:02.180,0.5929956733877548,0.07814292361864808,0.6921821648029439,0.29973837135803355,0.0934346474523861,0.9047166798491927,0.08507076345549675,0.9147915068264997,0.07783448566678199,0.5202190569741211,0.8451557192100031,0.7284546079612416,0.8868688849611412,0.11527879220088522,0.9031531473873874,5.0
2021-04-25 16:50:02.200,0.6086757084292009,0.07359266172336548,0.689583502768854,0.2972845201286367,0.07891362653547744,0.890378185287575,0.09565506765976964,0.930458563827819,0.09809307895746726,0.5442291666594837,0.8079584968270327,0.6963724083337957,0.8868688849611412,0.09881047361827384,0.9301801744144145,5.0
2021-04-25 16:50:02.220,0.6007083273693923,0.06379721581371059,0.6875948948744152,0.2948913496491691,0.06778804547658689,0.8738470437050688,0.10392182117666507,0.9424130144376874,0.12095498822263932,0.5497051565877243,0.7707612602829654,0.6592577053569146,0.8747476201824423,0.09698076453920704,0.9279279279279279,5.0
2021-04-25 16:50:02.240,0.612852430409864,0.056846717447022244,0.6863329814506026,0.2923625935800746,0.06049894428445494,0.8545819056300709,0.10903751146859866,0.9502211347073702,0.1471154357387127,0.5383319469091539,0.7335640308194467,0.5991822153952481,0.8545456501304095,0.07868273687752887,0.932432420900901,5.0
2021-04-25 16:50:02.260,0.6276992977962123,0.06979827246894406,0.6942149501388704,0.2896175073750764,0.05699424672235544,0.8328218368023901,0.11082823003130288,0.9539684919720084,0.1763095815350646,0.5370682567533229,0.6107266613244872,0.5386873554464385,0.8626263554037412,0.07136315106445376,0.9279279279279279,5.0
2021-04-25 16:50:02.280,0.575374336305349,0.06399973280866952,0.6904476035559151,0.28675242988070204,0.05731245834333714,0.8084992593685247,0.10919269572934028,0.9536282132245598,0.2087204809813585,0.5400168670594648,0.557093446749181,0.4927657729124469,0.85050509062504,0.07136315106445376,0.9391891834234235,5.0
2021-04-25 16:50:02.300,0.4761075288164607,0.0,0.726534050632869,0.3868538026195489,0.0,1.0,0.16214109738819518,0.9956956757209641,0.049203348926993615,0.5623420564221258,0.5397924097894048,0.4455860735174331,0.8343432663409718,0.07685265305005759,0.9481981924324324,5.0
2021-04-25 16:50:02.320,0.5156673976666153,0.056884194093266637,0.6726369705566314,0.37061205181679313,0.03517601969915251,0.8640528328018543,0.08866581821256059,0.9314784047736075,0.3035870327809505,0.60067398591981,0.46366784716638954,0.401341991510651,0.8343432663409718,0.08051225858239344,0.943693687927928,5.0
2021-04-25 16:50:02.340,0.40994850977157393,0.07364442581203975,0.6505538977965578,0.3552705554001382,0.07796598612692517,0.7373484993538323,0.0702942146059308,0.9065715779115188,0.36834108881037314,0.6415333022800062,0.36159172910371,0.35542041410844644,0.8343432663409718,0.09698076453920704,0.932432420900901,5.0
2021-04-25 16:50:02.360,0.3313189712314315,0.09475785735665224,0.6360825699289647,0.34942732542254284,0.11164083727628277,0.6729039329947414,0.05597045200891257,0.8835016741310622,0.41369685595985484,0.6832350717335307,0.28460210755215753,0.31180541196897177,0.85050509062504,0.11893858510742329,0.9211711654054054,5.0
2021-04-25 16:50:02.380,0.31151878574406905,0.12333225750507543,0.6248645478332471,0.3472308584450232,0.14716239023321503,0.6217471345718487,0.042049260647711015,0.8562709143144405,0.4616264070684958,0.7177759381765261,0.15397927142529882,0.2776263194978922,0.8424243853517106,0.15370549347431847,0.9234234118918919,5.0
2021-04-25 16:50:02.400,0.26539694289854204,0.12798750940541884,0.6144374687198266,0.3466491584216155,0.1750217707801058,0.5822507857742081,0.030422356519809488,0.825642014870463,0.5167006530007694,0.7211457815801822,0.024221494226977457,0.2358985054708369,0.8747476201824423,0.17566331404253474,0.8986486428828829,5.0
2021-04-25 16:50:02.420,0.3323392829362295,0.18720127214094837,0.5705265186139288,0.34655934438690833,0.20624813024533606,0.5389490045164531,0.022195888496562313,0.7911357874548334,0.5773503532026669,0.6870261451316669,0.0,0.1797022440996161,0.8989897360024353,0.20860013858195864,0.8986486428828829,5.0
2021-04-25 16:50:02.440,0.5290789360713247,0.30315740090633475,0.5233088002680744,0.34674813981693015,0.24182250214910023,0.4978518598987564,0.017866049031417523,0.7516601570046516,0.6350487422988726,0.6352148523628054,0.07439447308813445,0.12036066062611263,0.9090909278971541,0.27813367425444724,0.8738738738738739,5.0
