2021-04-07 18:08:54.760,0.30157035076538574,0.6148549064135517,0.654524501388933,0.3782004812679288,0.8542662284127437,0.9351137455648073,0.08976145701267249,0.14035598980112898,0.9692405264980264,0.5483584995951383,0.5481185921378847,0.4740883040323663,0.9445228304950807,0.9488305288601898,0.017272646943729982,1.0
2021-04-07 18:08:54.780,0.5691170278268093,0.7359583155771047,0.06145088770759582,0.3922629429007809,0.8660523182066745,0.9346910855617182,0.09488982413887254,0.1262820790090543,0.9649913951195503,0.5394853851764596,0.576054739284033,0.4675075527151565,0.9371023768377728,0.912280607202195,0.018181772821153925,1.0
2021-04-07 18:08:54.800,0.818516400237288,0.7903184364332966,0.8227828219984636,0.37924650882588584,0.854723518301641,0.9354765423830274,0.09413321585282734,0.13715161118236294,0.9677937602561689,0.5399290407938995,0.5396807366640496,0.4823142431788786,0.9307419259593763,0.9210525764235034,0.016363521066306303,1.0
2021-04-07 18:08:54.820,0.20043965119897178,0.6030977894947145,0.36578214546018345,0.38623926778884626,0.8549422659662237,0.9406839879190214,0.08667519358659585,0.13694152733922907,0.9688661219029796,0.5028837852806946,0.5679589586126259,0.4662736613943113,0.9265016977412663,0.912280607202195,0.018181772821153925,1.0
2021-04-07 18:08:54.840,0.7517442178362223,0.794748216686473,0.1889895890294841,0.3807082238630603,0.8584631491971084,0.9342299866504857,0.09579484921579723,0.13356052326717238,0.9666540538856242,0.5417036636994234,0.5298745764179847,0.4787496695487233,0.9265016977412663,0.9152046967477221,0.016363521066306303,1.0
2021-04-07 18:08:54.860,0.6806170101812362,0.7217717378104327,0.8524766230353991,0.37143596869159334,0.8498974683291488,0.9362409288991393,0.09319180954547394,0.1417903271510514,0.9690680415423396,0.4897959437128478,0.5656784564049782,0.4595558115401946,0.9265016977412663,0.9269004560992847,0.010908951983594078,1.0
2021-04-07 18:08:54.880,0.19927517677551476,0.6103256149622668,0.20246870696934754,0.38830638500658887,0.8559127624120038,0.941647957981511,0.08526597599473054,0.1360092969522944,0.968843673661735,0.5301686144503804,0.5834663708452377,0.4617493948637295,0.9307419259593763,0.9239766659690305,0.034545386978375676,1.0
2021-04-07 18:08:54.900,0.8583539678831598,0.8084675427726079,0.29993139409422054,0.3788802424212601,0.8543930558313856,0.9355877494380213,0.09140860395239192,0.14187302199714913,0.9693517369176625,0.5505767782270431,0.543899663934313,0.47491089794701746,0.9413426050558822,0.9473684840874271,0.012727203738441698,1.0
2021-04-07 18:08:54.920,0.6303820216911744,0.7018180464305758,0.8341776881186682,0.3716609362950618,0.8452344864138499,0.9393827681834115,0.08680740995311878,0.14208594144771114,0.9700760792427771,0.5292813033607557,0.5646522307190618,0.4606526025286595,0.9222614695231564,0.9415203049963728,0.02909091098657864,1.0
2021-04-07 18:08:54.940,0.2120807047592963,0.629142540501373,0.16953114622640128,0.3908566560518655,0.8512987335096945,0.947021530155009,0.0822062159538456,0.14229886089827318,0.9708004215678917,0.5097604513999924,0.6002280567063248,0.4639429784116986,0.9371023768377728,0.9269004560992847,0.025454407476883396,1.0
2021-04-07 18:08:54.960,0.7478085176522503,0.7530522263454938,0.5496146030099273,0.3814102185167769,0.847439446278602,0.9408143610323817,0.0803675774529535,0.1468116767860519,0.9721438944037663,0.48303019388553786,0.5869156283144115,0.4692898391374743,0.9434628277161693,0.9415203049963728,0.02909091098657864,1.0
2021-04-07 18:08:54.980,0.23065222202971752,0.6311976428494721,0.23606480353235185,0.3734720690993256,0.8399942026831347,0.9466626666204128,0.0785289389520614,0.15132449267383052,0.973487367239641,0.4562999363710833,0.5736031999224981,0.47463669986325,0.9477030559342793,0.9532163637632067,0.02909091098657864,1.0
2021-04-07 18:08:55.000,0.5048002665645056,0.7227213136130243,0.20534033990917075,0.38774746017558864,0.848715602729824,0.9571217261396849,0.06326072540876526,0.1429270946129842,0.9734488845403642,0.38154394284451393,0.6213226995908002,0.4768302835234362,0.9519432841523886,0.9766081818816034,0.034545386978375676,1.0
2021-04-07 18:08:55.020,0.7789483110992936,0.8142449843765766,0.1746158762859896,0.3807489094934748,0.8571114593136159,0.9518915496320705,0.06569584171006018,0.13349088643772705,0.9708446022263619,0.3806566350231249,0.5980615819278642,0.4949273498701974,0.9593637920853129,0.9831871587975852,0.03272718176898578,1.0
2021-04-07 18:08:55.040,0.8388157755780732,0.8054725333282382,0.7905470347153664,0.3676789618482228,0.8599603350211457,0.9586159803484512,0.054008368727104177,0.12745276709150827,0.9706561687115254,0.42768414928225545,0.5695553093488008,0.47600768983321917,0.9667843000182366,0.9897661357135661,0.030908976559595888,1.0
2021-04-07 18:08:55.060,0.24480268951438086,0.6689434943709154,0.414320626729256,0.3690134983912663,0.8711348381110229,0.9713472407018857,0.042320895744148164,0.12141464774528947,0.9704677351966887,0.5390417293411375,0.6124287419040163,0.4642171770565516,0.9795053103262624,0.9941521203242203,0.02909091098657864,1.0
2021-04-07 18:08:55.080,0.5895235335102178,0.8124893338262544,0.06760224176438644,0.34981356647507894,0.9402957852463323,0.9537434386742641,0.06558475927502698,0.05575758888104824,0.9504050777115391,0.5989352524025707,0.6188141439527401,0.4606526025286595,0.9816253158840852,0.9883039412331661,0.018181772821153925,1.0
2021-04-07 18:08:55.100,0.9257089951973358,0.7666784530745954,0.732369738484197,0.3018124682502501,0.877747110038728,0.9801184205867691,0.029601038466534543,0.1150946565760288,0.9699985555014885,0.6164596572259927,0.6135404857982194,0.4516726199703374,0.9816253158840852,0.9824563609726576,0.023636341903866414,1.0
2021-04-07 18:08:55.120,0.3458649040994601,0.6021112637947333,0.6403264111648216,0.30014977816518984,0.8628348651300043,0.9876372054088006,0.019014907589876777,0.12939417149515509,0.9743105648618188,0.6339840620494147,0.6082668276436987,0.44269263741201537,0.9943462176408782,0.9853801511029119,0.016363521066306303,1.0
2021-04-07 18:08:55.140,0.6496530091808708,0.6226468138693841,0.5543345222020699,0.2984870880801299,0.8479226202212807,0.9951559902308321,0.008428776713219,0.14369368641428135,0.9786225742221492,0.6429680905086297,0.5913341017028024,0.437757073924108,0.9971731088204387,0.9683236108204296,0.016666594055752857,1.0
2021-04-07 18:08:55.160,0.6773282896391345,0.5908565995519479,0.5770758507569965,0.30038273929839876,0.8320946843132204,0.9975779951154161,0.0,0.16360749070414107,0.9838016469005587,0.6519521189678447,0.5744013757619062,0.43282151043620065,1.0,0.9512670705379475,0.016969667045199144,1.0
2021-04-07 18:08:55.180,0.7038042269544109,0.7053184573505945,0.6845488474509832,0.30227839051666766,0.81626674840516,1.0,0.003564577502832293,0.18491639607060553,0.988417165645066,0.7666371351314488,0.4887115201615146,0.4472169019226895,0.9659010186447596,0.9237328920351453,0.012121150850464309,1.0
2021-04-07 18:08:55.200,0.7172443804556299,0.8725653239123902,0.8094650761234812,0.29599474619274646,0.7827676563768738,0.9881806926930748,0.020995548510052475,0.21772872965089446,0.9943028425293925,0.9157054483013417,0.4190421978591399,0.38908692836305586,0.9318020372895193,0.8961987135323433,0.007272634655729473,1.0
2021-04-07 18:08:55.220,0.6660034564572399,0.662283137096514,0.904324884973904,0.28971110186882487,0.7492685643485876,0.9763613853861496,0.05362432850202292,0.26150913942941284,1.0,0.8167702176870086,0.34732042493157916,0.32245681903196466,0.8438162705270387,0.8684210605109288,0.036363545642308114,1.0
2021-04-07 18:08:55.240,0.5147066921128527,0.13076511747963654,1.0,0.3220086237262226,0.6970274616327797,0.9341212993928105,0.10052157145721412,0.2910677245989087,0.9992121354514141,0.5616681735653916,0.26168756904148854,0.26487524500637877,0.7754416406867387,0.8421053025546416,0.06818174117024287,1.0
2021-04-07 18:08:55.260,0.3899860920868875,0.19888334713015934,0.9905109581337106,0.37295751553820117,0.6877529103188507,0.8908040216440367,0.1643181548067257,0.30025621268698405,0.9886429079077876,0.5106477646684408,0.17913339888891508,0.2072936934242109,0.7070670108464392,0.8157895445983543,0.09999993669817761,1.0
2021-04-07 18:08:55.280,0.3411496972009289,0.3576669514735589,0.9676811567274098,0.42386864151206544,0.6744801838973864,0.8474393117104989,0.24424668911632283,0.3098748953114182,0.9687205519304178,0.7395741285594626,0.11459518868322509,0.1370990082186226,0.6259715878005784,0.776315832810106,0.13999993930472324,1.0
2021-04-07 18:08:55.300,0.30615810341556776,0.29430291797984653,0.964534590854044,0.47477976748593,0.6612074574759221,0.8040746017769612,0.3355704118347919,0.3434238823675548,0.9406702146447914,0.9232475920184456,0.0700113826291895,0.06169455482055109,0.5448761647547176,0.7368421210218576,0.17999994191126886,1.0
2021-04-07 18:08:55.320,0.21739128855918996,0.0,0.9562783873378977,0.5910701646671912,0.5930571885573459,0.7040853544720619,0.48016968088897466,0.42157132972263617,0.8754767997850502,0.9338953040319787,0.016533586222576058,0.0185083574687981,0.3837455385443716,0.6184209856571101,0.2909090353930542,1.0
2021-04-07 18:08:55.340,0.07175668623815898,0.07125676532243323,0.7882299435730117,0.7155733632039255,0.510189537057994,0.5954203190093883,0.6224718635318841,0.5086040062848438,0.7827307572169956,1.0,0.0,0.0,0.23109536877024495,0.5058477299681458,0.412727229803898,1.0
2021-04-07 18:08:55.360,0.05545813888309549,0.30952118123349903,0.6416256902116013,0.8191238928662149,0.41455638287727914,0.4855744105309443,0.707665386831518,0.5757541591294176,0.7064083862432843,0.9551907825296391,0.01596349345545486,0.017548688133960683,0.15477039243441382,0.4093566673643051,0.5163635769208555,1.0
2021-04-07 18:08:55.380,0.028674241481586583,0.2855380786703053,0.5061145096704741,0.8819361401216942,0.3573001417681627,0.4156928834935005,0.7807717310071599,0.6343032906326411,0.6230685576182431,0.8380656925532961,0.04538197139372436,0.011516323782484404,0.0932861063107341,0.33625712346358816,0.605454524399073,1.0
2021-04-07 18:08:55.400,0.03753815901490829,0.5165719121060655,0.3563960457240984,0.9460029886228141,0.3029898497172134,0.3499196460033219,0.8411863437697839,0.6899621932639444,0.5369751315153691,0.8553682622507816,0.0950969110105378,0.0030162158408652347,0.048763167264422334,0.25730969988708985,0.7036363396696844,1.0
2021-04-07 18:08:55.420,0.053031431634624655,0.5051740704571552,0.28485994654339203,1.0,0.2529152215600922,0.28664657541071886,0.890875371222313,0.7413355636319108,0.4481121651021048,0.9081632682705084,0.15085518114955965,0.027419819598459003,0.01908124408395794,0.17251409721953903,0.7709090666716018,1.0
2021-04-07 18:08:55.440,0.0,0.484924579715445,0.26564659210669167,0.7588433448623645,0.15684414385951126,0.19244952020737247,0.9478983738341668,0.8398804842136579,0.30687489780466803,0.9219165848942003,0.21140249932521796,0.0748560484776035,0.00954056776636288,0.10380083734475003,0.8790908942302139,1.0
2021-04-07 18:08:55.460,0.018684520083470862,0.637701431811221,0.19617912759884598,0.8472839972358663,0.14499143707496145,0.15868814782361693,0.9638868360950207,0.8520246779269972,0.25450553324293274,0.8908607421494982,0.2818700084333746,0.13435700605970047,0.021201358193012918,0.03508757746995934,0.9563636335201321,1.0
2021-04-07 18:08:55.480,0.021590133075782576,0.6878845224185905,0.15190123022269558,0.7815159149980491,0.08880435999476807,0.10452192471627238,0.982454694017259,0.9095158914107069,0.1685282309757632,0.7781721731232356,0.3555302255657062,0.2089388632987789,0.021201358193012918,0.023391518703123747,0.9945454495354707,1.0
2021-04-07 18:08:55.500,0.0723354365779345,0.7837254120009455,0.07581363108183824,0.7191225382740495,0.045867195216970594,0.060879095153453903,0.9920310050311982,0.9533353063472041,0.09834792787030994,0.6215616944480011,0.4320410558629873,0.29256924237731186,0.02226146952315619,0.014619549481816976,0.9972727247677354,1.0
2021-04-07 18:08:55.520,0.12404966064546752,0.9364426882757898,0.013367427955225095,0.6702040987469926,0.01587646369360676,0.028927225221283045,0.9960431214907681,0.9838663181945142,0.0467171333518965,0.47293702247899744,0.5083238322538688,0.38168358537553665,0.023321580853299464,0.005847580260508501,1.0,1.0
2021-04-07 18:08:55.540,0.14626611151613825,0.9864670476379893,0.0,0.6386465049104924,0.00010863301793010953,0.008591740918164233,0.9975367123440327,0.9998895979803791,0.013847135764647217,0.3354037364067724,0.5851767462106746,0.48313683709352984,0.008480456436219606,0.0,0.9745454435776522,1.0
2021-04-07 18:08:55.560,0.1603590548773171,0.9904095567382427,0.012927373510708478,0.6254163994777494,0.0,0.0,0.998458427946736,1.0,0.0,0.20319434447072993,0.6579247495840244,0.574170570381291,0.010600679096506459,0.017543639027342385,0.9327272543798997,1.0
2021-04-07 18:08:55.580,0.19479455743235316,1.0,0.004507602008351782,0.6314392130116284,0.014416644545949835,0.002446915180909392,0.9994641918817188,0.9853507009043774,0.004035479097110575,0.12111801693338257,0.7256556584808054,0.6413490621894322,0.002120114109054979,0.038011367600213584,0.9090908938578502,1.0
2021-04-07 18:08:55.600,0.21057062611339963,0.9483742266907912,0.05535134510930691,0.6503866068265608,0.039952435569448885,0.015084850640987916,1.0,0.9593617099235467,0.024604061528677626,0.09582964416103915,0.7835804080648298,0.6945434776475788,0.0,0.07309924448544408,0.8672727232782808,1.0
2021-04-07 18:08:55.620,0.21267099771983022,0.888587998119529,0.1283542429576572,0.6741533810931576,0.07443011373633993,0.03652645397275885,0.9990044171774326,0.9241984071139718,0.059467722925747174,0.04702749610226578,0.8507981886723986,0.7685769501652655,0.004240228218109958,0.13742681916485255,0.7963636230939495,1.0
2021-04-07 18:08:55.640,0.2365929180526395,0.8647381549267423,0.17638682285451443,0.7029848462300954,0.11767426013239952,0.0655867964866726,0.9951536821806155,0.879993797575426,0.10661339320300653,0.02351374805113289,0.8862599901330637,0.8130655671217212,0.01908124408395794,0.175438486180339,0.7381818011207922,1.0
2021-04-07 18:08:55.660,0.27976990113454436,0.8561075818947876,0.19826999277598187,0.7380032076551015,0.17164710235203817,0.10102186624557545,0.987013666185178,0.8247069657505379,0.16374463675152806,0.0,0.9217217915937285,0.8575541840781769,0.048763167264422334,0.23684197131422036,0.6709090555006919,1.0
2021-04-07 18:08:55.680,0.2713638902979244,0.7636402005629642,0.24314692111098876,0.7778263027048238,0.23768759627253033,0.14172115257406007,0.9614475931939065,0.7180102503564021,0.2655158343674661,0.0740904663605226,0.9565564541448784,0.9054017334802361,0.07420497077800835,0.3245613641120254,0.5890908543873021,1.0
2021-04-07 18:08:55.700,0.24247022044604774,0.7345526204118042,0.3521107231650096,0.8193763831020224,0.3136223374613287,0.18951198848949866,0.9144914362569369,0.5960395257719471,0.3867353521154271,0.12422360338667646,0.9712656744478454,0.9366602753048808,0.12720836626054002,0.3976606085974695,0.5309090324141449,1.0
2021-04-07 18:08:55.720,0.23999165107233272,0.7343027935548879,0.40763685337474975,0.8676513913504359,0.4370942315274828,0.2772552668062614,0.8660036717597054,0.5095991000439812,0.47413683494499753,0.12422360338667646,0.9923603107991621,0.9739512263678382,0.18021197884553605,0.4766080321739678,0.4636363240304106,1.0
2021-04-07 18:08:55.740,0.3284747879592774,0.8169203487394248,0.36653207562834955,0.8766021103780093,0.5647898757109078,0.372410996898018,0.8069458221980667,0.4232388535605389,0.5565143784776176,0.12333631372215222,1.0,1.0,0.2459364931873251,0.552631366204939,0.38545447748125167,1.0
2021-04-07 18:08:55.760,0.42222800016132245,0.9208539551020328,0.3459928197979353,0.848598095232807,0.6472018878557592,0.4369524854646602,0.7391489064850572,0.34058457709386364,0.6312569086609903,0.2009760585760791,0.986088945036722,0.9843707627528047,0.33710237683777267,0.6374269688724898,0.3018181363221127,1.0
2021-04-07 18:08:55.780,0.35354032818275777,0.7223099956263069,0.4710918269292538,0.8141840350830752,0.7274799101516637,0.5056505596938408,0.6598708044561786,0.260995405587064,0.7011583267285301,0.23291927450688313,0.9675028549903811,0.9292569547607799,0.41978780405200034,0.7017545435518983,0.2563635925601293,1.0
2021-04-07 18:08:55.800,0.2404801095854562,0.47883294711051033,0.6758349555766139,0.7776099508819138,0.7989786896155547,0.5753632723099738,0.5738877683816509,0.19102434780540248,0.7620038035887651,0.20541260494577018,0.9348916876941048,0.9303537197148797,0.5024734483686923,0.7748537880373424,0.2181817579266077,1.0
2021-04-07 18:08:55.820,0.3310336776692878,0.656189505780828,0.6303797218898908,0.454302306774727,0.862051742860609,0.6933740680408126,0.4236575480854698,0.13011722472220874,0.8500034289688502,0.25820765817334534,0.8794755030812242,0.9267891662838005,0.5872790982432071,0.8538012116138407,0.18545449237579797,1.0
2021-04-07 18:08:55.840,0.315671816767895,0.8173344153430023,0.593770063695539,0.32242294704018465,0.9159065466831875,0.7011043982470644,0.40799809822018945,0.07878533457972063,0.8439166456212495,0.5048802384098015,0.8354618084604779,0.8253359168101493,0.667844519899612,0.8742689401867102,0.13818173409533335,1.0
2021-04-07 18:08:55.860,0.3417982553841934,0.2532710308716903,0.8343749883229707,0.2523953186252065,0.942555683904113,0.7542504634114252,0.33714893915992944,0.05363090108795061,0.8722225492615371,0.6694765201598937,0.790307890973153,0.7186728991440149,0.753710064001806,0.8888889387914347,0.11454539219146694,1.0
2021-04-07 18:08:55.880,0.33986316373163444,0.008892368898617498,0.9860041495235082,0.19379183230704228,0.9458526337698864,0.7993609549219743,0.2774967075907095,0.05053070215275582,0.8961955529333158,0.5674356994608936,0.7368301225657916,0.6791883867520722,0.7945228304950802,0.9130117792962131,0.09727267077500448,1.0
2021-04-07 18:08:55.900,0.4080743163059309,0.42510758054025777,0.8705517684870342,0.1435322508051805,0.948843656937048,0.8346198548512032,0.22991805144633948,0.04772042852126134,0.9119014191074888,0.3979592047206105,0.6868871197094947,0.665204283469976,0.8353355969883544,0.9371346198009916,0.07999994935854204,1.0
2021-04-07 18:08:55.920,0.5011400403813121,0.6578860820458897,0.7334740463341447,0.09889977918233078,0.9616813179004515,0.8604325025953942,0.19397714329865037,0.03568349721455347,0.9189715843130067,0.2945874132110945,0.6501710427630707,0.6281875573106708,0.8840987642527768,1.0,0.08181812664065746,1.0
2021-04-07 18:08:55.940,0.5982219532064896,0.6133645866933117,0.7255290494030601,0.06483772153385584,0.9816613182833045,0.878394937776143,0.1682404825195694,0.017030889329513268,0.9200257353967666,0.3265306400360174,0.6256556491477213,0.5793803273520652,0.8968196660095704,0.9912280307786933,0.06727270838373438,1.0
2021-04-07 18:08:55.960,0.6368160600712519,0.5313443072710554,0.7583019006902001,0.04065054504145782,0.9972996131230344,0.8913322131586352,0.14968736554839193,0.00250249911238379,0.9198932220543167,0.45430348560236883,0.6074116380943634,0.5456539768513649,0.9074203451060762,0.9970762098697458,0.07454538027582981,1.0
2021-04-07 18:08:55.980,0.6426267383835325,0.5519687222984402,0.7335806125023475,0.019490427317346765,1.0,0.901050183487861,0.13626938506007363,0.0,0.9220229416764938,0.5483584995951383,0.5912200757995746,0.5245407330419833,0.9137807959844734,0.9941521203242203,0.09272720895153296,1.0
2021-04-07 18:08:56.000,0.6251143341978452,0.6227669181173613,0.6741140135662894,0.0,0.9930001043659271,0.9081747664177583,0.12686393260821027,0.006490429842707777,0.9259569959546415,0.5678793515559016,0.5755986398710092,0.5119276263506646,0.9137807959844734,0.9766081818816034,0.08363630392277274,1.0
