2021-04-07 18:08:54.860,0.6806170101812362,0.7217717378104327,0.8524766230353991,0.37143596869159334,0.8498974683291488,0.9362409288991393,0.09319180954547394,0.1417903271510514,0.9690680415423396,0.4897959437128478,0.5656784564049782,0.4595558115401946,0.9265016977412663,0.9269004560992847,0.010908951983594078,7.0
2021-04-07 18:08:54.880,0.19927517677551476,0.6103256149622668,0.20246870696934754,0.38830638500658887,0.8559127624120038,0.941647957981511,0.08526597599473054,0.1360092969522944,0.968843673661735,0.5301686144503804,0.5834663708452377,0.4617493948637295,0.9307419259593763,0.9239766659690305,0.034545386978375676,7.0
2021-04-07 18:08:54.900,0.8583539678831598,0.8084675427726079,0.29993139409422054,0.3788802424212601,0.8543930558313856,0.9355877494380213,0.09140860395239192,0.14187302199714913,0.9693517369176625,0.5505767782270431,0.543899663934313,0.47491089794701746,0.9413426050558822,0.9473684840874271,0.012727203738441698,7.0
2021-04-07 18:08:54.920,0.6303820216911744,0.7018180464305758,0.8341776881186682,0.3716609362950618,0.8452344864138499,0.9393827681834115,0.08680740995311878,0.14208594144771114,0.9700760792427771,0.5292813033607557,0.5646522307190618,0.4606526025286595,0.9222614695231564,0.9415203049963728,0.02909091098657864,7.0
2021-04-07 18:08:54.940,0.2120807047592963,0.629142540501373,0.16953114622640128,0.3908566560518655,0.8512987335096945,0.947021530155009,0.0822062159538456,0.14229886089827318,0.9708004215678917,0.5097604513999924,0.6002280567063248,0.4639429784116986,0.9371023768377728,0.9269004560992847,0.025454407476883396,7.0
2021-04-07 18:08:54.960,0.7478085176522503,0.7530522263454938,0.5496146030099273,0.3814102185167769,0.847439446278602,0.9408143610323817,0.0803675774529535,0.1468116767860519,0.9721438944037663,0.48303019388553786,0.5869156283144115,0.4692898391374743,0.9434628277161693,0.9415203049963728,0.02909091098657864,7.0
2021-04-07 18:08:54.980,0.23065222202971752,0.6311976428494721,0.23606480353235185,0.3734720690993256,0.8399942026831347,0.9466626666204128,0.0785289389520614,0.15132449267383052,0.973487367239641,0.4562999363710833,0.5736031999224981,0.47463669986325,0.9477030559342793,0.9532163637632067,0.02909091098657864,7.0
2021-04-07 18:08:55.000,0.5048002665645056,0.7227213136130243,0.20534033990917075,0.38774746017558864,0.848715602729824,0.9571217261396849,0.06326072540876526,0.1429270946129842,0.9734488845403642,0.38154394284451393,0.6213226995908002,0.4768302835234362,0.9519432841523886,0.9766081818816034,0.034545386978375676,7.0
2021-04-07 18:08:55.020,0.7789483110992936,0.8142449843765766,0.1746158762859896,0.3807489094934748,0.8571114593136159,0.9518915496320705,0.06569584171006018,0.13349088643772705,0.9708446022263619,0.3806566350231249,0.5980615819278642,0.4949273498701974,0.9593637920853129,0.9831871587975852,0.03272718176898578,7.0
2021-04-07 18:08:55.040,0.8388157755780732,0.8054725333282382,0.7905470347153664,0.3676789618482228,0.8599603350211457,0.9586159803484512,0.054008368727104177,0.12745276709150827,0.9706561687115254,0.42768414928225545,0.5695553093488008,0.47600768983321917,0.9667843000182366,0.9897661357135661,0.030908976559595888,7.0
2021-04-07 18:08:55.060,0.24480268951438086,0.6689434943709154,0.414320626729256,0.3690134983912663,0.8711348381110229,0.9713472407018857,0.042320895744148164,0.12141464774528947,0.9704677351966887,0.5390417293411375,0.6124287419040163,0.4642171770565516,0.9795053103262624,0.9941521203242203,0.02909091098657864,7.0
2021-04-07 18:08:55.080,0.5895235335102178,0.8124893338262544,0.06760224176438644,0.34981356647507894,0.9402957852463323,0.9537434386742641,0.06558475927502698,0.05575758888104824,0.9504050777115391,0.5989352524025707,0.6188141439527401,0.4606526025286595,0.9816253158840852,0.9883039412331661,0.018181772821153925,7.0
2021-04-07 18:08:55.100,0.9257089951973358,0.7666784530745954,0.732369738484197,0.3018124682502501,0.877747110038728,0.9801184205867691,0.029601038466534543,0.1150946565760288,0.9699985555014885,0.6164596572259927,0.6135404857982194,0.4516726199703374,0.9816253158840852,0.9824563609726576,0.023636341903866414,7.0
2021-04-07 18:08:55.120,0.3458649040994601,0.6021112637947333,0.6403264111648216,0.30014977816518984,0.8628348651300043,0.9876372054088006,0.019014907589876777,0.12939417149515509,0.9743105648618188,0.6339840620494147,0.6082668276436987,0.44269263741201537,0.9943462176408782,0.9853801511029119,0.016363521066306303,7.0
2021-04-07 18:08:55.140,0.6496530091808708,0.6226468138693841,0.5543345222020699,0.2984870880801299,0.8479226202212807,0.9951559902308321,0.008428776713219,0.14369368641428135,0.9786225742221492,0.6429680905086297,0.5913341017028024,0.437757073924108,0.9971731088204387,0.9683236108204296,0.016666594055752857,7.0
2021-04-07 18:08:55.160,0.6773282896391345,0.5908565995519479,0.5770758507569965,0.30038273929839876,0.8320946843132204,0.9975779951154161,0.0,0.16360749070414107,0.9838016469005587,0.6519521189678447,0.5744013757619062,0.43282151043620065,1.0,0.9512670705379475,0.016969667045199144,7.0
2021-04-07 18:08:55.180,0.7038042269544109,0.7053184573505945,0.6845488474509832,0.30227839051666766,0.81626674840516,1.0,0.003564577502832293,0.18491639607060553,0.988417165645066,0.7666371351314488,0.4887115201615146,0.4472169019226895,0.9659010186447596,0.9237328920351453,0.012121150850464309,7.0
2021-04-07 18:08:55.200,0.7172443804556299,0.8725653239123902,0.8094650761234812,0.29599474619274646,0.7827676563768738,0.9881806926930748,0.020995548510052475,0.21772872965089446,0.9943028425293925,0.9157054483013417,0.4190421978591399,0.38908692836305586,0.9318020372895193,0.8961987135323433,0.007272634655729473,7.0
2021-04-07 18:08:55.220,0.6660034564572399,0.662283137096514,0.904324884973904,0.28971110186882487,0.7492685643485876,0.9763613853861496,0.05362432850202292,0.26150913942941284,1.0,0.8167702176870086,0.34732042493157916,0.32245681903196466,0.8438162705270387,0.8684210605109288,0.036363545642308114,7.0
2021-04-07 18:08:55.240,0.5147066921128527,0.13076511747963654,1.0,0.3220086237262226,0.6970274616327797,0.9341212993928105,0.10052157145721412,0.2910677245989087,0.9992121354514141,0.5616681735653916,0.26168756904148854,0.26487524500637877,0.7754416406867387,0.8421053025546416,0.06818174117024287,7.0
2021-04-07 18:08:55.260,0.3899860920868875,0.19888334713015934,0.9905109581337106,0.37295751553820117,0.6877529103188507,0.8908040216440367,0.1643181548067257,0.30025621268698405,0.9886429079077876,0.5106477646684408,0.17913339888891508,0.2072936934242109,0.7070670108464392,0.8157895445983543,0.09999993669817761,7.0
2021-04-07 18:08:55.280,0.3411496972009289,0.3576669514735589,0.9676811567274098,0.42386864151206544,0.6744801838973864,0.8474393117104989,0.24424668911632283,0.3098748953114182,0.9687205519304178,0.7395741285594626,0.11459518868322509,0.1370990082186226,0.6259715878005784,0.776315832810106,0.13999993930472324,7.0
2021-04-07 18:08:55.300,0.30615810341556776,0.29430291797984653,0.964534590854044,0.47477976748593,0.6612074574759221,0.8040746017769612,0.3355704118347919,0.3434238823675548,0.9406702146447914,0.9232475920184456,0.0700113826291895,0.06169455482055109,0.5448761647547176,0.7368421210218576,0.17999994191126886,7.0
2021-04-07 18:08:55.320,0.21739128855918996,0.0,0.9562783873378977,0.5910701646671912,0.5930571885573459,0.7040853544720619,0.48016968088897466,0.42157132972263617,0.8754767997850502,0.9338953040319787,0.016533586222576058,0.0185083574687981,0.3837455385443716,0.6184209856571101,0.2909090353930542,7.0
2021-04-07 18:08:55.340,0.07175668623815898,0.07125676532243323,0.7882299435730117,0.7155733632039255,0.510189537057994,0.5954203190093883,0.6224718635318841,0.5086040062848438,0.7827307572169956,1.0,0.0,0.0,0.23109536877024495,0.5058477299681458,0.412727229803898,7.0
2021-04-07 18:08:55.360,0.05545813888309549,0.30952118123349903,0.6416256902116013,0.8191238928662149,0.41455638287727914,0.4855744105309443,0.707665386831518,0.5757541591294176,0.7064083862432843,0.9551907825296391,0.01596349345545486,0.017548688133960683,0.15477039243441382,0.4093566673643051,0.5163635769208555,7.0
2021-04-07 18:08:55.380,0.028674241481586583,0.2855380786703053,0.5061145096704741,0.8819361401216942,0.3573001417681627,0.4156928834935005,0.7807717310071599,0.6343032906326411,0.6230685576182431,0.8380656925532961,0.04538197139372436,0.011516323782484404,0.0932861063107341,0.33625712346358816,0.605454524399073,7.0
2021-04-07 18:08:55.400,0.03753815901490829,0.5165719121060655,0.3563960457240984,0.9460029886228141,0.3029898497172134,0.3499196460033219,0.8411863437697839,0.6899621932639444,0.5369751315153691,0.8553682622507816,0.0950969110105378,0.0030162158408652347,0.048763167264422334,0.25730969988708985,0.7036363396696844,7.0
2021-04-07 18:08:55.420,0.053031431634624655,0.5051740704571552,0.28485994654339203,1.0,0.2529152215600922,0.28664657541071886,0.890875371222313,0.7413355636319108,0.4481121651021048,0.9081632682705084,0.15085518114955965,0.027419819598459003,0.01908124408395794,0.17251409721953903,0.7709090666716018,7.0
2021-04-07 18:08:55.440,0.0,0.484924579715445,0.26564659210669167,0.7588433448623645,0.15684414385951126,0.19244952020737247,0.9478983738341668,0.8398804842136579,0.30687489780466803,0.9219165848942003,0.21140249932521796,0.0748560484776035,0.00954056776636288,0.10380083734475003,0.8790908942302139,7.0
2021-04-07 18:08:55.460,0.018684520083470862,0.637701431811221,0.19617912759884598,0.8472839972358663,0.14499143707496145,0.15868814782361693,0.9638868360950207,0.8520246779269972,0.25450553324293274,0.8908607421494982,0.2818700084333746,0.13435700605970047,0.021201358193012918,0.03508757746995934,0.9563636335201321,7.0
2021-04-07 18:08:55.480,0.021590133075782576,0.6878845224185905,0.15190123022269558,0.7815159149980491,0.08880435999476807,0.10452192471627238,0.982454694017259,0.9095158914107069,0.1685282309757632,0.7781721731232356,0.3555302255657062,0.2089388632987789,0.021201358193012918,0.023391518703123747,0.9945454495354707,7.0
2021-04-07 18:08:55.500,0.0723354365779345,0.7837254120009455,0.07581363108183824,0.7191225382740495,0.045867195216970594,0.060879095153453903,0.9920310050311982,0.9533353063472041,0.09834792787030994,0.6215616944480011,0.4320410558629873,0.29256924237731186,0.02226146952315619,0.014619549481816976,0.9972727247677354,7.0
