2021-04-07 18:11:55.480,0.24761210166594216,0.4074790815718462,0.4645655665698336,0.7938416557029906,0.1594427697913665,0.9834299602483286,0.08171036315670968,0.7861954253477207,0.9655415117424235,0.6289999881043005,0.7137578004713191,0.41557103481039204,0.9066658929784365,0.46643089339111155,0.23041473110407884,1.0
2021-04-07 18:11:55.500,1.0,0.544992938816054,0.5530752035704749,0.7900327842128322,0.15201006086994204,0.9790787801235661,0.10291836387323863,0.7960211662629872,0.9673883345005296,0.6274666550037882,0.6758950785518791,0.41271977552637923,0.9599998634667798,0.46289718895729964,0.22811058945571122,1.0
2021-04-07 18:11:55.520,0.44614439504946957,0.4266051222057497,0.8910393365802114,0.789742837019243,0.1441963744971187,0.9798010552399878,0.10127171755342482,0.8063886080396749,0.9707297089524201,0.6311999882025219,0.7219361484059182,0.41271977552637923,0.9333335608886943,0.4416956860293113,0.2142856923765628,1.0
2021-04-07 18:11:55.540,0.5823858448093002,0.4725489696960007,0.2404329391316488,0.7888548400508378,0.15545347166304266,0.9725083081354895,0.1354610389170136,0.7988076021944565,0.9661739315222436,0.6162666542180172,0.6891015963540655,0.4205607381684497,0.9333335608886943,0.4346290008365687,0.22119816451060784,1.0
2021-04-07 18:11:55.560,0.5724107155329403,0.459355093043607,0.7398214571707245,0.786676620797253,0.14437535900150056,0.9714586687596224,0.12558999628532555,0.8031513182206106,0.9681952216765515,0.6342666547091241,0.6952807921746325,0.4122445656457105,0.9599998634667798,0.46643089339111155,0.23041473110407884,1.0
2021-04-07 18:11:55.580,0.8978132931875035,0.5270944704795476,0.4160377040360045,0.7893423141808894,0.14663297819914445,0.9743263854796023,0.16645013076296422,0.8080167196975029,0.966948535361173,0.6341333215976983,0.7015811500937416,0.4207983434977488,0.9733323320897381,0.45229679933074507,0.2373271560491824,1.0
2021-04-07 18:11:55.600,0.7730482263029529,0.4945297099181606,0.7080188520180022,0.784892499662298,0.14297192101646408,0.9654835650239388,0.1707963783886592,0.8219122157052017,0.9709081995000527,0.621599988497186,0.6768643642330169,0.4184222935109577,0.9733323320897381,0.44876309489693517,0.22811058945571122,1.0
2021-04-07 18:11:55.620,0.6482831594184022,0.46196494935677357,1.0,0.7834209943197039,0.13255061756296616,0.9650649662594325,0.08539818919432964,0.7785792741994533,0.9619225889046183,0.6402666546545567,0.7110316844931195,0.4122445656457105,0.9866661660448691,0.4558301419271164,0.22119816451060784,1.0
2021-04-07 18:11:55.640,0.3606107298418188,0.4367887237939171,0.33172915700197064,0.8028328057731767,0.19843649641914504,1.0,0.0,0.7352463326937051,0.9529369783091839,0.6339999881588679,0.6828012390696536,0.4255504423044368,0.9066658929784365,0.44522939046312326,0.22580640061840176,1.0
2021-04-07 18:11:55.660,0.7035072061833378,0.48923779782460886,0.7807519989728029,0.7790916725470097,0.13303615346434847,0.9629576604073607,0.18028520563988212,0.8212858888759782,0.9699919022302373,0.6282666549819612,0.6704428465954798,0.4222239731397552,0.8799995904003471,0.4805649874514781,0.23041473110407884,1.0
2021-04-07 18:11:55.680,0.4518618018655718,0.44581586958570707,0.24721508757165564,0.7767884039527737,0.13769542085974681,0.9553871540882097,0.21338117805494505,0.815043751718331,0.9656544543594249,0.6422666556913378,0.7129702548636805,0.4146206140766427,0.9066665756445188,0.4593638463609283,0.23502299080634376,1.0
2021-04-07 18:11:55.700,0.9808539050460318,0.5343731293174135,0.7943548617729387,0.7733206250002055,0.12605815490735323,0.9521849358270372,0.2308583752706164,0.8306031132635828,0.9690220283584389,0.6357333214449095,0.6734718643490349,0.42317439231764575,0.9333335608886943,0.44876309489693517,0.23502301440081474,1.0
2021-04-07 18:11:55.720,0.3204991793222589,0.39989072674902104,0.8093389628746351,0.7736978521492806,0.11963369712152067,0.9517735492763697,0.2343727070984538,0.8392285888292759,0.9713178740664994,0.6323999882025219,0.6758950785518791,0.4105813300909579,0.9066658929784365,0.46643089339111155,0.22580640061840176,1.0
2021-04-07 18:11:55.740,0.4958547443988902,0.45251680880027345,0.24657599940625896,0.7734342322397485,0.1315363784561111,0.9459546930019226,0.2575809083574466,0.823268107634798,0.9646203081903753,0.6598666573938415,0.7095777589465558,0.4001267156334798,0.9199997269335635,0.47703164485510674,0.22119816451060784,1.0
2021-04-07 18:11:55.760,0.9501923189954703,0.509129380622793,0.8361129597801547,0.7708316738550915,0.11665172594029781,0.9428604612515911,0.27563024394456315,0.8432405629472873,0.9690917956917905,0.6666666561169637,0.672260257247613,0.4074924648941988,0.7999993173339145,0.43816234343294,0.2188939756732984,1.0
2021-04-07 18:11:55.780,0.28615051344961756,0.37996575232097773,0.7797614597817456,0.7716577439926011,0.10525068641693407,0.9425671864106732,0.2800349843116558,0.8586295061183045,0.9732037508311795,0.671866657066437,0.7019446322241681,0.40083953045448295,0.8533332878222578,0.44522939046312326,0.19354827597442742,1.0
2021-04-07 18:11:55.800,0.5117687804299326,0.44123592190828814,0.23132661255427603,0.769945125636663,0.11001433897697381,0.9387027979372398,0.2963147503264167,0.8521901563077633,0.9699165417351402,0.6811999901451223,0.7076391856008519,0.3968002445239746,0.7866668487109562,0.4063600890409565,0.20276498413472385,1.0
2021-04-07 18:11:55.820,0.774512416148055,0.49700354953097664,0.4921592392468502,0.7658676148836056,0.09701982521015609,0.9338680295080742,0.3219137888644693,0.8697869142304742,0.9726686716908599,0.6958666520462335,0.7044890071371546,0.3842071846310751,0.8533332878222578,0.3816252435165969,0.17281109551700122,1.0
2021-04-07 18:11:55.840,0.5087580634422443,0.444023784553087,0.4855957174443004,0.7652130283640136,0.08436294830530494,0.9329453157292585,0.32963437397743867,0.8870207914051121,0.9767745430402799,0.7217333185528357,0.7118798109516864,0.3653175899296668,0.8666671217773888,0.3816252435165969,0.18663592181273683,1.0
2021-04-07 18:11:55.860,0.5287471447329651,0.4201048311280426,0.5490665291352623,0.7648962367886745,0.07099812590191139,0.9326685883919535,0.3334004329861665,0.9010008204036216,0.980183133558761,0.7059259122436484,0.7088777174147183,0.36802364662676934,0.8511114372737949,0.3698467111871449,0.18202764638082486,1.0
2021-04-07 18:11:55.880,0.548736226023686,0.3961858777029982,0.6125373408262242,0.7645794452133352,0.057633303498517904,0.9323918610546486,0.3371664919948944,0.9149808494021312,0.9835917240772419,0.690118505934461,0.7058756238777503,0.37072970332387195,0.8355557527702009,0.358068178857694,0.17741937094891322,1.0
2021-04-07 18:11:55.900,0.5405236499702633,0.3946272563692805,0.6141543769961576,0.7642626536379961,0.044268481095124344,0.9321151337173436,0.34742825700408836,0.9559111386428194,0.992943637704184,0.6743110996252737,0.7028735303407821,0.3734357600209745,0.820000068266607,0.34628964652824207,0.17281109551700122,1.0
2021-04-07 18:11:55.920,0.5189727082302413,0.4392774812919309,0.6260300170890849,0.7647059921653128,0.012239798340531004,0.9303833968760438,0.3600577647936642,0.9868908273201802,0.9991171635750129,0.636222212139374,0.6882938580550508,0.3953350141234066,0.746666712177736,0.3568903979922372,0.16359438735670445,1.0
2021-04-07 18:11:55.940,0.516848467400892,0.48988594672824226,0.6422719808010797,0.7649516091872047,0.005383590498086991,0.9278068568984105,0.3738066706418322,0.9965227365640871,1.0,0.5981333246534744,0.6737141857693194,0.41723426822583864,0.7599991808006943,0.36749078761879184,0.17972356765104625,1.0
2021-04-07 18:11:55.960,0.47881903146592275,0.5448364782466417,0.6861813878187104,0.7650164545525359,0.004967320598696294,0.9241782516184369,0.3909542359956594,0.997108254946192,0.9984630580277233,0.5595999890974277,0.6578421327406901,0.4393315288438319,0.7733330147558252,0.39929304201077326,0.18433180375883987,1.0
2021-04-07 18:11:55.980,0.4495965286889043,0.560668941648174,0.7267425777341845,0.7657061265888019,0.01886804931554508,0.9161330317645089,0.4079402897303347,0.9873604710126518,0.994473907132624,0.5238666611044267,0.6386987385547926,0.45715190131373545,0.7733330147558252,0.40459341774277086,0.1981566300545758,1.0
2021-04-07 18:11:56.000,0.44377878975017465,0.5738733176010842,0.7446119064486552,0.7264404826581101,0.03136985509321337,0.9155978308596863,0.4249263434650098,0.9776126870791115,0.9904847562375244,0.5569333225035176,0.6066517262594644,0.5096625911828139,0.7733330147558252,0.40989379347476845,0.2119814563503114,1.0
2021-04-07 18:11:56.020,0.4717598012116853,0.6097034005417384,0.7640590058363198,0.6871748387274182,0.04387166087088172,0.9150626299548634,0.42186804948189033,0.925489531682413,0.9774056871867195,0.5890333219005475,0.5889925547396662,0.5616980740884591,0.653333970488345,0.4416956860293113,0.2096774562687692,1.0
2021-04-07 18:11:56.040,0.36411171683802795,0.5733763644750375,0.813302077531703,0.6479091947967265,0.05637346664855001,0.9145274290500408,0.4754182755560503,0.9357033163008218,0.9742317641474377,0.6211333212975775,0.5713333832198679,0.613733556994104,0.6733333560888688,0.4204945449387626,0.20852527926946593,1.0
2021-04-07 18:11:56.060,0.22783378586195585,0.5780337660877045,0.9138311611499234,0.6252659629536753,0.04159229436281412,0.8920729974164061,0.5289685016302104,0.9459171009192304,0.9710578411081561,0.5714333180153466,0.5254134753156139,0.6635117978286316,0.5733336974219123,0.4593638463609283,0.23041473110407884,1.0
2021-04-07 18:11:56.080,0.169779295943409,0.8012813530801992,0.9223674580065241,0.6123994329892334,0.04466061940614461,0.8846568371566611,0.5615646023282195,0.9416594139682157,0.965930579923492,0.5217333147331158,0.47949356741135996,0.713290038663159,0.5866661660448707,0.5053001948132784,0.2603686433162728,1.0
2021-04-07 18:11:56.100,0.17335314402652255,0.8284634054829825,0.8945198638233208,0.5988839327120055,0.06346196349197458,0.8698154685870823,0.621325057566749,0.9156779570797748,0.9511668898052003,0.39539999303173934,0.3585145889130795,0.9009979512514521,0.5599998634667813,0.5689043417598026,0.2857142722317308,1.0
2021-04-07 18:11:56.120,0.1769269921096362,0.8556454578857655,0.8666722696401173,0.5824175618646588,0.12048104960805715,0.8441437479753057,0.7361309649339726,0.8188370777605213,0.9039666639317414,0.30386665134292007,0.2850036800010526,0.9339986341676348,0.5400001365332163,0.636042193140141,0.3600230350459764,1.0
2021-04-07 18:11:56.140,0.10619049156711216,0.8503523306814266,0.9361302338128167,0.5659511910173121,0.17750013572413964,0.8184720273635289,0.8627324231845644,0.6541321904105576,0.8175634669432881,0.21233330965410077,0.21149277108902573,0.9669993170838174,0.5200004095996513,0.7031800445204782,0.43433179786022214,1.0
2021-04-07 18:11:56.160,0.0,0.9841181578822731,0.8855282589860209,0.5634277317082443,0.27604475000255274,0.7765556099663493,0.9019023486662676,0.5866119605822518,0.7734946806112561,0.12079996796528146,0.1379818621769988,1.0,0.4799995904003487,0.8233212913833468,0.5576036473843133,1.0
2021-04-07 18:11:56.180,0.0009801573776335537,0.8861829418563089,0.8487874526857345,0.5609042723991767,0.3745893642809658,0.7346391925691695,0.9410722741479711,0.5190917307539463,0.7294258942792243,0.06039998398264078,0.06899093108849944,0.9169966654248102,0.44666637084469396,0.9452293904631223,0.7580645134651404,1.0
2021-04-07 18:11:56.200,0.0019603147552670367,0.7882477258303444,0.8120466463854483,0.5853569988789279,0.4975467320242498,0.6713347817525597,0.9919200228090289,0.38386384638598287,0.6204782862740813,0.0,0.0,0.8339933308496207,0.4533332878222594,0.9628972794166603,0.8525345687901635,1.0
2021-04-07 18:11:56.220,0.07246579525881361,0.6809020720949422,0.6827455626389429,0.6413933043955824,0.6275261031744392,0.5833267589008719,0.9959600114045144,0.29629629363533844,0.5160156752184817,0.19463333156989593,0.024686508327546423,0.721962605371599,0.4600002047998249,0.9805651683701974,0.9470046241151867,1.0
2021-04-07 18:11:56.240,0.1974099709022879,0.6393568182875666,0.6176326705075846,0.744206871505277,0.7420705445782606,0.4565955169626226,1.0,0.20872874088469412,0.4115530641628823,0.38926666313979186,0.04937301665509285,0.6099318798935773,0.48666650737791417,0.9849821179937409,0.951036877898448,1.0
2021-04-07 18:11:56.260,0.19454774832887625,0.39084254587878586,0.4487843965400814,0.8572904497205209,0.8347525370755058,0.2876689135488385,0.9023122260606005,0.09362774661325152,0.1786424191460756,0.511033327302723,0.13273157878678904,0.5641929269343819,0.5133328099559996,0.9893990676172856,0.9550691316817094,1.0
2021-04-07 18:11:56.280,0.04804558463469202,0.0,0.4481655300267943,0.8588647229709366,0.8962830621453028,0.20221726925882538,0.7694927096391342,0.05457580392619683,0.11222337761352807,0.6327999914656541,0.21609014091848522,0.5184539739751867,0.4666657564452178,0.9929325911323761,1.0,1.0
2021-04-07 18:11:56.300,0.03701519173013376,0.5038163670343754,0.13184250033997313,0.8990686391314338,0.9264460522200766,0.12599278617324802,0.6806564233001795,0.03729357871561881,0.06358254363817911,0.5597999825438795,0.4792512469827898,0.42982733123045597,0.4666657564452178,1.0,0.9930875514604258,1.0
2021-04-07 18:11:56.320,0.18777546172097895,0.5074921662950036,0.0,0.9699066890640083,0.9407886681860453,0.04114717859220263,0.6046224823802748,0.02947911609545921,0.013701906861424413,0.7659999791006746,0.6632943637053752,0.3718517277336864,0.4799995904003487,0.9717310882043878,0.9608294975998642,1.0
2021-04-07 18:11:56.340,0.3911707947546992,0.32718634331652086,0.08130823870989115,1.0,0.9534659542534014,0.0,0.5297574970587701,0.017666811860100856,0.0,0.8302666374658165,0.7414430167885279,0.34405194582491444,0.39999931733391214,0.9646640411742046,0.9239631368480963,1.0
2021-04-07 18:11:56.360,0.5118753417146472,0.3477944385070955,0.09018320172809584,0.9421668606330789,0.9831614782371803,0.029417852194532492,0.4924115659476041,0.0034200318709913134,0.0322610086020031,0.7978666481719461,0.7948748969032418,0.33359733233984823,0.3866668487109538,0.9611306985778333,0.8940092246359025,1.0
2021-04-07 18:11:56.380,0.5827787448588714,0.5579140917499218,0.14845686063530736,0.6441361706659026,0.9067118361224347,0.11476870813777607,0.7215005714746543,0.04847127271699444,0.05289485247930411,0.7033333206918789,0.8294057042523425,0.31648976885647695,0.37333301475582675,0.9434629000836569,0.8709677137743411,1.0
2021-04-07 18:11:56.400,0.74451316734223,0.6256509742684994,0.19548582123251426,0.6408693801368097,0.9968263752305007,0.10985606653217436,0.5105450009081506,0.0014652328724141788,0.06608017884693998,0.6214666556040299,0.8552129365043469,0.3050847394997204,0.26666643911130483,0.9611306985778333,0.8940092246359025,1.0
2021-04-07 18:11:56.420,0.7771232937070393,0.6199873260262722,0.25283090607279196,0.6585979478890418,1.0,0.10646220476288674,0.5018511068552337,0.0,0.06485677774703882,0.5983999902215167,0.8794450785327887,0.304609521839757,0.2533326051561739,0.9575969941440233,0.8709677137743411,1.0
2021-04-07 18:11:56.440,0.7600949702233323,0.571474748784792,0.3263838335089891,0.6801542187908263,0.9952135700444477,0.1059137955157933,0.512885195862545,0.002215050052177285,0.06364683359804606,0.6369333214121691,0.9008905133191023,0.31031204429742987,0.2266676679102572,0.9399291956498449,0.8755760442600186,1.0
2021-04-07 18:11:56.460,0.7331562780858671,0.5382884213737994,0.4222356857262169,0.681932141839459,0.9939631237624899,0.12298192105833512,0.5217899949293445,0.0027987765140691768,0.07270424567144598,0.7161333203426474,0.9104622322297653,0.29866938860727876,0.1599998634667829,0.9434629000836569,0.845622108453354,1.0
2021-04-07 18:11:56.480,0.7167923426983657,0.4696931723441046,0.5173019608672247,0.6446854493639207,0.9953703932789777,0.170265007655292,0.5304473203137742,0.0021421899001139283,0.09887947039156063,0.8013333169267264,0.9151875029004544,0.2699191966612875,0.11999972693356269,0.9187276927218566,0.8179723614839988,1.0
2021-04-07 18:11:56.500,0.7030269318812358,0.4074600444920506,0.5617544187064755,0.5683266839171334,0.9929809809517627,0.2462522744711532,0.5414253430721322,0.0032585900027299955,0.14108712194771042,0.8573333263123241,0.9297267682832335,0.24663391056369277,0.10666725831060433,0.9328617867822231,0.7465437816288306,1.0
2021-04-07 18:11:56.520,0.7059751146570608,0.40919515800065603,0.5513024530466856,0.4741082151814406,0.9807015965375431,0.33599297081528867,0.5541112739477855,0.009112759529319626,0.19288576123645218,0.8915999909527202,0.96025928112307,0.22786314361515914,0.05333328782226097,0.8798583912996899,0.6866359100155013,1.0
2021-04-07 18:11:56.540,0.733848221007447,0.5027845545564388,0.4838075585845088,0.38381581944263227,0.9557241510688518,0.424485476473226,0.5691963778177198,0.021619010224586885,0.24927917760033702,0.8878666620866404,0.9829163130936627,0.20695391664502666,0.11999972693356269,0.8586568883717015,0.6359446993735267,1.0
2021-04-07 18:11:56.560,0.7344087737755979,0.558990409424095,0.46773078225226256,0.31421810720552634,0.9212972633604295,0.5006159666161121,0.5835905879212775,0.04016267964560073,0.30536670689212986,0.8925333231692402,0.9796449848286803,0.18366860137507718,0.026666985244171684,0.8127205399193537,0.5737327097063005,1.0
2021-04-07 18:11:56.580,0.6633035987667264,0.5756546404205168,0.5501930433137531,0.25761695747386393,0.8780215596616523,0.5700152601171983,0.5926483416529907,0.06559323940284785,0.36498420812484555,0.9098666560296559,0.9791603538886829,0.15658164206660302,0.0,0.766784372385724,0.4838709494752484,1.0
2021-04-07 18:11:56.600,0.5900051330737468,0.4809222723224188,0.5918648498689735,0.21206353859811095,0.8272625284676527,0.6332820175576626,0.5917860518791223,0.09838199832220478,0.42794371181357743,0.9206666633744317,0.9945477630850291,0.1325835489272998,0.04000047786626141,0.7067136584949295,0.43894008115695776,1.0
2021-04-07 18:11:56.620,0.5903481478770362,0.44541262899707823,0.5627121350410991,0.18168369857192304,0.7706215573858378,0.6872207598813416,0.5844091722841751,0.13866233612519835,0.49096358239890275,0.9270666697479075,0.9974556082278706,0.09219070907045201,0.08000095573251893,0.6466429446041362,0.3940092128386671,1.0
2021-04-07 18:11:56.640,0.5807391682853265,0.46323535233069857,0.5746253309256193,0.1663034164929406,0.7070778802281366,0.7321997783195882,0.5757350327344536,0.1883585384520591,0.5540677134752959,0.9565333323365682,1.0,0.06153968538108023,0.06666712177738801,0.590105844687793,0.3248847746318667,1.0
2021-04-07 18:11:56.660,0.5091386759389306,0.4797377883146722,0.6205870114243842,0.15884561445831447,0.6342069655046838,0.7742844978782778,0.5571822713325262,0.25100914057655455,0.6213561967917064,0.9984666661628272,0.9993336076646464,0.022097261395922788,0.24000013653321556,0.5088338992470882,0.26958523350421476,1.0
2021-04-07 18:11:56.680,0.5112760222677621,0.5269609631498744,0.5580415917166006,0.1592130868661678,0.5546418454796507,0.8105666916752835,0.533136787445328,0.3260106372948178,0.6884727639786763,1.0,0.9745562409529933,0.0,0.25333328782226017,0.36925782075441704,0.17511509559854344,1.0
2021-04-07 18:11:56.700,0.45332723897948524,0.5492571896300346,0.5891677545564082,0.16640760291367035,0.4687178465437767,0.8424851682719124,0.501922931031591,0.41429972954091765,0.7547480018883495,0.9523999914765675,0.9475374015995667,0.009266598507512519,0.3466667121777375,0.20494689673738423,0.09677413798721388,1.0
2021-04-07 18:11:56.720,0.37685350539333434,0.6809290997928299,0.6599406576799685,0.181236939311903,0.38056736201004215,0.8709633345688294,0.46032080371139167,0.5121991603687363,0.8171024922898142,0.9261333375313876,0.9182165057782953,0.01710754403513477,0.39999999999999847,0.14399284719749647,0.07603683955743291,1.0
2021-04-07 18:11:56.740,0.39654291638715666,0.6965921565847852,0.6379855901909559,0.20341665727236008,0.2972062532826742,0.8948631875208746,0.4133794224162941,0.6110425950507383,0.8706444264827631,0.9122666734257522,0.8800508870420711,0.08862664468955435,0.4533332878222594,0.08303879765760976,0.05529954112765196,1.0
2021-04-07 18:11:56.760,0.34810749441415284,0.6614414757753486,0.7620375752642949,0.22842363316125602,0.2185759691699961,0.913976294148107,0.3689096663251736,0.7093400688345862,0.9155705954475577,0.7973333170358612,0.8216514207866698,0.18010453699417947,0.4799995904003487,0.0,0.004608236107793943,1.0
2021-04-07 18:11:56.780,0.38359507710900276,0.8889592876184337,0.7413014039918341,0.0,0.0939476301275205,0.9262421015405019,0.42533289513734485,0.8685130618178072,0.9619812680401237,0.622399988475359,0.7605864149412825,0.2851259089530417,0.5599998634667813,0.003533342596371323,0.0,1.0
2021-04-07 18:11:56.800,0.4287111919900253,1.0,0.6663295262324511,0.022172250719198566,0.06864854781010944,0.9456874804791948,0.2888156897001462,0.8794194996706882,0.9783288532516607,0.5365333219687568,0.728842308884024,0.34001266378405337,0.5333335608886921,0.05300339548253326,0.032258124643974366,1.0
2021-04-07 18:11:56.820,0.4948996540919799,0.863750243396395,0.6781950230607213,0.0403682612009441,0.06834106259765473,0.9460743923353679,0.2741565066216482,0.9087553889359018,0.98751743674307,0.5685333210956779,0.723874721751622,0.3518929108007733,0.5733336974219123,0.07067119397670964,0.036866360751767975,1.0
2021-04-07 18:11:56.840,0.5378287234109151,0.6512194104763548,0.7722702941368814,0.05353403297089386,0.06773017400524634,0.9462161357535791,0.27278753667839595,0.9098062909737454,0.987908369311387,0.6062666544908544,0.717574363832513,0.3659116022805028,0.5466660295116504,0.06360414694652639,0.04147459685956192,1.0
2021-04-07 18:11:56.860,0.5441091998766984,0.6298778598235463,0.8237970720431155,0.06410146771387723,0.06051486117235194,0.9464229014944773,0.2735528238484241,0.919738042565019,0.9904323571432773,0.6022666545999892,0.7099412390935539,0.3842071846310751,0.5866661660448707,0.09187269690469796,0.05529954112765196,1.0
2021-04-07 18:11:56.880,0.5943967649629535,0.6770808841919684,0.7446678630372952,0.07338695592585745,0.05363310336892312,0.945344141634422,0.2802017271630486,0.9292369439953679,0.9923082250922021,0.5878666571755718,0.7073968621971389,0.40250276503682375,0.653333970488345,0.12014124686286952,0.05299530510140054,1.0
2021-04-07 18:11:56.900,0.6115602124265567,0.6536330451522538,0.6794587546728104,0.08095662196729607,0.050903146836780995,0.9437022483712285,0.28850024568235993,0.9330121310716268,0.9925615855067088,0.5730666564880222,0.706912222331713,0.3979882711704702,0.7066665756445196,0.13780904535704797,0.06221201326169731,1.0
2021-04-07 18:11:56.920,0.6037546813128636,0.6242670694167602,0.6898677582663348,0.08896304274305432,0.05170655544417588,0.941920981417228,0.29660715693946504,0.931900701011866,0.9915849409654288,0.5725333209865431,0.703640882166159,0.39418659018029617,0.613332468622956,0.14487609238722915,0.0806451936375813,1.0
2021-04-07 18:11:56.940,0.5828847941489159,0.5947020784248057,0.7373499386092298,0.09716254692086405,0.05303467206721345,0.9401983394585745,0.3043010791825148,0.9300641518424502,0.990449774445204,0.5961333225253446,0.698552131348472,0.39941389886765294,0.626666302578087,0.15547684385122434,0.07834095761132989,1.0
2021-04-07 18:11:56.960,0.5850682432197644,0.5749120566578733,0.7578459497368916,0.10393058883732897,0.0503646530094841,0.9383456247550125,0.3135729351887437,0.9337571641625185,0.9905679667841945,0.6203999885299265,0.6962500788474844,0.4046412075550097,0.7333328782226088,0.16254389088140758,0.07834095761132989,1.0
2021-04-07 18:11:56.980,0.5878351161623219,0.5597323324637955,0.7235303880936704,0.10897248854031545,0.04389833718658963,0.9364103536192749,0.32417428067880416,0.9427166807037975,0.9918653840578611,0.6293333216195253,0.69734052424705,0.4058292342015054,0.653333970488345,0.15547684385122434,0.08294919371912349,1.0
2021-04-07 18:11:57.000,0.5915608665444356,0.5625822576405355,0.6801426605833283,0.1132364936438067,0.036121522083763145,0.9344033350056083,0.3354453095365792,0.9535209791045283,0.9935035916954246,0.6326666548619129,0.6989156144706129,0.40297797491749265,0.6933327416893925,0.15547684385122434,0.08294919371912349,1.0
2021-04-07 18:11:57.020,0.5914734052304668,0.5512963320478567,0.6674639184593911,0.11723194099301833,0.028133260355816016,0.9324151992790837,0.34669113141990127,0.9646511703153472,0.9951562238027526,0.6362666547636915,0.6972193635369078,0.4022651581516657,0.7333328782226088,0.13780904535704797,0.08755766577162633,1.0
2021-04-07 18:11:57.040,0.5859219464524357,0.542163396253853,0.6821532194532636,0.1210250497679142,0.019609527667093896,0.930368401091166,0.3583507701794071,0.9765628246930899,0.9968840201538888,0.631133321624982,0.6882534712343129,0.4181846891540705,0.6933327416893925,0.151943501254853,0.08755766577162633,1.0
2021-04-07 18:11:57.060,0.5792501391975534,0.5532565318390497,0.676999622409901,0.12415031372601873,0.01191097977708071,0.9278631777319335,0.3719683314189021,0.987352229870162,0.9980896899498001,0.6353333216740926,0.6848609713007454,0.42626325712544,0.746666712177736,0.14134238795341927,0.08986166585316852,1.0
2021-04-07 18:11:57.080,0.5821280839015625,0.5395630577923312,0.6507907622436556,0.1260172555061867,0.0058275090364936135,0.9246942246362786,0.39669764369741783,1.0,0.998537437266374,0.6439999889773793,0.6880111495661,0.42032313283915057,0.6799989077342616,0.1307419983268647,0.0806451936375813,1.0
