2021-04-18 20:30:19.760,0.9333164206163804,0.6335314846088156,0.7202307792914069,0.7069947995365918,0.03796174136717079,0.4993234249287173,0.29445137051930576,0.9410501167351124,0.9965190935992743,0.6389995486396437,0.2901678798152604,0.37577133804716883,1.0,0.006075318118079443,0.18089438322691376,6.0
2021-04-18 20:30:19.780,0.3004622323579703,0.5013605415303374,0.35964096730393863,0.7059946059590382,0.032468777903501264,0.4987245617467984,0.30425240866172565,0.9495519472056619,0.9973153140007176,0.6289949159936548,0.2849149392074136,0.3747969957360046,0.9840430254415051,0.01701096538432339,0.1788617848952344,6.0
2021-04-18 20:30:19.800,0.8582701867228258,0.6318037045697008,0.18333170805370017,0.7037360582206721,0.02466143882751745,0.49481186177224123,0.36852079551600025,0.9616535194542617,0.9982246357482889,0.6289022804373894,0.30569831291672045,0.3705748458272943,1.0,0.009720409450660352,0.19512194715843753,6.0
2021-04-18 20:30:19.820,0.6006154865741339,0.5568369457294231,0.8027824266494145,0.7027052170079852,0.0214279404495842,0.4932820078336068,0.39370080079225933,0.9666712875419803,0.9984799963598364,0.6312181675242674,0.28457235612429316,0.38941213040346817,0.9734043161611753,0.012150636236159591,0.16666661116531264,6.0
2021-04-18 20:30:19.840,0.3590301643075751,0.49714585540373163,0.06805476270197391,0.7014027782824569,0.016175780010127008,0.49357120774848795,0.3890265138947603,0.9748284655631304,0.999159192825112,0.6298286353176346,0.2790910258596721,0.37869436498066156,0.9521279869625163,0.006075318118079443,0.18089438322691376,6.0
2021-04-18 20:30:19.860,0.9529455024787595,0.6312268337682629,0.43744824878340693,0.6996420259013114,0.011122508062437942,0.4898195413346452,0.4508450395408378,0.982684349298158,0.9991401682634222,0.6264937580217156,0.3165467781502284,0.3715491882979606,0.9521279869625163,0.014580863021658123,0.16056912836539045,6.0
2021-04-18 20:30:19.880,0.4259080472535339,0.5171230563546013,0.731646896618153,0.698774228963965,0.009073969545450337,0.4891011456757788,0.4627156988757265,0.9858711051472572,0.9992133899441527,0.6217693485191638,0.2999885948647131,0.3877882265515278,0.9574467969216809,0.012150636236159591,0.16666661116531264,6.0
2021-04-18 20:30:19.900,0.41269250032397775,0.5237903545890168,0.033033693655223906,0.696896618179268,0.0027598699440155197,0.48960790334936805,0.4545290892563363,0.9957004307279697,1.0,0.6201019091129721,0.28571429973469464,0.3793439265214377,0.9414892776821849,0.010935647266243947,0.1585366340987496,6.0
2021-04-18 20:30:19.920,0.9106426884225576,0.6228830958407536,0.4740984546302041,0.6951743611719164,0.0,0.48625857869146794,0.5097518835215409,1.0,0.9994244252882579,0.5965261774448539,0.3065547710918685,0.4241636728349927,0.9521279869625163,0.018225954354239033,0.14634146036882814,6.0
2021-04-18 20:30:19.940,0.43022503872830337,0.5376390402485803,0.7137955634737259,0.6939933522649189,0.0007448874409003163,0.48595262860714067,0.5147628626881413,0.9988393796495637,0.9992579767175975,0.526354795323152,0.28320202379181136,0.4913932976220607,0.9680849615210096,0.032806817375897156,0.1585366340987496,6.0
2021-04-18 20:30:19.960,0.3533133504596871,0.586913086414195,0.0442839221670893,0.6913956392703586,0.0014852078043496623,0.4859238181478279,0.5152130371793167,0.9976859741343778,0.9991745563027653,0.45604448613979154,0.2951924315140881,0.545956467047258,0.9361704677230204,0.05346299851563543,0.13211389643730437,6.0
2021-04-18 20:30:19.980,0.8888443446814124,0.751806419168136,0.3998421937727311,0.6882307277478228,0.014466727583660636,0.48261955080225394,0.568948756038107,0.9774845622118647,0.9966165045852461,0.3624826433108559,0.26344639933186587,0.6148099744193241,0.9042554292440315,0.08262472455895238,0.123983711240664,6.0
2021-04-18 20:30:20.000,0.3319674194885006,0.7336574689582092,0.35965727218274623,0.685695951044291,0.04273013227339927,0.4817207661421749,0.5831132243313948,0.9025088471629125,0.9888417349981851,0.26577116533406875,0.2557953752727881,0.6713218497337923,0.9095742392031961,0.14094792779991835,0.08536579984929701,6.0
2021-04-18 20:30:20.020,0.7259540490247447,0.8370912980871325,0.476488167152397,0.681999594662154,0.0832971694465812,0.4813971571770209,0.2586473043007598,0.747951321022504,0.9680134356554019,0.17387678086712496,0.23112939422281017,0.7187398475271876,0.9042554292440315,0.20413108692054688,0.05691067198624947,6.0
2021-04-18 20:30:20.040,0.5802941461562942,0.7568355071860459,0.38366961609730865,0.8593288413773036,0.16533398642666594,0.5016625853924309,0.49611449509430433,0.6477631221602536,0.9431013278228787,0.09319126451202998,0.19801302952116737,0.742773645802848,0.8510640615663821,0.28675581147949925,0.05487807365457011,6.0
2021-04-18 20:30:20.060,0.5371504386534245,0.6879295999231981,0.43685449154834677,0.8721535472822252,0.27634632647382945,0.47986278793882603,0.5802022612174228,0.5569552435186692,0.9091324335696299,0.055210740277691156,0.15621789151108548,0.7528418417097749,0.8404258969670534,0.38517626360719215,0.05081308512128874,6.0
2021-04-18 20:30:20.080,0.5261937365696451,0.5796497989132513,0.526095816070673,0.8738619671110278,0.4223967491962579,0.46982669184125453,0.6642900273405413,0.4661473648770848,0.8751635393163815,0.06966186157849698,0.12298733525248431,0.7687561074338942,0.7606383007695797,0.4811664889493858,0.07317083424945259,6.0
2021-04-18 20:30:20.100,0.5249413164006738,0.48361879226606286,0.5871350278336414,0.8718116631919816,0.5251155129289966,0.4654652605066816,0.6723639507135135,0.28454157697489296,0.7825941081651587,0.1058823245743785,0.09900653812793184,0.7603118020870686,0.7180850976912607,0.5650060780554206,0.09349598504593709,6.0
2021-04-18 20:30:20.120,0.5521121453310587,0.47654440116308844,0.5813040392074431,0.8693298908872715,0.6213893798842854,0.4607132427505507,0.6586447533753647,0.19175188047880876,0.7142103277088622,0.11440479180798836,0.07502570361562227,0.7258850351091964,0.6382980461747866,0.6500607805542042,0.15650403576707025,6.0
2021-04-18 20:30:20.140,0.595586884224131,0.49497693448493324,0.520139282634964,0.8681044143201191,0.7166485334960939,0.45419809270210193,0.6349980281265198,0.11635155047731553,0.6401983627632188,0.08550251887709595,0.04887520148028598,0.6856122248978104,0.5372338484381534,0.7691372271873844,0.2743902642078123,6.0
2021-04-18 20:30:20.160,0.6485892145879482,0.4417059439941522,0.5088156178312875,0.8717542560545304,0.8174170181323787,0.44242316003151616,0.6008903354456028,0.05582023525710649,0.5559988823233448,0.03362664982946743,0.02683567017096503,0.6138356560334701,0.46276587922134604,0.8784932643699036,0.45731710007535137,6.0
2021-04-18 20:30:20.180,0.6664892974980751,0.3384775470584434,0.5100097296193381,0.8961557487658968,0.9249529611764853,0.4098874233057946,0.5537488538154306,0.014327325872717277,0.4591555278184855,0.0,0.006509086991533753,0.5128288178342028,0.38829818234503766,0.9319561384627058,0.5914634283402733,6.0
2021-04-18 20:30:20.200,0.6556782721455825,0.23052649793173985,0.49807557853597806,0.061294641303880806,1.0,0.2103150800038116,0.49360432745612626,0.0,0.35454221805207314,0.060583572363449655,0.0,0.4322831947530624,0.32446810538705845,0.9684082960168517,0.7256097566051953,6.0
2021-04-18 20:30:20.220,0.6752451661741278,0.12860499529342895,0.4852673609505873,0.23156935704206183,0.9297784374080779,0.03354857221801837,0.4187372669363585,0.013040526582472652,0.2608746094407851,0.20657710622145134,0.020098209412453806,0.3780448034398854,0.24999986382975048,0.9842040235855922,0.7865853754987109,6.0
2021-04-18 20:30:20.240,0.7340064002181552,0.06302808610598905,0.5056765012781499,0.2553227037309408,0.8569235580477493,0.0,0.33566641947955095,0.03774730346108789,0.19459612882204094,0.32811488234149805,0.04921778549810038,0.2955504877613132,0.19148914151193697,0.9963547842445851,0.876016267946328,6.0
2021-04-18 20:30:20.260,0.7177068523491268,0.156167210617434,0.4574019126891202,0.2609819096329892,0.8031998681946226,0.9920061376067687,0.25714135910968744,0.06311540181999176,0.14934920308660762,0.4356646652778686,0.09535230548893213,0.2565767926563759,0.132978963875123,1.0,0.9065040982060937,6.0
2021-04-18 20:30:20.280,0.7214067488315936,0.2068622544031912,0.38072645495997814,0.2630936803575733,0.7671073852408024,0.981985720137822,0.18600729130000518,0.08348993521262352,0.12087615494126051,0.5442334513890477,0.15439077986505526,0.2760636441963963,0.10106392539613418,0.9902793417036717,0.9126016434450389,6.0
2021-04-18 20:30:20.300,0.7558034722540098,0.20602034875508976,0.29534479625748805,0.26609326046781845,0.7489660434585894,0.9734911432255035,0.12171100753647685,0.09472329539374953,0.10823144405706686,0.6113015392291958,0.22016673369356812,0.2851575057672625,0.06382953227697964,0.9951396708518355,0.9186991886839844,6.0
2021-04-18 20:30:20.320,0.8118616432332687,0.20584967639109567,0.22737583637180966,0.2698657899460833,0.7417079982147543,0.9668130098596864,0.07221254147393126,0.09940118250458231,0.1046164504535037,0.5954608709362327,0.31369191772218386,0.24650858877434542,0.0478725577184848,0.989064352733756,0.9268292490025781,6.0
2021-04-18 20:30:20.340,0.823639064893423,0.20263836308969005,0.16853918487921932,0.2727720148438619,0.7341747717834668,0.9632495910658899,0.04223830962371791,0.10436674100175199,0.10005925726019116,0.5517369154478491,0.4002512494661262,0.2520298645293106,0.02127632919866054,0.9951396708518355,0.9756097357921876,6.0
2021-04-18 20:30:20.360,0.7989144766992339,0.23491633416811084,0.14815830925208118,0.2742528502515093,0.7196431811402859,0.9630162022008162,0.029033089794665748,0.11426097704912505,0.0888501489538191,0.5543770300524957,0.452352427859061,0.24780771318508163,0.015957519239495968,0.9914944550964213,0.9674796754735937,6.0
2021-04-18 20:30:20.380,0.7932822204147789,0.2512310027489595,0.15655186716137665,0.27566058304438457,0.7005345315996944,0.9645450363571283,0.032581592734247364,0.13505676000788686,0.06546464451920031,0.5570171446571422,0.5044536062519958,0.2435855618408527,0.015957519239495968,0.9902793417036717,0.9756097357921876,6.0
2021-04-18 20:30:20.400,0.7876499641303238,0.26754567132980817,0.16494542507067209,0.27708749919842995,0.6814561406757409,0.9681335510286484,0.07770551514145377,0.15589760687372334,0.04200010643294309,0.554052806250064,0.6272696354751639,0.1942188741083934,0.01063816459933027,0.9866342503710908,0.9939024547610545,6.0
2021-04-18 20:30:20.420,0.6719252956958665,0.26236780699428736,0.15221668228068672,0.27898120570941426,0.6547863757379248,0.9783525672579314,0.14226994490191316,0.17102939840214218,0.025537675954313915,0.5538675322562515,0.6897339406824915,0.23708994909145895,0.0,0.989064352733756,0.9939024547610545,6.0
2021-04-18 20:30:20.440,0.4451961675860458,0.34241693026918124,0.21243671634446454,0.28230796076039183,0.6268177279389324,0.9910457796371543,0.197977496491391,0.1815832271354149,0.015383097141111827,0.590829098809703,0.7488866253094515,0.3059434750720995,0.02127632919866054,0.9914944550964213,1.0,6.0
2021-04-18 20:30:20.460,0.4645439063296566,0.359147663794375,0.22386048979525058,0.2865390640561019,0.6151547597501669,1.0,0.2536850480808688,0.1921370558686876,0.005228518327909741,0.6328856060964038,0.8283659118097214,0.3702500649505715,0.06382953227697964,0.9975697732145008,0.9857723528164454,6.0
2021-04-18 20:30:20.480,0.646289809568997,0.19300419957769438,0.20884387563844306,0.29083244894988824,0.613537727711647,0.004301159261685372,0.40340122299350367,0.19871557953083469,0.0,0.6591014471373677,0.9296563184645776,0.3562844912922105,0.09042521611580279,0.9963547842445851,0.9776422924978514,6.0
2021-04-18 20:30:20.500,0.7964477224896275,0.10603315402722455,0.20601993312793843,0.29374447459875686,0.618352593942225,0.020228088794754854,0.5508870225025578,0.19443185754070383,0.007460112489422092,0.6744789384072358,1.0,0.40240336387735914,0.175531622272441,0.9902793417036717,0.9410569169991406,6.0
2021-04-18 20:30:20.520,0.6375725176394014,0.1894204078918937,0.30256894670574813,0.2971729357709906,0.6285507785785941,0.037281311248140214,0.698883441753096,0.1854976786440463,0.022840065020852496,0.7215377594389422,0.970994652859069,0.4196167473662951,0.29787242154823373,0.989064352733756,0.910569086739375,6.0
2021-04-18 20:30:20.540,0.33590577877696565,0.17932193028073434,0.5587572869894879,0.2987952591882225,0.6558791241303367,0.05275284992088777,0.8037023788887045,0.1624903066498606,0.052575239199540616,0.8389069199832897,0.8883179279884508,0.3325754982439221,0.4255320307831911,0.9769137164975965,0.802845537761914,6.0
2021-04-18 20:30:20.560,0.20144896366676565,0.0,0.8494786712608313,0.29208701504012685,0.707191050127239,0.07199973745850992,0.8787495716876731,0.12306757091987129,0.1042286109010346,0.9527559125568014,0.850862181306058,0.20136405105693117,0.574467969216809,0.9441068991216993,0.6707317245766403,6.0
2021-04-18 20:30:20.580,0.33231738772657715,0.11403240926424917,0.826863969793144,0.2713213696439577,0.7701928338770898,0.10342190266369376,0.945946379874193,0.08164473533471793,0.17536612147895242,1.0,0.7891972450382567,0.10750240043967277,0.6329786915346225,0.9198055022265461,0.5914634283402733,6.0
2021-04-18 20:30:20.600,0.27127486179327276,0.414133494887469,0.8618641752125584,0.2304872267832657,0.8272784106630813,0.15222398437374535,0.987523828672244,0.0510045056069873,0.2562416318079165,0.9771190446713304,0.6722622118555942,0.03994801083242346,0.6489362107741169,0.8955042297542277,0.49390245476105454,6.0
2021-04-18 20:30:20.620,0.0716528256117399,0.5194519462783802,0.9599411002337369,0.17174565927851868,0.8584223338308846,0.21506762933371812,1.0,0.037125340866389744,0.33173000080543846,0.9713756645979469,0.5587530188510754,0.0,0.6595743753734471,0.8554069808675008,0.432926835867539,6.0
2021-04-18 20:30:20.640,0.0,0.5339318692440096,1.0,0.10472102518397944,0.8571982363915518,0.282959770328794,0.9995357804776296,0.03763297252549248,0.40290510287123127,0.9965725183111516,0.47139433732883207,0.05683662152607485,0.6382980461747866,0.8128797540409425,0.3455283960605471,6.0
2021-04-18 20:30:20.660,0.09600239803154473,0.6026388177588403,0.9853220705284353,0.04415715272491356,0.8264571412717487,0.3423459223619154,0.9851832527482688,0.05139844022177064,0.4749577144793782,0.9985178687080617,0.4081306631819782,0.18252676903279036,0.6489362107741169,0.7788578232722958,0.28861793220437465,6.0
2021-04-18 20:30:20.680,0.27385656804531927,0.8449333197876709,0.9118273237967869,0.0,0.7766166615056053,0.3843593285406268,0.9563584477779253,0.07786570605322847,0.544772161587697,0.9488651965983407,0.3537741361105408,0.2991230762355821,0.6648937300136113,0.7399756877783185,0.23780484708308589,6.0
2021-04-18 20:30:20.700,0.3376881676746316,1.0,0.8098977967182341,1.0,0.7244690093624335,0.4106068468604777,0.9173002211807167,0.11092959026143849,0.6038669415617764,0.8739694603250243,0.28274524695520187,0.4771029384082496,0.6276593368944567,0.6986633254988419,0.21544709795492203,6.0
2021-04-18 20:30:20.720,0.35349137474918596,0.9662700336730955,0.7251194396709834,0.978588224120781,0.6790756788367276,0.4278407988020677,0.8702392336074724,0.14405017892560926,0.6504552557999415,0.8628068860690881,0.25339729556033286,0.6576810733276999,0.617021172295128,0.6731469396337738,0.17479679636195272,6.0
2021-04-18 20:30:20.740,0.41394987725334353,0.8521058448911846,0.6558617555832491,0.9602854392656645,0.6376601935729317,0.4409428249878395,0.8172019630117991,0.17767638232209554,0.689986464449305,0.8667902105907542,0.25479617554838074,0.7266157805445065,0.601063653055632,0.6330498151698809,0.1382114833022651,6.0
2021-04-18 20:30:20.760,0.5199614051895475,0.7983434241312595,0.58757199674748,0.943734086708621,0.5950293854914951,0.4519693437486728,0.7297762077769212,0.23737952435288112,0.745807349443149,0.8707735351124206,0.25619505553642863,0.7955504877613133,0.6648937300136113,0.5953826686458192,0.1138211358424219,6.0
2021-04-18 20:30:20.780,0.6033265686078321,0.7620985634765464,0.5528350912241425,0.9286748622979168,0.549852214879825,0.46149565220213384,0.6375847860092798,0.3063929617876048,0.7979451969715512,0.8617878828942795,0.25842184744609936,0.8892497652727683,0.6117023623359634,0.5407048055831014,0.07723582278273397,6.0
2021-04-18 20:30:20.800,0.6405589419325274,0.6989252143038317,0.5198042513822613,0.9149445502229401,0.5045302252969603,0.46958335415330615,0.6071760927163311,0.3310082623924477,0.8131526274554106,0.8676239113380496,0.2776064991661502,0.9191296067819428,0.6702130846537769,0.5030376590590397,0.044715498256327715,6.0
