2021-04-27 00:42:18.880,0.7012712674783416,0.5868433375706356,0.43960320632255123,0.00548886402530867,0.5707207098429915,0.031516332261663574,0.9599155572681815,0.43341227462542237,0.6205198535687296,0.6191567280075733,0.34884458088854464,0.3255744366978424,0.2843029898103567,0.29926336112654206,0.10388133338336449,3.0
2021-04-27 00:42:18.900,0.7464702740174709,0.6003148418320623,0.4897453291239935,0.003999621985103404,0.543728317418005,0.03404723687179825,0.962579812667894,0.4382857529746172,0.6179872593264714,0.6296975163147582,0.34304105752541936,0.3243807656159729,0.27552143071352697,0.2872925551234505,0.10958902188028107,3.0
2021-04-27 00:42:18.920,0.9174595000664513,0.6463315567237197,0.22482548658794785,0.005676212526925562,0.5283687142177756,0.02043278331387199,0.9769203518198345,0.45369767611990364,0.5983609824079448,0.6184692890430855,0.3683655268787601,0.33154280334309777,0.2711305949631337,0.2845303007844627,0.09589056948768099,3.0
2021-04-27 00:42:18.940,0.8216072619232684,0.6499627982055238,0.6333614711767352,0.00442114908430637,0.5055767591153993,0.02233358745589666,0.9765598866625049,0.4766368528754927,0.6086587953383622,0.6118240038313237,0.3420913899246691,0.3613846426758461,0.2689352332899153,0.26795536038579215,0.10273979568398128,3.0
2021-04-27 00:42:18.960,0.4744704090262678,0.5809056803736469,0.24144009134632047,0.0016429757836526357,0.5352868381396105,0.024434088599448154,0.9725594234735822,0.4467517382659832,0.6034975567634228,0.6010540679522435,0.3464176517118341,0.3712324494968847,0.2645443975395224,0.26795536038579215,0.09589056948768099,3.0
2021-04-27 00:42:18.980,1.0,0.6822493936644926,0.27814519127195403,0.0037785462543571163,0.5263464184766077,0.01202415580954616,0.985213541440338,0.455729501313399,0.5835210178502275,0.5932630505078024,0.37353593937173385,0.39600117708346244,0.25576283844269265,0.279005509233538,0.09589056948768099,3.0
2021-04-27 00:42:19.000,0.7302192126501543,0.644559348028699,0.6059212465490503,0.0016200035900729988,0.5191191345779709,0.016744391178507657,0.9811228438542331,0.46299393573821124,0.594402024270695,0.5643904566365514,0.34019205558685056,0.45299909276151684,0.2612512988277164,0.279005509233538,0.11301381032086627,3.0
2021-04-27 00:42:19.020,0.5480673500029516,0.6114315680454857,0.17431101872189286,0.0016981146717917187,0.5874829256056907,0.008666260645867186,0.9841869909589257,0.3945925998004604,0.5585575943362528,0.45875342768084576,0.40450565458658244,0.5437182732925709,0.26673975921274046,0.3204418701748934,0.09931518258583114,3.0
2021-04-27 00:42:19.040,0.9406273040268823,0.7239497748306153,0.24948130036065144,0.003630646941959543,0.6201363049822762,0.0,0.9900068304131646,0.3621984476393187,0.5320932628331018,0.43526580203047477,0.4613538138651606,0.6264547786162845,0.27442369367493935,0.3563531566923766,0.085616554850796,3.0
2021-04-27 00:42:19.060,0.6565660664942645,0.7268636904753375,0.48260464656505375,0.0006908809895285109,0.6729668763566524,0.01616783669445685,0.9601393737908066,0.25113291733007714,0.5341153904478784,0.4117781763801038,0.5182019731437387,0.709191283939998,0.2930845489071864,0.3867402174048317,0.07876732865449622,3.0
2021-04-27 00:42:19.080,0.6038012447084947,0.7713607598338136,0.03670352538206222,0.0,0.794860427172426,0.028910864593254176,0.9407565872033331,0.18050976397314814,0.5309466210144662,0.46940879014909825,0.6134589044639353,0.8545956419699989,0.3336992456795293,0.4198892495833272,0.07191792711576087,3.0
2021-04-27 00:42:19.100,0.6380399352576847,0.8582378805749546,0.1362341614412814,0.000549673699250872,0.8815162159519928,0.05163533251331175,0.9213738006158598,0.1098866106162191,0.5277778515810541,0.5270394039180928,0.7087158357841318,1.0,0.3863886002605076,0.46132589339763164,0.027397255470070266,3.0
2021-04-27 00:42:19.120,0.6722786258068746,0.9451150013160955,0.2357647975005005,1.0,0.9404147456553044,0.15021854625500788,0.8216818937462443,0.05492224030575666,0.6341296776481763,0.661778180131302,0.8531180570222555,0.9841838355712837,0.4577386976697761,0.42265178679526405,0.01027401463688499,3.0
2021-04-27 00:42:19.140,0.33588783545488105,0.6962319837023894,0.0,0.9834903596641348,1.0,0.28661137212079996,0.6802011877457926,0.0,0.7224235102147217,0.7584784442175343,0.944919284338576,0.9250969814550732,0.5367727295412436,0.42265178679526405,0.01712341617562034,3.0
2021-04-27 00:42:19.160,0.38232127297027424,0.534153798906327,0.08840429336343975,0.97055285325329,0.9861384351188598,0.4037823420527436,0.5573712960079144,0.012700865173319234,0.7581480279277165,0.7186067798369418,0.9753086354710367,0.8367651357599921,0.6245883205095407,0.3784528886419718,0.085616554850796,3.0
2021-04-27 00:42:19.180,0.38092908930003383,0.5764061740886337,0.12334860370675749,0.9588652647386445,0.9451687010529163,0.5226214007448488,0.431334325193034,0.05048308471697103,0.7420877108771963,0.6436755200759722,1.0,0.719785120592738,0.7135016485164251,0.38950303748971765,0.18150694899604194,3.0
2021-04-27 00:42:19.200,0.2309141495444803,0.38524943474769413,0.27103831041457704,0.9497989806531953,0.898980979504495,0.637903787638657,0.31046919404122447,0.093505086555938,0.6657158576643935,0.6040329863868827,0.9730927556304856,0.5995225105609899,0.8298573346504081,0.3591159767772609,0.35273988335519835,3.0
2021-04-27 00:42:19.220,0.03872973222910056,0.15906310953020406,0.49461154000678287,0.9437681753071357,0.8516147985484379,0.7406261529233867,0.20662589503524334,0.13808342401856,0.5479193199292658,0.5694317030306887,0.917800973359262,0.4873171943767457,0.8855653536835452,0.3694750670126006,0.47773983951958965,3.0
2021-04-27 00:42:19.240,0.0,0.16399753046964308,0.6411114136234188,0.9399921596493785,0.8109893761920918,0.8287152990938439,0.12275755390105117,0.17667983331114842,0.40889475973064876,0.4585242744821531,0.8236783588079508,0.43240821713684763,0.9412733727166822,0.37983415724794023,0.602739795683981,3.0
2021-04-27 00:42:19.260,0.007693127541386155,0.10315430611666773,0.8193415192803909,0.936728280507973,0.795551582295367,0.9001564171390944,0.06123238334451181,0.1914310671447182,0.2662728579538974,0.18835925533237985,0.6610741816997285,0.4822440843403871,0.9758506843827293,0.4254143240072009,0.6986301898292269,3.0
2021-04-27 00:42:19.280,0.1754249754474715,0.4256734480223454,0.8975142785609308,0.9299637708543653,0.8131499905937467,0.9528505601583823,0.022503831611912193,0.17461790630759927,0.1403186045666404,0.0,0.5059618155473368,0.43718291611985755,0.9857299805181462,0.48342534247427776,0.7328766714955974,3.0
2021-04-27 00:42:19.300,0.24552179416334474,0.6629075059487043,0.914273810307868,0.9208674007871167,0.8595640075078651,0.9863983689451338,0.003934528944965665,0.13056978043579998,0.04584837771347135,0.2094408582051375,0.44571067616507287,0.26141448231562775,0.9934138025763887,0.5414363609413546,0.7568493138675175,3.0
2021-04-27 00:42:19.320,0.44010112231037124,0.39734619834683105,0.8995871876660393,0.9170149329943009,0.9026915808386639,1.0,0.0,0.09003213329068956,0.0,0.7018790033373847,0.4417009719721886,0.13011039462523025,1.0,0.52762424062757,0.7226027269956862,3.0
2021-04-27 00:42:19.340,0.7309300568902307,0.0,0.9295981081004238,0.9229433616490222,0.8947390611897218,0.9921665931146394,0.0042692680652119345,0.09747990371367525,0.021570664617998992,0.9069660820592996,0.3979107411243243,0.15219334994252895,0.9912184409031702,0.5220997319495944,0.7328766714955974,3.0
2021-04-27 00:42:19.360,0.8931202603135311,0.15287821267053703,1.0,0.9322214847876278,0.8403172653237213,0.9702314949533037,0.012992585000222392,0.14878359948141562,0.09075605608102107,0.5119156624849621,0.2566213015387341,0.2273947795408043,0.9703622239977052,0.5580110184670777,0.6335616642522013,3.0
2021-04-27 00:42:19.380,0.8726111067880834,0.8319856192074476,0.9112643027039322,0.9345150769571295,0.8246909081844529,0.9413059810417637,0.032373310068864236,0.16362495080460543,0.16399643070645203,0.19844176350056716,0.1305265435651484,0.25156667329625926,0.9429199220725852,0.6022099166203698,0.5547946862825757,3.0
2021-04-27 00:42:19.400,0.8013959690832415,1.0,0.7835254216507719,0.9316124264214979,0.8606626695608586,0.9048400930058887,0.06431315144478239,0.1295325365875989,0.23502118641412564,0.5629009925426741,0.09095706451896357,0.1580125120381454,0.9045004745695039,0.6187845741460913,0.4691781314317797,3.0
2021-04-27 00:42:19.420,0.8116269076698205,0.6659690524064007,0.7030796812619957,0.9317607756177355,0.8845772405286043,0.8570402489497957,0.1055450742116286,0.10701243591599498,0.32717412964005027,1.0,0.07766171638109565,0.042972241995316414,0.8704719752207727,0.5718231387808622,0.35958910955149864,3.0
2021-04-27 00:42:19.440,0.8171627262472287,0.29915834373550443,0.6558340768178119,0.9380960679702501,0.8501430023124191,0.7979987639362223,0.18053532129488226,0.1802097795455882,0.5225144971218809,0.9883134607041443,0.04284057102025215,0.052820026588798565,0.8265641797366241,0.5359115693904315,0.2705481169449881,3.0
2021-04-27 00:42:19.460,0.6766738620932734,0.22914301098306847,0.582582111097635,0.9470529740471011,0.7648119275184904,0.7330312527141254,0.23909322968955785,0.26527086985350845,0.6464129101147111,0.8941910950792399,0.022554606597421544,0.06207100128852653,0.7716794634824274,0.47513801371141623,0.19520557673107705,3.0
2021-04-27 00:42:19.480,0.49703134250981207,0.40830011445971043,0.4853302264739497,0.954194964360202,0.6688655162864503,0.6686642475534825,0.2976511380842335,0.350331960161429,0.7703113231075414,0.8000687294543354,0.002268642174591012,0.07132197598825456,0.7189901089014491,0.4723757593724284,0.13356183959463674,3.0
2021-04-27 00:42:19.500,0.44984821750627024,0.43003854416420284,0.42974144255063335,0.960154645882933,0.5727662047540723,0.57623875818506,0.3943542506572745,0.4321343494213412,0.8896810069217725,0.7289184205722313,0.0,0.037899131958957916,0.6597145568968595,0.4281768612191362,0.05821929938072574,3.0
2021-04-27 00:42:19.520,0.4401385109730605,0.3574999773086968,0.3913649061410078,0.9647599239876264,0.51365552314542,0.48735237245187685,0.42732499317830536,0.4503154981361703,0.9135535400298522,0.7710815700497728,0.016038834045177107,0.012533557351278797,0.6037322160080321,0.39502754616769326,0.07534254021391101,3.0
2021-04-27 00:42:19.540,0.45449449486561033,0.2972083606226112,0.3743208828624758,0.96815246990727,0.46779370976781937,0.431012911860422,0.4602957356993362,0.4684966468509992,0.9374260731379325,0.8159944791364636,0.026590670365275505,0.0,0.5510428614270537,0.3701658427520593,0.023972817714355686,3.0
2021-04-27 00:42:19.560,0.45206459834632723,0.30025965419409334,0.3539481095220117,0.9713508628322166,0.4076946656223064,0.3772125226130727,0.5565487053279499,0.5454541325548712,0.9814128537178677,0.8107241018632632,0.04104676394155934,0.008952527007549916,0.49176730942246416,0.33701652770061646,0.0034247884405852057,3.0
2021-04-27 00:42:19.580,0.41780001268631184,0.3505554950454136,0.33922536235196143,0.973739549198397,0.34485953133879227,0.32775872876672363,0.6468616395058268,0.6406328922791692,1.0,0.764436284838011,0.0613063342421398,0.033124432975948026,0.4500548756115337,0.29558016675925947,0.0,3.0
2021-04-27 00:42:19.600,0.41942589586255524,0.38421546371708387,0.3105769289598331,0.9754447495406686,0.29524763178589114,0.2829902879775283,0.7003860340036021,0.6919969169607114,0.9928408593876303,0.7170027393312779,0.08473147184870801,0.059385240743672976,0.39846325806914296,0.254143522944955,0.023972817714355686,3.0
2021-04-27 00:42:19.620,0.47304980275764025,0.45579163268942574,0.2785500139219643,0.976746291607507,0.25834546928244895,0.24243123194758592,0.7486961473193654,0.7304115251028814,0.9743196347489776,0.669110896805155,0.11163871621822251,0.07997611636834209,0.36004381056606166,0.21270744487654872,0.047945284743840744,3.0
2021-04-27 00:42:19.640,0.5286566295387821,0.4890994681636239,0.27546060947852435,0.9782063614924628,0.2332526336535094,0.2049393348880091,0.7928451793602554,0.7566310160687441,0.9467415783847192,0.6258020075925377,0.13854597786137715,0.09459859994483413,0.3068056998697464,0.19198898153292196,0.08047954753235351,3.0
