2021-04-22 01:49:17.020,0.44838166283060876,0.8496747994251694,0.1644593761514451,0.2629122004515988,0.7395957463068398,0.559158565199391,0.9310797805226685,0.14949182969225366,0.38086321747216983,0.9401561120170674,0.46704069692816336,0.558219162714943,0.4102568142015832,0.0,0.014066512071479872,2.0
2021-04-22 01:49:17.040,0.6232110010599194,0.9029666900023947,1.0,0.22507479350280435,0.709905193253661,0.5898110101944749,0.9522545574896975,0.17963257723519127,0.424736769684933,0.9430471208697381,0.451612915816581,0.5684931347493787,0.53846174043412,0.02500011200002361,0.011509000134743607,2.0
2021-04-22 01:49:17.060,0.12745279942410503,0.7788352159166222,0.1519624479668486,0.20461982664432948,0.7028595925800223,0.6157096254834559,0.9037586774820942,0.18533859357679353,0.44381768991292886,0.9508528447719492,0.7503506483477302,0.5273972454903875,0.5641024631162683,0.03333334044444594,0.0,2.0
2021-04-22 01:49:17.080,0.9554139497305577,0.8933169514368497,0.8365502237902859,0.17270956369728313,0.6700262109758528,0.6412484796535244,0.9137065704392016,0.21271718051298666,0.4792756595288824,0.922520957542511,0.5147265303354172,0.5650684778717536,0.6153825956587556,0.02083328444443535,0.012787756103111739,2.0
2021-04-22 01:49:17.100,0.0,0.7202602648946178,0.386660871316419,0.14531808580377303,0.6504552548761928,0.6721112961507715,0.867668204633949,0.22964609659741803,0.509154476737859,0.9603931763520867,0.9621318496564163,0.499999983181272,0.53846174043412,0.02500011200002361,0.011509000134743607,2.0
2021-04-22 01:49:17.120,0.8951459011613796,0.8686464167027375,0.46842781133968503,0.12002925194843028,0.6167383845983734,0.6914992027240118,0.8789482327002931,0.25985735156475703,0.54203713355895,0.9245446642126453,0.5792426573124164,0.5993150516936221,0.5897431857984168,0.03749974133327759,0.012787756103111739,2.0
2021-04-22 01:49:17.140,0.26578098466590666,0.7283540670586212,0.7614654306855569,0.09457050040061189,0.5891206359678266,0.7157919288714379,0.8533367238363679,0.28556964086614584,0.5734846342776655,0.9476727350340114,0.5568022656947589,0.5308219029286367,0.53846174043412,0.016666456888844668,0.014066512071479872,2.0
2021-04-22 01:49:17.160,0.47838681178505466,0.7241588903842278,0.08609660420357063,0.0835336586787093,0.5715997166934319,0.7200812425444444,0.871804294991317,0.30232332816536933,0.5873225977362351,0.9277247737139507,0.6858345207967397,0.6267123111996162,0.5128197049301694,0.02916651288885526,0.005115154819759659,2.0
2021-04-22 01:49:17.180,0.8014841383925183,0.7779517087826462,0.8995601908792674,0.061013201252822516,0.541118722077704,0.7389727142253074,0.8592759243566759,0.3322688710844528,0.6174235411325375,0.905174904899751,0.3113604646187756,0.60273970632875,0.5128197049301694,0.02500011200002361,0.014066512071479872,2.0
2021-04-22 01:49:17.200,0.12117713596318691,0.6316631833868936,0.13119808775441014,0.04871000655546652,0.531062433164306,0.7571871934249267,0.8084497894908722,0.3423677048855817,0.6336692681331502,0.9271465721800489,1.0,0.496575328546144,0.38461477869762517,0.04166656888886828,0.011509000134743607,2.0
2021-04-22 01:49:17.220,0.9902315716402142,0.7778124842022038,0.6082135675041255,0.030343220919222126,0.4999862158964777,0.7729374948353427,0.7975621636490496,0.37424679058780386,0.6619869957062076,0.9401561120170674,0.9214586617687004,0.558219162714943,0.3589727431936672,0.03749974133327759,0.026854202701447952,2.0
2021-04-22 01:49:17.240,0.15218427160702208,0.6066809435501548,0.5549213812531993,0.012275854031611917,0.47307113885816443,0.7975152872933066,0.7381366229527353,0.40265953701258045,0.6917341463295923,0.9306157828032537,0.719495109084213,0.5650684778717536,0.38461477869762517,0.02916651288885526,0.01918166689123953,2.0
2021-04-22 01:49:17.260,0.6645207549042935,0.6781156202157529,0.1342041423363464,0.0,0.4493185340420586,0.8022496801005263,0.7513920578621215,0.4283357908725203,0.7090395414139197,0.9242555629724296,0.5736325598384955,0.6078766952892453,0.5641037759380779,0.02083328444443535,0.012787756103111739,2.0
2021-04-22 01:49:17.280,0.8344527479687099,0.8980573427949913,0.6541058738945082,0.6757926141743755,0.7690234306815787,0.8315535932972807,0.16156056447718226,0.13416234682831263,0.48873990662170474,0.9288089020751129,0.5866059117464898,0.5967465600164958,0.5128197049301694,0.04583339644445896,0.02301793479634374,2.0
2021-04-22 01:49:17.300,0.6852175358620476,0.7725069050137526,0.5214304357227723,0.5328142180785199,0.580930195781923,0.8481646945189755,0.4548394927086861,0.3480017641883517,0.6780607903044517,0.9333622411777962,0.5995792636544841,0.5856164247437463,0.4615382595658726,0.03333376711120498,0.01790284544972774,2.0
2021-04-22 01:49:17.320,0.5882978269993387,0.6837687713174041,0.4326375684894976,0.4610498652487434,0.4730852582983921,0.8484234551595236,0.5949029283737756,0.48259496526594803,0.762578427788996,0.932061287205926,0.5988780017428899,0.5821917645023758,0.5897431857984168,0.04166656888886828,0.014066512071479872,2.0
2021-04-22 01:49:17.340,0.5729000462261346,0.6186579779562822,0.4198233642476866,0.4123590530992788,0.4006950647438108,0.8514207751447584,0.612716788371406,0.5254448316441328,0.7858366939048486,0.931483085459055,0.5918653784942102,0.5993150516936221,0.6153825956587556,0.04583339644445896,0.02301793479634374,2.0
2021-04-22 01:49:17.360,0.5551746716782819,0.5572387899436686,0.3950200542887254,0.3616,0.3275356440856225,0.8601293921375147,0.6305306483690363,0.5682946980223177,0.8090949600207014,0.9332176907706574,0.5918653784942102,0.5958903970584942,0.4871776694262114,0.05833302577771294,0.02173917882797561,2.0
2021-04-22 01:49:17.380,0.5603067398096314,0.5127244663201892,0.38032653388772236,0.32128574550222155,0.27362442677278837,0.8771384143176013,0.5951898277518215,0.6344032864079734,0.8457467758775435,0.9332176907706574,0.5876578049582759,0.60273970632875,0.38461477869762517,0.04583339644445896,0.012787756103111739,2.0
2021-04-22 01:49:17.400,0.5821145133593618,0.4782011000612977,0.36889614288068273,0.2928833272634569,0.23537096270049826,0.8920189914381507,0.549630659201093,0.6825746190546095,0.8717124085968782,0.9300375807960872,0.5820477069103638,0.60273970632875,0.53846174043412,0.0624998533333012,0.01918166689123953,2.0
2021-04-22 01:49:17.420,0.5874354451530048,0.4577486197397153,0.3642189155057495,0.2751826352975454,0.21059796358843458,0.9013298199363964,0.5184734606527271,0.7143824839096212,0.8876387411368615,0.9303266819179867,0.5834502314223418,0.60273970632875,0.4102568142015832,0.049999370666531574,0.02173917882797561,2.0
2021-04-22 01:49:17.440,0.5984710576291282,0.4273066724245027,0.35835922720979596,0.2584034845946537,0.18632728121177272,0.9102892209322869,0.4865724762751398,0.7459588354735739,0.9026199698283347,0.9294593792621856,0.5876578049582759,0.5856164247437463,0.5128197049301694,0.05833302577771294,0.01790284544972774,2.0
2021-04-22 01:49:17.460,0.6030756930893555,0.41307209589007576,0.3455483515401689,0.24248210357637126,0.1624177388175357,0.9189459528529766,0.4539961166268375,0.7774474208528356,0.9167575901293191,0.9300375807960872,0.5890603298146487,0.5753424507471258,0.6025628907285862,0.05416662488887887,0.02301793479634374,2.0
2021-04-22 01:49:17.480,0.6110108398594531,0.38928040136190317,0.3416829562254738,0.22736754024328068,0.13885899391575673,0.927341954593016,0.4207223942494481,0.8088278847285426,0.930085645397662,0.9300375807960872,0.596072952374539,0.5684931347493787,0.4615382595658726,0.049999370666531574,0.028133024142959744,2.0
2021-04-22 01:49:17.500,0.6217725743581408,0.3600328068723028,0.3354491431114589,0.21309316046325305,0.11582847492219747,0.935511803890824,0.38665291988597,0.8398277147669427,0.9425612721954423,0.9332176907706574,0.6002805255660785,0.558219162714943,0.4871776694262114,0.02500011200002361,0.01790284544972774,2.0
2021-04-22 01:49:17.520,0.6279254310407089,0.3473556982073848,0.3321512658469946,0.20640682933935472,0.10448841414624363,0.9394487381170927,0.36343258304724346,0.8601404964282283,0.9500071885744084,0.9283029752478524,0.6002805255660785,0.558219162714943,0.5128197049301694,0.027777997037084067,0.01790284544972774,2.0
2021-04-22 01:49:17.540,0.6340782877232768,0.3346785895424668,0.3288533885825304,0.19972049821545626,0.09314835337028979,0.9433856723433612,0.3402122462085171,0.8804532780895139,0.9574531049533745,0.9167389394822207,0.5974754767717189,0.5813356002829695,0.53846174043412,0.030555882074144523,0.01790284544972774,2.0
2021-04-22 01:49:17.560,0.6402311444058448,0.3220014808775488,0.32555551131806604,0.19303416709155793,0.08180829259433595,0.94732260656963,0.3169919093697905,0.9007660597507995,0.9648990213323406,0.9051749037165892,0.5946704279773593,0.604452037850996,0.5641037759380779,0.03333376711120498,0.01790284544972774,2.0
2021-04-22 01:49:17.580,0.6537369860179134,0.3027895795394825,0.3116377830532778,0.1684905936339137,0.04059256996226758,0.9622231899092484,0.24598524484489936,0.9563974953273463,0.9837572847340467,0.8589187656233427,0.5904628539822321,0.6472602558291118,0.44871724181390105,0.06666646755551359,0.018542256170483728,2.0
2021-04-22 01:49:17.600,0.6622691930578994,0.288650782728141,0.30788011822074524,0.1517736994682788,0.015422364522647345,0.9727064086951551,0.21020786231786137,0.9783057231369711,0.9909213947741187,0.805724195635229,0.5904628539822321,0.7020547748411001,0.5897431857984168,0.10000044800009687,0.03964202427770354,2.0
2021-04-22 01:49:17.620,0.6671941953599527,0.2779069704573556,0.2975860706714699,0.1417710831087479,0.00449958321177381,0.9792953943203314,0.17407687896343,0.9936601909784284,0.9963087427080727,0.7262214474541352,0.5806451835463681,0.7808218959208334,0.5641037759380779,0.1416665902222061,0.04347829218280775,2.0
2021-04-22 01:49:17.640,0.6704798900231537,0.29237220202298164,0.2911121264212759,0.1324705368198704,0.0,0.9854837877983519,0.13818581758123644,1.0,0.9995409255883456,0.6212778332011579,0.5497896431348686,0.8082191554268274,0.6666666666666642,0.19166638755549673,0.060102381664167544,2.0
2021-04-22 01:49:17.660,0.6721263150524502,0.30908847900496483,0.2830092640715808,0.12428267171680388,0.00391825055899747,0.9908703322622769,0.10474580350187229,0.9944788057035026,1.0,0.4050303804866801,0.5168303171033842,0.9126712213090369,0.7435901475349116,0.30000049066677253,0.07544758423087189,2.0
2021-04-22 01:49:17.680,0.6752290280075869,0.2794915676714954,0.28681253799492223,0.11745577973632465,0.01874477470403449,0.9955083776296239,0.07293900489659773,0.9736457212459451,0.9968528448428788,0.2289679401758685,0.4463534575065311,0.8587328631527091,0.7948715928992084,0.383332775110991,0.10741691556282211,2.0
2021-04-22 01:49:17.700,0.6886784504111382,0.2717368716785057,0.30108704950363985,0.11250292373807273,0.04875239743682746,0.9993013671968838,0.03289617092569731,0.8999571369504791,0.9799325968405129,0.0529054998650569,0.3758765979096779,0.8047945049963816,1.0,0.4958332791110985,0.12148340144504469,2.0
2021-04-22 01:49:17.720,0.7162118192238348,0.3087607681885388,0.25736299177232913,0.1098480588535218,0.09499488788017259,1.0,0.015720478430464844,0.7910079035559223,0.9477512977282296,0.0,0.27208977828339004,0.6575342281438596,0.8461530382635052,0.600000128000027,0.18030693547844287,2.0
2021-04-22 01:49:17.740,0.7237781869068591,0.2144265858115401,0.25077851501347465,0.10979054556049239,0.15220565953052512,0.9979727277535859,0.013795651980106814,0.7147364934148721,0.9199400256067359,0.10349815478679524,0.2496493860917412,0.7945205256738304,0.8974344836277947,0.6750000373333412,0.20460360005389744,2.0
2021-04-22 01:49:17.760,0.7415106446957821,0.03960008103701709,0.3000049799457113,0.11118307815572881,0.21032415234381824,0.9941857575932633,0.010513053783124561,0.668826119082987,0.90033761276627,0.18010990121418993,0.27629738625879563,0.9349314806420504,0.8461530382635052,0.72916666222222,0.24936062201581585,2.0
2021-04-22 01:49:17.780,0.7457604791787248,0.0010958251630816547,0.31872388855280354,0.11036215893364411,0.2829706402124834,0.9891279478368288,0.007230455586142309,0.6229157447511018,0.8807351999258038,0.18126630002261046,0.22720901685973993,1.0,0.8846147786976252,0.7729166448888837,0.2659846722132895,2.0
2021-04-22 01:49:17.800,0.7250563968645456,0.08952559349318397,0.2964269226683011,0.1074767863646297,0.3487841661773398,0.9837910296286657,0.0,0.5429221953076299,0.8416048824091059,0.12460252177761563,0.11640958041347366,0.9212328789202667,0.9230765191317526,0.8166666275555473,0.28260872241076296,2.0
2021-04-22 01:49:17.820,0.7107438214997694,0.16713583435638596,0.2694535252054336,0.10703270449413649,0.3965576098752778,0.9768290131081387,0.0065342476605413,0.5007649296587121,0.8167245686100181,0.08499570286235007,0.02664797720740687,0.7568492938530885,0.7692295573952503,0.9416667608889088,0.3721227663345999,2.0
2021-04-22 01:49:17.840,0.7020213719339053,0.13823659504063507,0.25798331615364456,0.10946713089081513,0.4478869992959695,0.9665192584893242,0.013068495321082703,0.45860766400979414,0.7918442548109301,0.11477307274794425,0.0,0.6198629963231177,0.7692295573952503,0.9666668728889324,0.4040920976665502,2.0
2021-04-22 01:49:17.860,0.6965230385500273,0.036290717764067594,0.2738643993733772,0.11365894675504407,0.4969637908720289,0.9544253713497082,0.03782665060104042,0.3774005140621178,0.7363268577542393,0.18473552011111097,0.03646564879125325,0.5890410793788743,0.7435901475349116,1.0,0.4571611512745198,2.0
2021-04-22 01:49:17.880,0.6848777308662078,0.0,0.279497819845,0.1179108747905893,0.5401798146011603,0.9422855077583324,0.05348767974804944,0.33320731048298774,0.7017722256807872,0.242844767287583,0.05189341842301186,0.5034246378163999,0.6923087021706222,0.9625000453333417,0.5127877430084831,2.0
2021-04-22 01:49:17.900,0.7020225407237617,0.051188367952746915,0.25981147847118014,0.12291659407094474,0.578237265544489,0.9287383339062028,0.07336683649206724,0.29593650913446085,0.6695818913645258,0.3006649916674756,0.07293127462285887,0.46575341160190065,0.6217957301783569,0.9666667662222432,0.5348465649973503,2.0
2021-04-22 01:49:17.920,0.6770369773715124,0.20381280187966888,0.31164685915139634,0.35624316410517887,0.7891611587612803,0.8037517990979482,0.20577845187506588,0.11967272958162316,0.4634009244573318,0.3619543414829141,0.09957927478991323,0.3630136884544225,0.551282758186099,0.9708334871111435,0.5569053869862175,2.0
2021-04-22 01:49:17.940,0.6995250427988043,0.1553299380507186,0.2580305235329934,0.2797436084201325,0.738413225538467,0.8470073065875614,0.16344783671817778,0.1571652232731818,0.5185937479453987,0.41861811972790886,0.17110799046132266,0.26369862274519373,0.5897431857984168,0.9750001013333547,0.5818414426404848,2.0
2021-04-22 01:49:17.960,0.714029002269975,0.06547064723645027,0.21086651127112652,0.22922910627139634,0.6994990422607201,0.8674318682839529,0.15459622180633872,0.18808086942014382,0.5564425078273505,0.43972248671872927,0.26647966875565404,0.17465755738192612,0.6153825956587556,0.9666668728889324,0.6138107477831776,2.0
2021-04-22 01:49:17.980,0.7233648131440455,0.01839240690590905,0.17147118562426025,0.20847910262947053,0.6877029206238604,0.8677950637884185,0.16962714397928186,0.1978166620868466,0.566005131081583,0.4070541079804644,0.3113604646187756,0.11643835290047516,0.5128197049301694,0.9499999893333311,0.6381074254532607,2.0
2021-04-22 01:49:18.000,0.7366040847079403,0.07003435892503695,0.15894565850049786,0.22080221429091695,0.7127410475248005,0.848601932421657,0.19703769809787677,0.1773529636729509,0.5398513671298903,0.32494946129726227,0.31276300061057744,0.1472602698447186,0.5128197049301694,0.9291667048888957,0.6828644605098079,2.0
2021-04-22 01:49:18.020,0.7307929078095905,0.1318730374085395,0.1478190451383322,0.23876862116687309,0.743582493800242,0.8238641148303921,0.22582782665291062,0.1531982888720902,0.5069467676705666,0.23272627179809333,0.2903225969391048,0.14041095496822004,0.3589727431936672,0.8625000240000038,0.7250639443457327,2.0
2021-04-22 01:49:18.040,0.7270640980330259,0.18626655362910058,0.14110674977288834,0.2649975963289387,0.7802952445548821,0.7906107197956347,0.25804859921182327,0.1259886465287041,0.46617358116575164,0.20583986343869268,0.2524544465955211,0.21575341860970396,0.4871776694262114,0.8374999119999802,0.7570332560357399,2.0
2021-04-22 01:49:18.060,0.7224166546804202,0.2013026527526069,0.1352929010809323,0.29766835166436023,0.8178555147091915,0.7502195267862316,0.29080446151397965,0.09992177091213424,0.42209241287300364,0.22896793426005876,0.22650772016427956,0.15924656246922703,0.20512578145717242,0.7916665155555237,0.7979539708086679,2.0
