2021-04-26 19:05:37.380,0.7903115478145535,0.5364520906050045,0.6636097397140003,0.01472129092581141,0.8395412411252154,0.1529306654735338,0.8117113699701823,0.1506692427150718,0.8142780571416969,0.40455318947966,0.4463736606200273,0.34802157739420597,0.2068771011770923,0.8479534078131792,0.6762114517572629,3.0
2021-04-26 19:05:37.400,0.6112426195983752,0.45142320084404003,0.20552139340378633,0.010973910312253683,0.8703823251681182,0.1616420410098057,0.801419861184967,0.12135937722968565,0.8133247194480727,0.37524532798982363,0.41546895290448466,0.33333333087976186,0.2074408207054425,0.8421052316405154,0.6696035166775991,3.0
2021-04-26 19:05:37.420,0.9724241247645848,0.6020538461880899,0.3333582720735394,0.01195017999493389,0.8707387710149975,0.15512829612645757,0.8083813891526048,0.12102063437856979,0.8089226248049685,0.3629464911156226,0.4566752300852069,0.3120503578852903,0.2130777850982942,0.801169794922598,0.6872246618533254,3.0
2021-04-26 19:05:37.440,0.7604541178026993,0.5405265828788663,0.6395954702303608,0.01049653084007039,0.8673182843242756,0.161402911388053,0.8017684300203518,0.12426352963068113,0.8138512731007732,0.36935758795838325,0.4285120677221794,0.3050059923575175,0.21082302243021905,0.8421052316405154,0.6916299368697244,3.0
2021-04-26 19:05:37.460,0.6048831183650635,0.5103061769386934,0.21339786635729724,0.007092499069334285,0.8999211537108001,0.1699965142650789,0.7915907350849011,0.09343901425830312,0.811930597546437,0.41318854366763147,0.44986290257048756,0.27877697511641825,0.2085681443168169,0.83625705546785,0.6872246618533254,3.0
2021-04-26 19:05:37.480,0.9618506100035434,0.6417925442992115,0.29371266034003,0.00894682119814588,0.8977063480213368,0.1611407950635466,0.8011237308001772,0.09552733332613776,0.8068541369602158,0.41318854366763147,0.44371519108062607,0.297661866646724,0.20293117992396553,0.8421052316405154,0.6916299368697244,3.0
2021-04-26 19:05:37.500,0.8366446738687056,0.5778592301952625,0.6413019371837106,0.008205665587932513,0.8770311158051821,0.16484475745892324,0.7977852167279632,0.11506065414898521,0.8138965157459954,0.3943477734251634,0.41887511632184626,0.2949640249995375,0.20293117992396553,0.8304094781254314,0.6563876465182719,3.0
2021-04-26 19:05:37.520,0.6162417066321928,0.5193362386912904,0.23705190126358022,0.0050421113851002565,0.8902806895348028,0.17267631859796387,0.7943950263514699,0.10222963675680058,0.8125336363224934,0.4181604108856555,0.4438813458348364,0.2898681018881851,0.20293117992396553,0.8421052316405154,0.6563876465182719,3.0
2021-04-26 19:05:37.540,0.9521975780568909,0.6476733146690345,0.1974352668402828,0.007771903536314344,0.8909260960468228,0.16257665751741815,0.799220341719959,0.12389414560110891,0.8152918166090704,0.41188015699397806,0.44305057369577583,0.3111510748826567,0.20293117992396553,0.83625705546785,0.6740087465838662,3.0
2021-04-26 19:05:37.560,0.7928198831799959,0.5703090918528405,0.4845234586808981,0.007627798616581456,0.8677073285144067,0.1637655803413794,0.7919221817290908,0.12511698688744066,0.8198542500078806,0.3841423573706668,0.4232782058164833,0.3177457989091127,0.20293117992396553,0.8304094781254314,0.6828193868369264,3.0
2021-04-26 19:05:37.580,0.8383862257411867,0.5918025877143185,0.11736266971446693,0.00489037270731149,0.8664190074074015,0.17058275536050233,0.8004701781543114,0.09572546473397221,0.8073019949368617,0.3896375814000111,0.41455510400031553,0.31085131469963595,0.20518605803736734,0.847952808982934,0.6607929215346702,3.0
2021-04-26 19:05:37.600,1.0,0.6372552873720214,0.5268838837131741,0.00704241140030542,0.8974947893506247,0.1617588138370895,0.8057973442507024,0.10862769656120665,0.8073674272967271,0.4021980934670839,0.42269666628473546,0.30305754994109707,0.20067641725589005,0.8187131257801006,0.6696035166775991,3.0
2021-04-26 19:05:37.620,0.9108010625870095,0.5747344163178186,0.4992342036826543,0.007268543746286359,0.8770757160345608,0.15607111880206165,0.8085552002739551,0.1214189696985046,0.8089140773345357,0.39173100009927514,0.4300074575180887,0.2934652240844339,0.20518605803736734,0.812865548437682,0.6740087465838662,3.0
2021-04-26 19:05:37.640,0.8687862882185523,0.5761945605990637,0.4177114083833282,0.007189417999448066,0.8732207712371343,0.15482920016791513,0.8100710570934594,0.12232251778914109,0.8081785527667699,0.38178726135809066,0.431835154986429,0.2859712195089157,0.19842165458781455,0.812865548437682,0.6872246618533254,3.0
2021-04-26 19:05:37.660,0.8267715138500952,0.5776547048803088,0.336188613084002,0.007110292252609693,0.8693658264397077,0.15358728153376858,0.8109551468193095,0.12432162351949239,0.8081196046948191,0.38335732536647477,0.4325828498843836,0.28027577627687905,0.20518605803736734,0.801169794922598,0.6740087465838662,3.0
2021-04-26 19:05:37.680,0.8581020976931941,0.5761852222228842,0.37326778659244303,0.007311040224683342,0.8651492993949831,0.15205680290619075,0.8118392365451595,0.12632072924984394,0.8080606566228683,0.38100222935389866,0.43333054444234026,0.2712829700501858,0.20405861898066627,0.801169794922598,0.6740087465838662,3.0
2021-04-26 19:05:37.700,0.8623114253497923,0.5812882879543488,0.38190473890172283,0.007899251080091648,0.8568070222832309,0.14946166358927498,0.8148783767605929,0.13424222317086226,0.8080872569403362,0.37995551937241817,0.4336628531347654,0.2592925617479282,0.19842165458781455,0.8099414603513493,0.6718061316307327,3.0
2021-04-26 19:05:37.720,0.870671184347241,0.5966331287834123,0.38085641543958026,0.008898748387191258,0.84577779748709,0.14635455371344896,0.8185532444464243,0.14472957302729428,0.8082940909877933,0.3940860963046186,0.43540747376999744,0.250899276868705,0.19616677647441275,0.8304094781254314,0.6696035166775991,3.0
2021-04-26 19:05:37.740,0.8713078765146809,0.5751436477269383,0.37864860646843973,0.009700945683569558,0.8352144086101124,0.14430796371345697,0.8210844472037931,0.15479419578281392,0.8091046269771164,0.4113568012535872,0.43715209440522945,0.25119903729708287,0.1916572511382621,0.771930111719768,0.6431718214690755,3.0
2021-04-26 19:05:37.760,0.8666159270341248,0.5591004417362647,0.3741241270626043,0.010375071789960758,0.8216446489692415,0.14273106835865268,0.8232159163991615,0.16775375626651562,0.8108648164055668,0.40638493082277477,0.4370690172321231,0.2562949604084352,0.19391201380633757,0.795321618749936,0.6696035166775991,3.0
2021-04-26 19:05:37.780,0.8631543233301375,0.5629904186942216,0.3750269400977393,0.010970987349131846,0.8093424105564523,0.14130641156865945,0.8251438472867593,0.17952621819130413,0.8124270876824423,0.3796938426802452,0.4364874770203791,0.2646882465144441,0.19391201380633757,0.7777776890621866,0.6519823715018729,3.0
2021-04-26 19:05:37.800,0.8574430800752211,0.5641988524030156,0.3748702386921996,0.011536907063451089,0.8043281649278848,0.1398912343175531,0.826824926291055,0.1843325787770429,0.81243003508604,0.35064765638328055,0.43673670840369877,0.2739808119427295,0.19052981208156103,0.8304094781254314,0.6563876465182719,3.0
2021-04-26 19:05:37.820,0.8553207423136266,0.5659435149174901,0.37336558126593755,0.01211897402064702,0.8072534212495225,0.13850034543722672,0.8282172527653036,0.1815267268476204,0.8107668152359487,0.34188146674073217,0.4413474916572969,0.2822242172211566,0.18940248847018662,0.8070173722650166,0.6563876465182719,3.0
2021-04-26 19:05:37.840,0.8575576938263988,0.5710666019467043,0.36663021536171636,0.012758705648362366,0.813958508869394,0.1372629684926066,0.8293164417581012,0.17510492889819762,0.8084128713527742,0.3870208078385184,0.448035204082153,0.2910671431109823,0.19729421553111381,0.795321618749936,0.6563876465182719,3.0
2021-04-26 19:05:37.860,0.8652861656690518,0.5454563792679176,0.36645526675814244,0.013335834784362217,0.8203075066305336,0.13682718324274082,0.8295681936505904,0.16903153485823824,0.8067346197443355,0.42444066691919186,0.4520229083912548,0.2862709796919364,0.19616677647441275,0.7836252664046051,0.6343612263261466,3.0
2021-04-26 19:05:37.880,0.8687874183471496,0.48935766712923295,0.38965874246426957,0.013462685708191688,0.819396939803828,0.1377823151703324,0.8285796237572493,0.1699019866499797,0.807652588594789,0.4388329203293794,0.45177367755193215,0.2757793732126039,0.19616677647441275,0.7660819355471026,0.6123348061340212,3.0
2021-04-26 19:05:37.900,0.8623634417257164,0.4090476139076069,0.4203621309777029,0.013201917668131604,0.8118805043395972,0.1401061321627879,0.82634562326168,0.17709466053233047,0.810995239014758,0.4362161469820725,0.44836751277457815,0.26019184376913324,0.19616677647441275,0.7660819355471026,0.5903083408317651,3.0
2021-04-26 19:05:37.920,0.8583215893020105,0.3924153381007774,0.43381093090635814,0.012948613116430929,0.8002751381539148,0.14243483512653032,0.8242282972746484,0.1882205011261111,0.8151771626091262,0.4247023442539225,0.4408905673310116,0.2383093504086202,0.19391201380633757,0.7777776890621866,0.5903083408317651,3.0
2021-04-26 19:05:37.940,0.8566522683237177,0.39505281302735973,0.4428245693430619,0.012880505237864777,0.788086459960284,0.14401424892599413,0.8230762243758752,0.20568020171907195,0.820161737888194,0.4129268652619713,0.4305889970498366,0.21612709441151506,0.19503945286303834,0.7426898296866911,0.6035241658809611,3.0
2021-04-26 19:05:37.960,0.8549829473454249,0.3976902879539422,0.4518382077797657,0.013121805775968148,0.7761341070413641,0.14407455954454443,0.8243947409816167,0.2139230453977116,0.8212120820027219,0.4213005389024237,0.4186258841225312,0.19214628467699982,0.19222097066661264,0.7236840056633378,0.6079294747299584,3.0
2021-04-26 19:05:37.980,0.8464430640113403,0.4178723888128189,0.44369519898448384,0.013703333545792087,0.7650036799003397,0.14210224951344258,0.825713257587358,0.2221658890763512,0.8222624261172499,0.455580271894002,0.4123950968195559,0.167865709852321,0.18940248847018662,0.7046781816399845,0.6123347835789558,3.0
2021-04-26 19:05:38.000,0.8239394255560807,0.4128511979865534,0.4292784623680897,0.014521025384544183,0.7494866142353762,0.1380291793412267,0.8335849379007358,0.2479996388103333,0.8227134525527633,0.4935234897136688,0.40574892229105675,0.15137889242546673,0.17925588329585795,0.6783628859386089,0.5947137060684268,3.0
2021-04-26 19:05:38.020,0.8079170380761567,0.38878265139033114,0.4111614731764634,0.015683272143134273,0.7109513803592997,0.13025769301131132,0.8439367815291927,0.29035096058261073,0.8247258660440727,0.49404684224127116,0.39818889817839226,0.14448441803027579,0.160090112003901,0.637426850390448,0.6387664562324137,3.0
2021-04-26 19:05:38.040,0.7973756290902233,0.36560286963498045,0.3999051408681902,0.016831982460859162,0.6639148952357394,0.12039464310785876,0.8524576469376336,0.32054511581129913,0.8248216566609928,0.4848881333838384,0.3934534972713453,0.14628296686054293,0.1544531476110493,0.5672511316394571,0.6123348061340212,3.0
2021-04-26 19:05:38.060,0.7840461487674856,0.3871722129214246,0.37905109967751416,0.01755205300699976,0.6356767456743373,0.11285567430341772,0.8615497879910798,0.3483027074860943,0.8235113883917071,0.4631689124593328,0.3903796452663936,0.15137889242546673,0.13416005270771794,0.5350879591805378,0.6299559287546821,3.0
2021-04-26 19:05:38.080,0.7864090947894153,0.42430506983173305,0.36242610199178754,0.01841319199662051,0.6116615309443207,0.1045883656440193,0.8712874774140202,0.3720000082262477,0.8203654771618738,0.4278424744125497,0.38971502380156625,0.16996402867989463,0.1161217204724624,0.491228434376291,0.6563876465182719,3.0
2021-04-26 19:05:38.100,0.7754288015250638,0.47083838852898047,0.3373527470229318,0.01926584587970328,0.5963060330430234,0.09623436400759625,0.8808084249532969,0.38719672546876727,0.8152026576502447,0.4071699649688258,0.3951150434534558,0.20983213547522267,0.11386695780438692,0.48538025820362557,0.6607929215346702,3.0
2021-04-26 19:05:38.120,0.7721920582564356,0.5399207239466253,0.279711358610153,0.020139045639486743,0.5879539916849307,0.08818635811349249,0.8897252375530024,0.39547612493419193,0.8087780546585093,0.39722622432138677,0.4069120020345486,0.2502997577294493,0.11302137851186111,0.5014619941406461,0.6662995378602343,3.0
2021-04-26 19:05:38.140,0.7756004427401595,0.5806881386322261,0.2379560585329932,0.021107795077242048,0.5849595210962646,0.08110948145837563,0.8973745277476941,0.3984461192014857,0.8021377017234339,0.3537877865419077,0.4282628368828567,0.3087529958720623,0.11217579921933564,0.5175437300776666,0.6718061541857985,3.0
2021-04-26 19:05:38.160,0.7483422768962967,0.6161131283769603,0.19889398268063002,0.021859819569743248,0.5991861805807857,0.07721070274840125,0.9009752479933628,0.3843436842114409,0.795667119235577,0.24964021588653204,0.45069367430155044,0.37320144012866135,0.12063136125393971,0.5672511316394571,0.7356828674742372,3.0
2021-04-26 19:05:38.180,0.7291037756610476,0.7592222537824227,0.16345684773280744,0.023532435554196977,0.6205874760521688,0.07509407734917001,0.9023860399851886,0.3631822678065461,0.7897395958605664,0.10257752378186329,0.4824291530681597,0.47182252316748025,0.13866969348919558,0.701754392968777,0.7444933272867714,3.0
2021-04-26 19:05:38.200,0.712461764631368,0.8494185993652977,0.07140807823521725,0.0270149332766979,0.6852618770868535,0.07297150955242754,0.9020172029299829,0.2996403392039037,0.7759063991860569,0.0994374086162488,0.5269585232930991,0.6294964088792394,0.17023671717823002,0.7836252664046051,0.718061677188379,3.0
2021-04-26 19:05:38.220,0.7066985599667579,1.0,0.0,0.02730887552927629,0.768688665784901,0.0835031829320383,0.8876167371507004,0.21861046018091945,0.770697747548486,0.1690435625197386,0.5785494525520766,0.7494004820875299,0.2130777850982942,0.8654973375009269,0.6828193868369264,3.0
2021-04-26 19:05:38.240,0.6628803010984134,0.894276211518819,0.024145140012886913,0.02432901395059356,0.862493932944852,0.10746894755376724,0.8589029686817027,0.12883977847352635,0.7737077834724728,0.3284050872148905,0.6426019441770737,0.8537169914287426,0.2717024225855391,1.0,0.6255506311832176,3.0
2021-04-26 19:05:38.260,0.5877363570232182,0.7548313752898334,0.06300560354032976,0.013142550300648058,0.9562572443588083,0.1585824137198073,0.8019850883811317,0.04061630091244214,0.7916722083994726,0.4715425871707146,0.7128852339849849,0.9310551824409474,0.33709134807701013,0.9649121406245045,0.5286343552717888,3.0
2021-04-26 19:05:38.280,0.6136627598151215,0.7831777817346665,0.0315062568825186,0.0,1.0,0.2243905800171414,0.7307679581160579,0.0,0.8148572219486131,0.5790919653194481,0.7731161742871006,0.9877098643925788,0.41262676329748316,0.959064563282086,0.43612317393623184,3.0
2021-04-26 19:05:38.300,0.6184043987678531,0.8243870584771865,0.016300991917123225,0.24423045390438913,0.9675166536341102,0.2854181113334584,0.6454260397903019,0.014074217047345504,0.834923587751198,0.7910506064513005,0.8180609228976132,1.0,0.4740698541198223,0.8581872669926577,0.35792944089735945,3.0
2021-04-26 19:05:38.320,0.5668855267745706,0.6911247658504331,0.0627416133992647,0.48846090780877827,0.9350333072682202,0.34644564264977534,0.5497769312578825,0.10727186427035622,0.8461310899308399,0.8955253032256504,0.8689872374917254,0.8634592341804876,0.5355129449421614,0.7573099707032295,0.2797357078584871,3.0
2021-04-26 19:05:38.340,0.5143938945013812,0.24330695285060458,0.22734457731198518,0.9831379365594407,0.7207365028619412,0.473062541422873,0.4542730516199263,0.26505288943204075,0.8381207838036283,1.0,0.9199135520858371,0.7269184683609754,0.6217587425879769,0.6315788239253451,0.28634360910555223,3.0
2021-04-26 19:05:38.360,0.42865153596282646,0.08930890043025229,0.14923711445183535,0.9784833306250991,0.5647300877520957,0.56381802435751,0.35148350562248215,0.41854902796600574,0.7838322622001987,0.944131879396634,1.0,0.5371702577874272,0.7080045402337929,0.5058476771474608,0.2929515103526174,3.0
2021-04-26 19:05:38.380,0.40549904062628744,0.4682986232600914,0.14598656430668153,0.9758783461613576,0.4190881150000386,0.6585763345528295,0.2500485824774558,0.5648699654228171,0.6807858744739421,0.8111997697929989,0.9936860994841209,0.35101918290477047,0.8354002472146217,0.39181303242246657,0.46255500447515074,3.0
2021-04-26 19:05:38.400,0.11829964916475169,0.31755578490579,0.5616853366596287,0.9772485205975535,0.27096854102224344,0.7922476142335133,0.1284677030928524,0.7163387802837312,0.45879266714869493,0.7447337417644184,0.8471379470847373,0.3393285369937478,0.8974069709813165,0.2865494542959801,0.546255500447515,3.0
2021-04-26 19:05:38.420,0.0,0.0,0.684993658239061,0.9821518196126511,0.1763919238291143,0.893824495439752,0.05369491317796221,0.8141443378378361,0.25090750188342786,0.669632327419982,0.746614560826168,0.40677456590555405,0.9391207152900063,0.19883040468748314,0.6519823715018729,3.0
2021-04-26 19:05:38.440,0.33579140330265417,0.3484547636968255,0.7372415738936405,0.9854727313932538,0.11387882855081902,0.9374876854423001,0.03595179894371397,0.8586803341839793,0.1814960403180054,0.4644773012748452,0.6822297618687383,0.3821942456192831,0.9718150625904152,0.17543889765731854,0.7973568079240821,3.0
2021-04-26 19:05:38.460,0.4807058843910027,0.7889839053547909,0.7704606864278233,0.9868859131169361,0.06818719036659449,0.9714589948868498,0.018208684709465718,0.9032163305301224,0.1120845787525831,0.11566139051839736,0.5850294761343441,0.29646282591464107,0.9960541941921999,0.24561401757806603,0.9449338818544902,3.0
2021-04-26 19:05:38.480,0.5207857021365414,0.8446762634868165,0.8466395251293583,0.984312456925314,0.07099908989087235,0.9923272800896714,0.0010630375045589948,0.9241724095892732,0.020275926198369803,0.0,0.5030322933585113,0.2314148661991435,1.0,0.345030018362134,1.0,3.0
2021-04-26 19:05:38.500,0.6252058376536752,0.47873068919280104,0.9612907139357328,0.9810217963941078,0.10771591088009633,1.0,0.0,0.8857425369081522,0.0,0.15203454647153908,0.4558444590341402,0.19964028679894655,0.9991544495688057,0.36403539326280115,0.9999999887224671,3.0
2021-04-26 19:05:38.520,0.7494468553574598,0.44688470603119446,1.0,0.9804158916794136,0.14090097345467578,0.9978674338836352,0.0024722773627927825,0.8511140515518218,0.004185563637811126,0.2674342660807826,0.40333967883100497,0.22691846590740405,0.9983088991376117,0.3830407681634684,0.9999999774449342,3.0
2021-04-26 19:05:38.540,0.7728384400541704,0.6824712792487677,0.9075369886075169,0.9812716387953145,0.15160446909555006,0.9867054890727562,0.007246027790847549,0.8399442738676007,0.0313806082035114,0.25147194223663405,0.3430256565958099,0.2859712195089157,0.9808343441533697,0.36842032773180816,0.9118943192315001,3.0
2021-04-26 19:05:38.560,0.7938582003086052,0.784206076490984,0.8357288507357563,0.981550625692891,0.14739221390859936,0.9669657877782144,0.01512397580063653,0.8443309045124426,0.0798351275480802,0.2922936128801974,0.2950070464603989,0.3129496384343525,0.9718150625904152,0.3742691027347205,0.845814968434862,3.0
2021-04-26 19:05:38.580,0.7677817552817955,0.5421243622834394,0.8391565666561579,0.9822585503340209,0.14325105464031573,0.939772622176754,0.027425017330998402,0.8486501947109786,0.14547040141411707,0.43778621099045667,0.26800697540079826,0.30635491318111074,0.9458850032942324,0.3333336660168031,0.7444933272867714,3.0
2021-04-26 19:05:38.600,0.7272339298587752,0.3560292620380896,0.8399326305243663,0.9848156606347869,0.13143056990244292,0.9074548744472801,0.04372269845733234,0.8609686817981691,0.22203620994373513,0.5168127682209815,0.23784994728329628,0.27308153114831013,0.93179253458944,0.33040957793047376,0.6982378493943221,3.0
2021-04-26 19:05:38.620,0.6593154982970706,0.39371227001315706,0.7777944883526207,0.9881393534870978,0.11389291551038327,0.8708080524013817,0.06462485696706145,0.8792844223070521,0.30649229158905483,0.5004579390840319,0.17010050683515157,0.24295563373615575,0.9177000658846475,0.32748548984414105,0.6519823715018729,3.0
2021-04-26 19:05:38.640,0.569508135100563,0.4366907523079461,0.6824613868377691,0.9907177474999157,0.09883136210829603,0.8292574224435768,0.09179828945133822,0.8950279618289989,0.39816557726454216,0.4464215651784281,0.10176952005529728,0.20413668954425743,0.8466741760003251,0.3216373136714756,0.37444950414717765,3.0
2021-04-26 19:05:38.660,0.5171357612250099,0.47812832532532895,0.5838056406730091,0.9925755601575038,0.08340329348029062,0.7826719782896864,0.1262302642385636,0.9111884573245942,0.49533649276332115,0.43987963181016104,0.05549552171516799,0.1552757821654505,0.7857947758450047,0.3216373136714756,0.2643171776358944,3.0
2021-04-26 19:05:38.680,0.49338387746931606,0.42721604939466573,0.5337584409046711,0.9937331954451493,0.08012438836150652,0.7304595270143983,0.16990806914581147,0.9146245099743014,0.5953631918188094,0.4867198725850942,0.039067016343368184,0.13511690372337803,0.720405850353534,0.3216373136714756,0.1674007663940703,3.0
2021-04-26 19:05:38.700,0.4379789662833616,0.3540578558785486,0.5118986124333978,0.9950679112170666,0.08831954065730463,0.671619934819445,0.22470923596049933,0.9060353508328046,0.6958205212769161,0.5335601133600274,0.022638510971568385,0.11495802528130561,0.6482525214125106,0.2865494542959801,0.07048458070290517,3.0
2021-04-26 19:05:38.720,0.38257405509740705,0.28089966236243163,0.4900387839621247,0.9968960118126304,0.08827570325967159,0.6098887531307826,0.28711705453765907,0.9060693399027678,0.7877319719001026,0.6031662886821066,0.0,0.11450838991391739,0.5704622280786353,0.1812858761694902,0.022026600632651768,3.0
2021-04-26 19:05:38.740,0.3563467694511964,0.3258827823671301,0.4355821376199935,0.9986824247108551,0.06920974089351804,0.5464026965656668,0.35562526622919244,0.9260624059411874,0.8677399794061966,0.5775219184459357,0.00033228013258568615,0.13639087100657324,0.48816240940860955,0.11695953125165505,0.0,3.0
2021-04-26 19:05:38.760,0.33011948380498574,0.37086590237182854,0.3811254912778622,0.999952338674145,0.015864510097247778,0.451685176684692,0.4283784519311883,0.9629949102324269,0.9320361888697997,0.39853461078085434,0.0073938704464480975,0.15227816316024317,0.41037200062940804,0.0994150027336621,0.030837060445185433,3.0
2021-04-26 19:05:38.780,0.36645408583983646,0.5154877761729186,0.261071066576234,0.998650953195301,0.0,0.3623157740045858,0.5377533840688452,1.0,0.9877731382861493,0.19861312490475422,0.01919080454767841,0.14178655675451776,0.3404734343564597,0.14035103828182305,0.12334801623008405,3.0
2021-04-26 19:05:38.800,0.4448062622000124,0.5865882222478844,0.17593570635665054,0.9968182269396513,0.050323654252919174,0.3069482392180974,0.6421490071913203,0.9458746220688831,1.0,0.09472722515853238,0.04735396147073656,0.10701438288482781,0.2683201054154362,0.16374254531198765,0.22026442747190814,3.0
2021-04-26 19:05:38.820,0.5418520595546462,0.580901284855861,0.14299243239127415,0.9956908712796851,0.1286720177448904,0.25541757298054096,0.7052712196846734,0.8638618339842139,0.9838555967944806,0.1253434711801632,0.08972334695479016,0.052757797118790674,0.21195034604159346,0.23976644023564408,0.3612335888777185,3.0
2021-04-26 19:05:38.840,0.6039861794193122,0.545061406819159,0.15128458469679895,0.9961771615326472,0.20293256933530301,0.207642253332612,0.7624653519236713,0.7866094925446202,0.956594839865573,0.23132279602980743,0.14064966154890213,0.009592335670948957,0.1533258239996749,0.2163743343752326,0.46255500447515074,3.0
2021-04-26 19:05:38.860,0.6248795672717561,0.49249564399306417,0.18366108007594464,0.9971499123082683,0.2259650025000539,0.18595251892335257,0.7980667132074737,0.761774386962405,0.9337219931999569,0.35954468576412374,0.1885851897512336,0.0,0.12514091545142184,0.19152063359433905,0.5341409264872213,3.0
2021-04-26 19:05:38.880,0.6126126986933607,0.53401044890288,0.18026161132880494,0.9981226630838894,0.24899743566480478,0.16426278451409318,0.8336680744912761,0.7369392813801896,0.9108491465343403,0.4107680267149785,0.22098528386270466,0.021882492747120105,0.09695600690316879,0.16666693281344552,0.605726848499292,3.0
2021-04-26 19:05:38.900,0.6201353632282781,0.5839238643225799,0.14989147687669319,0.9995287502368877,0.2528806052368095,0.12882414148980523,0.8602177441582703,0.75590602736372,0.8933510745415612,0.4619913676658332,0.25338537797417576,0.043764985494240266,0.049605355924290634,0.0526319886733261,0.7048458070290518,3.0
2021-04-26 19:05:38.920,0.6276580277631956,0.63383727974228,0.11952134242458141,0.9997643751184438,0.2335680702228323,0.11485090501063423,0.8867674138252647,0.7748727733472506,0.875853002548782,0.4430851786251472,0.28383316565760897,0.0726918425423475,0.0405861898066627,0.03216397089924393,0.7092511046005162,3.0
2021-04-26 19:05:38.940,0.632554767676227,0.7134848720603293,0.08171275525783349,1.0,0.2142555352088552,0.10087766853146327,0.949891924868382,0.9417467515528277,0.8310484888713335,0.42417898958446115,0.3142809533410422,0.10161869959045473,0.031567023689034766,0.011695953125165165,0.7136564021719807,3.0
2021-04-26 19:05:38.960,0.6359928046089807,0.7012701216019657,0.08320063746171018,0.8665769771040799,0.043416941726842136,0.03916051593152841,0.9764861922752469,0.9763169676546012,0.8051834012309509,0.3009289638553804,0.373307283813065,0.1594724210473835,0.010522321988790532,0.0,0.7988252630029692,3.0
2021-04-26 19:05:38.980,0.6858523102373005,0.6295626799454622,0.10756357993448067,0.801982501156273,0.025881711444551078,0.007026536059057599,0.993598249360354,0.9715568717410169,0.7824664353730995,0.19180950991803858,0.4325828498843836,0.19394484086798128,0.0,0.04093563632799861,0.8634361136105884,3.0
2021-04-26 19:05:39.000,0.7183691044933368,0.5555906359290684,0.16768990144976514,0.805295852962355,0.06128864861610109,0.0,1.0,0.9343671856127009,0.7695428074487906,0.2062017740375209,0.4736229733988895,0.22182254034248028,0.0,0.01754412929783061,0.8414097385285949,3.0
2021-04-26 19:05:39.020,0.7429022416021139,0.6359527731482187,0.25049343893721265,0.8068746900736796,0.08219567997194406,0.0029587480179628107,0.9963749676348826,0.9124531631971005,0.7719101620183338,0.21601466873527408,0.4960122712110358,0.2868705000579779,0.013528691453778895,0.0760234957034941,0.8414097385285949,3.0
2021-04-26 19:05:39.040,0.7625000799873164,0.7255146966833274,0.2881009679008328,0.8069321277179371,0.09002294394468228,0.011037748702894843,0.9877540626922767,0.9042579392895584,0.7824877303640916,0.11618475375529458,0.47885683326459705,0.32583932630424367,0.01803833223525587,0.12865468593649215,0.8237885482427367,3.0
2021-04-26 19:05:39.060,0.7789303443790522,0.6490090828522954,0.3059808170858305,0.8073391290489352,0.11575683131084594,0.013460289669240939,0.9845047092986027,0.8773754226852523,0.7833476722062183,0.19547298832055024,0.4777768300142153,0.3225419642910157,0.02367529662810758,0.18713465117240255,0.8722466636433858,3.0
2021-04-26 19:05:39.080,0.7953606087707882,0.5725034690212637,0.32386066627082816,0.8077461303799335,0.14149071867700969,0.015882830635587035,0.9812553559049288,0.8504929060809459,0.7842076140483454,0.3448907550192055,0.4859183943386238,0.2892685815221437,0.025930059296183056,0.17543889765731854,0.8237885482427367,3.0
2021-04-26 19:05:39.100,0.8619108497855695,0.3451967155400003,0.37558824917592315,0.8088598644641865,0.19271250559918504,0.021027918751202312,0.9743571174025498,0.7972115634833483,0.785826033363754,0.42679576293176796,0.4860845480048402,0.24880095436077423,0.028184821964258373,0.1695907214846531,0.8017620829404806,3.0
2021-04-26 19:05:39.120,0.9001150685967331,0.3840589131733036,0.3856675029342379,0.8095096817335861,0.21212876030280547,0.027802327372998533,0.9633606824376433,0.781068668331674,0.7971575475497623,0.39251603214630437,0.4740383579044286,0.22841726436893625,0.03269446274573551,0.15789556679981598,0.8414097385285949,3.0
2021-04-26 19:05:39.140,0.8985542475216288,0.5075019569161408,0.3801017243748659,0.8098867893815502,0.20442756698984965,0.03423011500472821,0.9561154063527506,0.7952460960914689,0.8078259696114141,0.331283535755069,0.46074601292740736,0.2140287755839414,0.03720398808188631,0.15204679179690364,0.7973568079240821,3.0
2021-04-26 19:05:39.160,0.8760098115270717,0.5541874126191437,0.3722396993322115,0.81086823810083,0.19458164679710346,0.03902579014668428,0.9543861346444572,0.7952980681215254,0.8098604886297056,0.35117101319460087,0.45476445578375846,0.21133093393675484,0.031567023689034766,0.17543889765731854,0.7621145175726296,3.0
2021-04-26 19:05:39.180,0.8779045272582873,0.518462732369174,0.37617406917969376,0.8116377223317843,0.19446600150450757,0.03986656865169308,0.9539227914461432,0.795404961514632,0.810415484727122,0.4147586076760156,0.4525213721098887,0.2152278163160243,0.031567023689034766,0.12865468593649215,0.7841409828748858,3.0
2021-04-26 19:05:39.200,0.8797992429895027,0.48273805211920423,0.380108439027176,0.8124072065627388,0.19435035621191177,0.04070734715670188,0.9534594482478292,0.7955118549077387,0.8109704808245384,0.42941253627907483,0.4482844356014719,0.22182254034248028,0.0405861898066627,0.15789556679981598,0.7929515329076832,3.0
2021-04-26 19:05:39.220,0.8845454258172709,0.44300483312470534,0.4058897637928737,0.8129789722033018,0.18158106134916657,0.04202014538782939,0.9524117928743844,0.8087707168921389,0.8139906852909367,0.3768153928549513,0.44138903023365006,0.23411270784633004,0.03607666447051174,0.15204679179690364,0.7621145175726296,3.0
2021-04-26 19:05:39.240,0.8732875814892113,0.47624292845390753,0.4036568680984131,0.8132427341521905,0.1642195702348341,0.04297892764532071,0.951858523371095,0.8268214957017775,0.8170309321017982,0.3542457233769877,0.44014287263705576,0.24677757496556288,0.033821844079773254,0.16374254531198765,0.8237885482427367,3.0
2021-04-26 19:05:39.260,0.8566253108231534,0.5471459568499454,0.379401960795818,0.8135658350902801,0.15633682296648377,0.04256153553060867,0.9525200733330922,0.8350259980514952,0.8173393778882807,0.331676053899024,0.43889671504046146,0.2594424420847957,0.03607663560918024,0.15058474775373898,0.8116739968375088,3.0
2021-04-26 19:05:39.280,0.8513613277840465,0.5659482603718099,0.3643688461515394,0.814029706499881,0.16021007572579887,0.04137795143203052,0.9536881269436472,0.8309937337514669,0.815462176537008,0.3671333306131725,0.44521058046853773,0.2826738572503305,0.03833142713858722,0.13742695019549034,0.7995594454322812,3.0
2021-04-26 19:05:39.300,0.8570495814131472,0.5069774682137982,0.37748504881617423,0.8144378997187541,0.1689608746649134,0.04067127774704652,0.9542078341680983,0.8218887761251717,0.8136598392371129,0.37760042400239974,0.4499459790635976,0.30035970829391057,0.03607666447051174,0.14619921445448508,0.8149779079896766,3.0
2021-04-26 19:05:39.320,0.8553694034592437,0.42322107737676434,0.3952163759222217,0.8146353274317478,0.17657103672292365,0.04147491626761026,0.9531358318740031,0.813976369338243,0.8138512731007732,0.3616381044419692,0.45085982864776303,0.3129496384343525,0.03945886619528813,0.18713465117240255,0.8105726780834095,3.0
2021-04-26 19:05:39.340,0.8528479799472931,0.431064143387081,0.397116703932987,0.814542371528818,0.18405492469935283,0.04337388013514516,0.9508896300771473,0.8062008116022359,0.8154001336912797,0.33573205258734956,0.4503613649291291,0.3201438828268499,0.04509583058813967,0.1812858761694902,0.8017620829404806,3.0
2021-04-26 19:05:39.360,0.8503265564353425,0.4389072093973975,0.3990170319437523,0.7301217791571388,0.23181871903665935,0.04999046622494525,0.9400996149595053,0.7398736923434693,0.8182545467053164,0.33167605229262975,0.4501121335798093,0.30725419373017293,0.046473747521148266,0.19298202890473654,0.7944199378642021,3.0
2021-04-26 19:05:39.380,0.8082702279403308,0.4257468744385252,0.3981981807464451,0.7290789765905843,0.2378550066376533,0.05069053724602792,0.9431120696135398,0.7619999073112321,0.8180765235280253,0.32762005199791,0.44986290223048947,0.294364504633496,0.04785166445415702,0.20467818163998627,0.7870777927879236,3.0
2021-04-26 19:05:39.400,0.788273298766201,0.4363905179585806,0.37387833493311556,0.7295029197563758,0.25404356766032793,0.05324992785410635,0.9406867773530485,0.7478680587029498,0.8187301839608695,0.3577129462951355,0.4543906086747792,0.28117505658058406,0.049229581387165613,0.2163743343752326,0.779735647711645,3.0
2021-04-26 19:05:39.420,0.807152100990481,0.4309957649682532,0.37001432698192416,0.7296959914029695,0.2574017055697295,0.054717393487122866,0.9382614850925574,0.7337362100946676,0.8193838443937136,0.3878058405923611,0.458918315119069,0.2679856085276721,0.05862452204191857,0.1812858761694902,0.7797356176382241,3.0
2021-04-26 19:05:39.440,0.8167331661098762,0.39988970358965825,0.3722962435496964,0.7298890630495631,0.26075984347913117,0.056184859120139354,0.9327835671510066,0.7266253841884854,0.824287513444029,0.4097867370310172,0.4648998715827217,0.27847721498246897,0.057497198430544,0.18713465117240255,0.7709251578256897,3.0
2021-04-26 19:05:39.460,0.8087458507080633,0.40537007380318874,0.3715734693298151,0.7301849492145089,0.2613993126173998,0.06247519815419698,0.9277859980149396,0.7248968040342155,0.8292972706025834,0.39388983846421,0.46516987188531994,0.2770533539659062,0.0620067237666948,0.1695907214846531,0.7444933272867714,3.0
2021-04-26 19:05:39.480,0.8007585353062502,0.41085044401671916,0.37085069510993385,0.7302936735102409,0.2641459836705185,0.06605067742624195,0.9227884288788725,0.7231682238799455,0.8343070277611376,0.3779929398974028,0.46543987218791827,0.27562949294934347,0.0659526161584899,0.19298252792994283,0.7555065599378997,3.0
2021-04-26 19:05:39.500,0.7992219693112727,0.4184861491148142,0.36195325446485266,0.7304023978059727,0.2668926547236372,0.06962615669828695,0.9122972621198665,0.7066067147512102,0.8424472038593657,0.36608662127424973,0.4670598767234928,0.2631894446179119,0.069898508550285,0.2163743343752326,0.7665197925890279,3.0
2021-04-26 19:05:39.520,0.7976854033162949,0.42612185421290927,0.3530558138197714,0.7311082933998867,0.28036728924586246,0.07642218432817159,0.9086969142470551,0.7017132611592758,0.8452245791118714,0.38100222935389866,0.4645675615303042,0.2543465197095148,0.07271699074671084,0.19590661601627557,0.7466960099051023,3.0
2021-04-26 19:05:39.540,0.8129281169092142,0.4374780212964992,0.35980100264100967,0.732105399836666,0.29037007307317864,0.08457355964183941,0.9050965663742438,0.6968198075673412,0.8480019543643775,0.39487112809462477,0.46041370287498984,0.24640287535017982,0.08117249505865141,0.2046785808601486,0.7048458070290518,3.0
2021-04-26 19:05:39.560,0.8133737400474651,0.43953648601683715,0.37120539482546727,0.732784555993672,0.28919500705263373,0.08980635943119554,0.8991427420005957,0.6966668408101662,0.8535987053706543,0.38126390583188574,0.4549306094499749,0.24070743432635747,0.07891767466791293,0.1812858761694902,0.718061677188379,3.0
2021-04-26 19:05:39.580,0.8115791237762692,0.4724562253871456,0.36744148200069005,0.7331654315681265,0.2887963384686488,0.09133019294917552,0.8965335636708864,0.6975051050164217,0.8561309119076622,0.3713201679688634,0.4501952105829165,0.23681055194708803,0.07553553066579986,0.2280700878903166,0.7444933272867714,3.0
2021-04-26 19:05:39.600,0.8129078371185514,0.4848401656037012,0.35779018184843037,0.7335463071425811,0.2883976698846639,0.09285402646715553,0.8939243853411771,0.6983433692226771,0.8586631184446704,0.3912076454640836,0.44836751277457815,0.23980815377729528,0.07666285427717444,0.19883040468748314,0.7488986925234332,3.0
2021-04-26 19:05:39.620,0.8117867829879133,0.4799082119160512,0.34778068354899755,0.7342921238857338,0.28542132926381236,0.09462055976158343,0.892035988618615,0.7014050478902328,0.8608294969314065,0.4110951228479271,0.4472044327590879,0.24370503615656472,0.07891767466791293,0.19005814042848498,0.7202643146965787,3.0
2021-04-26 19:05:39.640,0.8217150102372544,0.47977670031191266,0.34946998902447707,0.7345837674974105,0.27746473988251175,0.09548453719782846,0.8912776356342033,0.7095937354381664,0.8627161299741913,0.40376815747546796,0.4433828827281991,0.25329735955965654,0.0772265738055248,0.16812867744148505,0.710352412077083,3.0
2021-04-26 19:05:39.660,0.8267211851664668,0.49086947396646397,0.3508001952203671,0.7347555979993764,0.27118358329125897,0.09572629845276473,0.8911677334395004,0.7160627227154933,0.8637570055546623,0.38440403406283985,0.43881363786735517,0.26618704693883344,0.0755354729431367,0.14619921445448508,0.7004405094575873,3.0
2021-04-26 19:05:39.680,0.8252966757619441,0.5003505542430775,0.3496163081433478,0.7348528503743124,0.2701354524731412,0.09530349215365355,0.8916662954538495,0.7171426568615107,0.8634656547090456,0.3747219733203622,0.4354905509431037,0.2727817712106466,0.07779029333387519,0.15789556679981598,0.7048458070290518,3.0
2021-04-26 19:05:39.700,0.8275355831564103,0.5007430439906553,0.3374625557087974,0.7349710288949377,0.27248904268480983,0.094117795202627,0.8929290918556837,0.7147180819476795,0.8619748579694101,0.39225435474731796,0.43540747376999744,0.27308153114831013,0.07779029333387519,0.14619921445448508,0.7533039675398315,3.0
2021-04-26 19:05:39.720,0.8311530133749374,0.48657020985913024,0.3290884768221937,0.735073026118747,0.2720391753768491,0.09278157637940375,0.8944296291862366,0.7151812707088014,0.8606803583093712,0.4239173122497305,0.4366536313665917,0.26948440870670426,0.07440809160909896,0.14619921445448508,0.718061677188379,3.0
2021-04-26 19:05:39.740,0.8313167376206648,0.45957962144335823,0.33053253451135717,0.7351341472641035,0.2655973664200244,0.09180701375518817,0.8956802660482263,0.721819629411686,0.8605010088004609,0.44092633900722483,0.4368197857128043,0.2688848890767343,0.07328065255239805,0.15204679179690364,0.7136564021719807,3.0
2021-04-26 19:05:39.760,0.83762553708706,0.45637930919171077,0.33830767488670493,0.7350798766361994,0.2546825155302372,0.09094100835788775,0.8969230517591311,0.7330768348912533,0.8609758355200245,0.4320293096263817,0.435075164941573,0.27757793438433537,0.07328065255239805,0.12865468593649215,0.7488986925234332,3.0
2021-04-26 19:05:39.780,0.8424886376671585,0.4614701084547974,0.34456166749719747,0.7349325365922347,0.24598496224694832,0.08984557925476956,0.898363389971129,0.7420558161428537,0.8609205717025706,0.4010205459962606,0.4302566889014084,0.29511390509104785,0.07102588988432273,0.15789556679981598,0.7444933272867714,3.0
