2021-04-27 14:43:08.060,0.9570280452521788,0.31491753881646783,0.5656894969033478,0.7360643187817896,0.055040938038742805,0.9456312804729529,0.24632483445508427,0.9198219424646839,0.9859752762765854,0.631362132389132,0.6613730135338177,0.4428715709488305,0.9553350525352644,0.11413011871446721,0.013422819714427343,4.0
2021-04-27 14:43:08.080,0.6445708875855449,0.23366709010925277,0.3514910300868788,0.7366047963067547,0.04795879406550696,0.9459168168695108,0.2460533412058569,0.9302823390002659,0.9886097601231367,0.6608637928523343,0.6890139753975246,0.42770474165577665,0.9776673992204898,0.12499982608690718,0.02348980564117843,4.0
2021-04-27 14:43:08.100,0.7699893365277808,0.27362446908189547,0.7835347130733539,0.739967100646347,0.0549787392740661,0.9373227312818443,0.2824607255953289,0.9199136659331092,0.9835268731808645,0.6632558196703568,0.659463273952616,0.4304010650855906,0.9776673992204898,0.14130369149319982,0.018456312677802886,4.0
2021-04-27 14:43:08.120,0.46370641119438527,0.15626975177095592,0.22798390611021796,0.7402963224200684,0.0408632922099585,0.9367981173785153,0.2870843405048864,0.9386871625146395,0.9878690952681614,0.6664451860054893,0.6619760891910393,0.4148971839841009,0.9751859144357822,0.12228232967856141,0.025167722535016555,4.0
2021-04-27 14:43:08.140,0.9177596638701158,0.3820617464489248,0.36303075640333154,0.7430565577984158,0.043708305112106605,0.9366242898168409,0.3046542082343208,0.950563045633721,0.989368495349462,0.6688372134761454,0.6936375603724672,0.4219750319528436,0.9801488840051967,0.10054319319462776,0.020134143665594816,4.0
2021-04-27 14:43:08.160,0.5794067390627312,0.3016877144181873,0.7264802129600432,0.7450660973423321,0.0263426890536853,0.9292494017567715,0.3222240759637553,0.9624389287528026,0.9908678954307629,0.648637879358274,0.6629812169318231,0.4391641251983173,0.995037284524871,0.11956483327021405,0.018456312677802886,4.0
2021-04-27 14:43:08.180,0.5766095452068525,0.30992620427918327,0.4108034521059468,0.7472042870769761,0.02823557028715143,0.927826645075503,0.3356713450257314,0.9646821634992415,0.9902661300277635,0.6608637928523343,0.6554427703938457,0.4368048425420698,0.9875928301707486,0.11413011871446721,0.02348980564117843,4.0
2021-04-27 14:43:08.200,0.5738123513509737,0.3181646941401792,0.09512669125185057,0.7493424768116201,0.030128451520617557,0.9264038883942346,0.34911861408770756,0.9669253982456806,0.989664364624764,0.6578073146963638,0.6678058197214745,0.4512975985641428,0.9826303687899044,0.10326041134202724,0.0083892408450056,4.0
2021-04-27 14:43:08.220,0.6954511532097958,0.36043771735635094,0.5836342415881355,0.7499495580987107,0.016551550345165353,0.9200630140155158,0.356295399000145,0.9787562314955243,0.9917843717767526,0.6466445239303905,0.6421751051945336,0.46073474022400235,0.995037284524871,0.10869540415872038,0.02348980564117843,4.0
2021-04-27 14:43:08.240,0.7363029297900097,0.37350965638319444,0.4798599330580925,0.7504150137625545,0.0075670783072726,0.9205780919358235,0.3634721839125825,0.9905870647453681,0.9939043789287411,0.6455149560249998,0.650015088902956,0.46250420359554667,1.0,0.1304348189036019,0.013422819714427343,4.0
2021-04-27 14:43:08.260,0.7771547063702235,0.38658159541003795,0.37608562452804944,0.752565178539432,0.010056653623288695,0.9149349820272413,0.39907684216001754,0.974935551739982,0.9869843963313021,0.644385388119609,0.6578550726113785,0.46427366696709105,0.9950372210012992,0.12771725293001795,0.014681171478759678,4.0
2021-04-27 14:43:08.280,0.6048587364613744,0.33299569317278016,0.45733733691034795,0.7547153433163095,0.012546228939304726,0.9092918721186593,0.4249827344475172,0.9912746280103779,0.9881464534313484,0.6325581455805986,0.6284048776057025,0.4890461624448636,0.9900744420025984,0.12499968695643404,0.015939523243092012,4.0
2021-04-27 14:43:08.300,0.4325627665525254,0.2794097909355224,0.5385890492926465,0.7554879854905171,0.0031618755525316057,0.9070011668177886,0.42385913702010525,0.9972281029652073,0.9896091838810315,0.642458477814643,0.6266961632435746,0.5000842477791636,0.9826302417427616,0.126358296030133,0.01510060774919605,4.0
2021-04-27 14:43:08.320,0.6599432026157565,0.33711149790282746,0.16674472784936045,0.7590403639843728,0.014312772870076193,0.8972197352341879,0.4641293320868122,0.9804416545462711,0.9814238345483145,0.6523588100486876,0.6249874488814466,0.5111223331134636,0.9801488204816257,0.11480935368608011,0.014261713731811818,4.0
2021-04-27 14:43:08.340,0.7288651197298228,0.2983180341860133,0.41248839168513174,0.8907727942335312,0.00469646579778146,0.9348290155396012,0.30097078508309894,0.9949132340900375,1.0,0.6637873805449251,0.629309491091535,0.5281428949372847,0.9776673992204898,0.10326041134202724,0.013422819714427343,4.0
2021-04-27 14:43:08.360,0.6628680552352398,0.28522384507713466,0.4677509055428332,0.9007953858620932,0.004907162987965296,0.9113319881909142,0.4138465154096087,0.9958835653194313,0.9887499597603682,0.6524916998594336,0.6264951372017935,0.5520727871017826,0.9720842490256121,0.1093745695650967,0.009228156338901564,4.0
2021-04-27 14:43:08.380,0.6560202105380093,0.29431132467621735,0.47436344224311144,0.9108179774906553,0.005117860178149196,0.8878349608422272,0.5267222457361185,0.9968538965488252,0.9774999195207364,0.6421114863633827,0.6252108095960898,0.5645432960302641,0.9665010988307343,0.11548872778816616,0.005033492963375543,4.0
2021-04-27 14:43:08.400,0.6491723658407789,0.3033988042753001,0.4809759789433896,0.9155752408650807,0.0,0.8741804406887429,0.5891450651582079,1.0,0.9700085165219432,0.6317312728673319,0.6239264819903861,0.5770138049587454,0.9553349254881216,0.11413011871446721,0.013422819714427343,4.0
2021-04-27 14:43:08.420,0.6511686946513795,0.2961928001136584,0.4938028249538496,0.9175371470108057,0.0036593576547245374,0.8661685032680315,0.6053349961970746,0.9942742877180374,0.9662852266904285,0.621351059371281,0.6226421543846824,0.5894843138872268,0.9540942466193388,0.1304344015121809,0.018456312677802886,4.0
2021-04-27 14:43:08.440,0.6616343991491775,0.29456542242693856,0.5048316331592875,0.9188885260806786,0.009165631565806447,0.8608563670670947,0.6215249272359414,0.988548575436075,0.9625619368589139,0.612225922413387,0.6272992389007962,0.6022918651218954,0.9528535677505567,0.14673868430989453,0.02348980564117843,4.0
2021-04-27 14:43:08.460,0.6721001036469755,0.29293804474021873,0.5158604413647254,0.9202399051505517,0.014671905476888358,0.8555442308661578,0.6511941543006129,0.9756709286698887,0.9548836597759139,0.6089036635482017,0.6281033397770917,0.6491405354063439,0.9404466520155902,0.16032560982973398,0.0016777450817454852,4.0
2021-04-27 14:43:08.480,0.6897578888324308,0.29745818961062576,0.5641418520161904,0.9214389803571662,0.024180791412041068,0.8492379422169049,0.6622993670260058,0.9576740644263799,0.9484611559708814,0.5759468534301174,0.6223741210334863,0.7172227689080417,0.9553350525352644,0.19021695727776183,0.02348980564117843,4.0
2021-04-27 14:43:08.500,0.6430762475153444,0.32951098021504527,0.6436428077064573,0.9205593581748867,0.045545632017190106,0.8454090178082412,0.6734045797513987,0.939677200182871,0.9420386521658489,0.5061794183489478,0.6011659587757783,0.78294571147734,0.9478905981811421,0.22282580113413547,0.02348980564117843,4.0
2021-04-27 14:43:08.520,0.6051292569958023,0.4379714712744256,0.7008682652564266,0.9196797359926069,0.06691047262233914,0.8415800933995776,0.6819428544248857,0.897053782311938,0.928654177859866,0.3897674600987935,0.5280430328695354,0.9843275888562164,0.9267989938882706,0.3016301361057759,0.04865769998828738,4.0
2021-04-27 14:43:08.540,0.4939083523840524,0.7718469042805776,0.8144734718149932,0.9141392732388367,0.1578046568854203,0.8254995919483198,0.6904811290983727,0.854430364441005,0.9152697035538834,0.18910299744852874,0.38013872546781163,1.0,0.8759305885560513,0.4510865950849656,0.09060390421331514,4.0
2021-04-27 14:43:08.560,0.33093250837552524,1.0,0.775288893617658,0.9128976332781444,0.23823745299245108,0.8012835436143187,0.7085421879580575,0.7722268765308836,0.8852328237770687,0.1380731360864104,0.2701779240527453,0.9612402972462759,0.789081670222716,0.5869564068052606,0.14597309996486263,4.0
2021-04-27 14:43:08.580,0.26916030167796784,0.6890525249515022,0.8730110465460229,0.9140761671375616,0.3295857452457057,0.7633400844097948,0.7881140981762219,0.6043611486334757,0.7977711995161866,0.11043192492450381,0.17077095075259344,0.9484327588856216,0.6947890598181142,0.7228259402646094,0.23993283796585405,4.0
2021-04-27 14:43:08.600,0.2816057354169075,0.4789200304650264,1.0,0.9179982898809739,0.42517444503174734,0.7107172940060543,0.8884749781335661,0.43301543925349867,0.67205458147733,0.044651193955219964,0.07890239437295907,0.8115941882653543,0.5856080488938391,0.8423910517957713,0.3137583463952044,4.0
2021-04-27 14:43:08.620,0.2199196579210436,0.52834862017346,0.923167684543671,0.92872742382191,0.5215195033993021,0.6356204763614995,0.9517212160600992,0.3298972558963852,0.559303688474837,0.0,0.019398967371624897,0.6086956398196571,0.47642678387527837,0.9483695160680401,0.43120801030583905,4.0
2021-04-27 14:43:08.640,0.08451088801619082,0.5018068766722511,0.8065318010553687,0.9495633748431573,0.6064892448254454,0.5330840885559713,0.9929706777148782,0.24857232680501756,0.4273747015435765,0.062059805391167365,0.0,0.4378159593453343,0.34491317217149225,1.0,0.5771811789955387,4.0
2021-04-27 14:43:08.660,0.0,0.3888582686034884,0.6801890855261188,0.9776841827447171,0.6631576301943014,0.41162216785461736,0.9963927604115113,0.19963517897304234,0.29312728244216085,0.2785382398187245,0.013468704486679597,0.33569259943727686,0.22580647620267266,0.9836955780718132,0.7382550241592715,4.0
2021-04-27 14:43:08.680,0.007747204918975303,0.15480986818963605,0.6141800885473724,1.0,0.689281795454925,0.30293053897379035,0.9619945549906985,0.17855380937410367,0.18512052303023876,0.5314285748471287,0.0662378039258907,0.27098077642996043,0.17493794382331065,0.9673912952740995,0.791107374637178,4.0
2021-04-27 14:43:08.700,0.05095977766870674,0.0,0.575692453240027,0.03980699670298047,0.6397577168189079,0.20455829696697925,1.0,0.2193156496474432,0.08100460017002724,0.7274418642089063,0.13699868762155173,0.2618806783023847,0.12406941144394938,0.9510870124763858,0.8439597251150844,4.0
2021-04-27 14:43:08.720,0.16567905005128683,0.09503155415929496,0.41965387708086505,0.02236217608214742,0.7179604126735916,0.18037383049033734,0.849485711208228,0.15650856603917,0.07756639909471144,0.7864451686019248,0.2097698152808793,0.32861474043366484,0.08312650058556041,0.9225542741020594,0.9060402705896132,4.0
2021-04-27 14:43:08.740,0.23569972017504656,0.3439266753298576,0.2712712397747183,0.018485167235466362,0.7550677816213796,0.14457426701932438,0.7563877215311856,0.12971425807632897,0.05959463908320564,0.7274418642089063,0.28374711399962343,0.39635993867923097,0.06699754824424653,0.8994562502834781,0.9580536926877169,4.0
2021-04-27 14:43:08.760,0.3166784498656891,0.5117162102577961,0.14410622797674127,0.022894739408408624,0.7782821428498778,0.10024620874409743,0.6753125530846119,0.11395803176292175,0.03579719408915161,0.6631229288806604,0.36556440119849193,0.42399728211167675,0.05707186319970285,0.8722823992437976,1.0,4.0
2021-04-27 14:43:08.780,0.3844119190524453,0.573567327569753,0.027886919939556176,0.03304269846550208,0.7933703389879482,0.05145902592748525,0.6204032744178728,0.10685848848015415,0.01961386754498901,0.6809302357454202,0.46095086189009415,0.4105156511690203,0.04218358972717143,0.8627715792060044,0.9932885901427864,4.0
2021-04-27 14:43:08.800,0.48258355663437635,0.5314809869477599,0.0,0.04194717980789725,0.8072808991806272,0.015077490326909962,0.5654939957511339,0.09975894519738654,0.0034305410008264063,0.7379401978720009,0.5266107273609267,0.4101786117748126,0.02729531625464,0.8532607591682113,0.9865771802855726,4.0
2021-04-27 14:43:08.820,0.5903008032880926,0.5747774001675618,0.024208103395472857,0.045707609839963415,0.8288839433519936,0.0,0.48487158822695603,0.08234400964564659,0.0,0.7949501599985815,0.5922705928317594,0.40984157238060476,0.021091731340014328,0.8519021500945115,0.9639261698698254,4.0
2021-04-27 14:43:08.840,0.7378063508632504,0.797878045937809,0.0561245880804446,0.04482785921251125,0.8578617267273602,0.003918817091764288,0.4502052845654933,0.06594761916277736,0.018001915494622427,0.8482391834943724,0.719670327887948,0.4634310664125336,0.009925430950259226,0.8641304665406513,0.9228187952326474,4.0
2021-04-27 14:43:08.860,0.7849575619059388,0.8625014319187042,0.06689483664506425,0.04164436537359633,0.8892313991533805,0.02003537749322151,0.41253470988010066,0.04272750356702367,0.0551975888447878,0.818338864584932,0.7871142921780613,0.48062014034698597,0.007444200259836736,0.8369563372400245,0.8741610608819413,4.0
2021-04-27 14:43:08.880,0.8321087729486272,0.9271248178995993,0.07766508520968399,0.038010177185274115,0.9182656384841815,0.042560897544160814,0.39759577503989,0.03368604835951433,0.07353919646894015,0.8075747491248998,0.8189767885785629,0.4752274907286407,0.01240691573496653,0.834239119092625,0.8338926017386593,4.0
2021-04-27 14:43:08.900,0.8499973994336151,0.8003334866616444,0.11824969622637065,0.03422250689624602,0.9441252024587795,0.06957555089373911,0.3826568401996794,0.024644593152004998,0.09188080409309253,0.8261793987699377,0.8523469782356548,0.4556791286205062,0.0,0.8043477716445971,0.7751677783739466,4.0
2021-04-27 14:43:08.920,0.8761332449417952,0.7100763489983621,0.23198479345724696,0.02846011064524047,0.9680440029526322,0.10429473917600218,0.3603327893985244,0.011225587911157454,0.13196581082214623,0.8859800583432741,0.8856166577513314,0.42399728211167675,0.0024813577375648968,0.7934780642721572,0.7197986513472361,4.0
2021-04-27 14:43:08.940,0.8819459811494649,0.6052790797613788,0.2519508841822769,0.0,0.9998067337660822,0.21068222585922294,0.34654821656503587,0.0010039487730472607,0.18936973823841843,0.9661129432592678,0.9161724811780734,0.36130769271088947,0.007444200259836736,0.7663042132324767,0.6543624009441005,4.0
2021-04-27 14:43:08.960,0.873653665786862,0.5384803273930983,0.2627352413375909,0.4902080983712965,0.9999033668830412,0.3467124992928165,0.34137467472809585,0.0,0.2456635278167187,1.0,0.9419037190920156,0.2780586519858765,0.017369631210096322,0.7173912257088626,0.5654362074501125,4.0
2021-04-27 14:43:08.980,0.8653613504242592,0.4716815750248177,0.27351959849290486,0.980416196742593,1.0,0.48274277272641003,0.34113813072856125,0.004112009728560617,0.27677904436683415,0.9661129432592678,0.9674339284960554,0.20525781179092345,0.05459063250928036,0.6603260272211559,0.4899328336705518,4.0
2021-04-27 14:43:09.000,0.8659555086291771,0.5454769062330207,0.28587697025080283,0.9532022241091805,0.9620708557525676,0.5836429229299035,0.34090158672902665,0.008224019457121234,0.30789456091694956,0.9049833801398572,0.9837169642480277,0.17854733117546462,0.08188582171677795,0.595108339508407,0.41442949425340947,4.0
2021-04-27 14:43:09.020,0.8387480522512676,0.6398296721633062,0.29126367437494316,0.9259882514757684,0.9241417115051351,0.6845430731333968,0.34404738448711075,0.03352112749043879,0.3881693428622192,0.8438538170204467,1.0,0.15183685056000581,0.1215880537063845,0.5597825557655802,0.3557046365262784,4.0
2021-04-27 14:43:09.040,0.7459236379936811,0.5708839658517026,0.35749383907302323,0.9196382185607047,0.8711683018100813,0.7549037283260551,0.33294261225333716,0.058840173151797966,0.4469026554913144,0.7804651080832051,0.9934666886071714,0.11560498809199664,0.17617855916852246,0.4972823644611787,0.3120805154074125,4.0
2021-04-27 14:43:09.060,0.6679949923335634,0.46575340958720146,0.486463217774805,0.9182523000899343,0.8538043149812414,0.7747938187880906,0.3169628816664345,0.07504996424339361,0.4762715507689463,0.8118272230687728,0.9931651170475644,0.0788675354971057,0.22580647620267266,0.44565160226827094,0.25838923654970314,4.0
2021-04-27 14:43:09.080,0.6755269085725962,0.38465393821300176,0.5130201288372417,0.9168663816191639,0.8364403281524014,0.794683909250126,0.3009831510795319,0.09125975533498926,0.5056404460465783,0.8611295522421827,0.9976881885902628,0.023255821652234474,0.3002479706124711,0.385869463894111,0.1912751379775664,4.0
2021-04-27 14:43:09.100,0.6830588248116292,0.3035544668388021,0.5395770398996784,0.9153730286420186,0.7662429913648853,0.8473000739060407,0.27750903575086705,0.12713114555875304,0.5523565231907389,0.8907641132845865,0.9915569383307756,0.0,0.38213391937639185,0.30978234706987007,0.15268450982207632,4.0
2021-04-27 14:43:09.120,0.6781309010173124,0.4991205955734267,0.4895806733838345,0.9180996331220539,0.6805441561992267,0.8905965493141278,0.2540349204222022,0.16300253578251686,0.5990726003348996,0.8920930059534331,0.9612021434139364,0.017526103673149385,0.4565756678804751,0.2201083047257881,0.10402672392774248,4.0
2021-04-27 14:43:09.140,0.6044128877995468,0.6575214416443207,0.5637223267160346,0.919307748892731,0.6167031641096675,0.9165390225774113,0.20560718585280843,0.23943210908701462,0.6750252623791477,0.83534882562379,0.917881194717494,0.03572629992830097,0.5186105006495926,0.1739130918714692,0.09228182110715327,4.0
2021-04-27 14:43:09.160,0.605202889088595,0.8072045552042724,0.6620417034451682,0.921372020900717,0.5589510260248814,0.9357570022738307,0.1728977178632012,0.2929232148471102,0.718488295846921,0.7310299026955837,0.863503875426133,0.055274681347456875,0.5707196483741657,0.15489117353493503,0.07550333941714231,4.0
