2021-04-07 23:19:41.860,0.6343440371845084,0.7483520282507543,0.433773274676037,0.03672544013523105,0.5526744640143151,0.2584004728561548,0.6814106651100245,0.3995542759189145,0.8575588454394956,0.5449915099537186,0.37598096771118367,0.451943211269666,0.25252527541115666,0.6642336493863974,0.8226371436197745,2.0
2021-04-07 23:19:41.880,0.656241978283154,0.7536223853246865,0.7887555698093095,0.03896939570016213,0.5613506890255718,0.24963864766670044,0.6816552857808067,0.4045895820387489,0.861329446467754,0.5229202026970261,0.34411414215013225,0.45287409324668065,0.2510822186723996,0.6739661337548257,0.8226371436197745,2.0
2021-04-07 23:19:41.900,0.5676536174536101,0.7321343146858228,0.15018177409659084,0.038758868056494825,0.5770851912324644,0.2493474735621337,0.6819915414000707,0.38589933311552266,0.8462420360527813,0.5325006052974586,0.36831152671897255,0.44635791940757824,0.2539681843865773,0.6739661337548257,0.8121353486147032,2.0
2021-04-07 23:19:41.920,0.5994245872406538,0.7481126340134933,0.3485070006073339,0.038548340412827606,0.5928196934393573,0.24905629945756694,0.6823277970193348,0.36720908419229664,0.8311546256378088,0.542081007897891,0.3925089112878129,0.43984174556847583,0.255411241125334,0.6545014141663791,0.7841306814210927,2.0
2021-04-07 23:19:41.940,0.6311955570276976,0.7640909533411638,0.5468322271180769,0.03727924557657176,0.5819315848681037,0.2581255278725808,0.6736205512799534,0.3779448058603832,0.8487230928831204,0.5453553229092204,0.3604637256606597,0.4428671119937734,0.25974026357826835,0.6666668327656077,0.7876312558588008,2.0
2021-04-07 23:19:41.960,0.8943287037529027,0.8047922344511297,0.38914326029833723,0.03841532394555716,0.57876217288225,0.25539233311612014,0.6767953690624174,0.3810730156289705,0.8480079068919794,0.5595440212254731,0.3888228223958161,0.4358854967851949,0.25757575235180136,0.6569343483971779,0.8033838945974466,2.0
2021-04-07 23:19:41.980,0.574934355146473,0.7644765563459371,0.7551640808497717,0.03699500522464572,0.5625004553674341,0.2636831296141396,0.6692261597474,0.3972006013277898,0.8682487687626174,0.5415959244204431,0.3564803725871857,0.4379799815573012,0.26010099082212373,0.6551095854369758,0.7990081586273249,2.0
2021-04-07 23:19:42.000,0.6019648825256371,0.7643723896698896,0.1632505182479038,0.03798703615062396,0.5910586964979694,0.25962909934348893,0.671268809289194,0.3689430265408488,0.8440187782298919,0.5711860264709343,0.3739595636857132,0.4298347639345998,0.26262622929244606,0.6532848224767746,0.7946324226572031,2.0
2021-04-07 23:19:42.020,0.9239440601325439,0.8398309673214609,0.6925397865655271,0.03901876176946943,0.5684905407433637,0.259829393485491,0.672891279491296,0.3912485025528671,0.8599732239473389,0.5694882355902677,0.361950051434344,0.433791012336912,0.2611833203170254,0.647202113177161,0.7981330150178979,2.0
2021-04-07 23:19:42.040,0.47528248379655774,0.7473691089740016,0.5184510894825888,0.03682075225087274,0.5580212062792619,0.26664798131487893,0.6663765175840255,0.4016598440733122,0.8744739775107213,0.5658501060352504,0.3395957108248722,0.4258785159132564,0.2655121950066238,0.6423359955671518,0.7596265886651903,2.0
2021-04-07 23:19:42.060,0.7952607247260262,0.7882071514118216,0.26931027323826695,0.039769036317420264,0.5555346815123736,0.2566598451172851,0.6773484475489657,0.4041395204325458,0.8654427109840183,0.6116905193702333,0.3667062939101338,0.41377705021206623,0.26262622929244606,0.6228710268302937,0.7876312558588008,2.0
2021-04-07 23:19:42.080,0.7670656978888473,0.7828869961714482,0.819449286072843,0.03960479111578956,0.5252759890944964,0.25919610473407334,0.6770267580656706,0.43448102913322084,0.8888043124693573,0.5981081724725724,0.3228299570709729,0.4098208037145979,0.25252527541115666,0.6277373935887143,0.7771295325456771,2.0
2021-04-07 23:19:42.100,0.46664396108412404,0.7229663976663241,0.33981360892656837,0.037546329747682204,0.5216286416644443,0.26049110136944675,0.6759008231401245,0.43816045159375333,0.8926816677779725,0.5924084412651428,0.3258026086183415,0.3745636478827469,0.23953820805235312,0.6082726740002676,0.7666278092325536,2.0
2021-04-07 23:19:42.120,0.9442730242759602,0.8214933940755204,0.42438369556460365,0.04087981492629774,0.501015505807574,0.24776093940617647,0.6914460329574236,0.459044500605385,0.8919653834654876,0.615025467657303,0.30383471222339775,0.35809867196187867,0.22799419743230664,0.596107255401039,0.7736288864160213,2.0
2021-04-07 23:19:42.140,0.7413089943091044,0.7567750328051577,0.8202003194700084,0.04162111892218821,0.47015605624115675,0.24460221045196576,0.7038363681232124,0.4945525489166062,0.9039346978996904,0.6376424940494634,0.281866815828454,0.3416336960410105,0.21645018681226016,0.574209352433382,0.745624219222411,2.0
2021-04-07 23:19:42.160,0.5848439989876373,0.7198048684105894,0.26274562549190944,0.04274717550254361,0.46244865276812375,0.23351587258392156,0.7318932671450896,0.5391748719295659,0.9020736690101357,0.660441426820113,0.2696789444842427,0.31719803557257886,0.2005771537392793,0.5596107504549445,0.7736288864160213,2.0
2021-04-07 23:19:42.180,1.0,0.7765736918529647,0.578701289345009,0.045828784399088676,0.42323452224305985,0.21687655874105075,0.7344976552464261,0.5456885000330984,0.903144149184733,0.6545638295467534,0.26990882937502925,0.31292373608209917,0.19191925659674655,0.5498785152349276,0.745624219222411,2.0
2021-04-07 23:19:42.200,0.9331256190788649,0.777934512655978,0.5643077683152993,0.046371385060246385,0.41049912278017486,0.21289324299734108,0.7371020433477624,0.5522021281366309,0.9042146293593304,0.6486862322733938,0.2701387142658158,0.3086494365916196,0.18446373434595234,0.5364965464708296,0.7567094194031175,2.0
2021-04-07 23:19:42.220,0.8662512381577301,0.7792953334589914,0.5499142472855895,0.04691398572140409,0.3977637233172899,0.2089099272536314,0.7397064314490988,0.5587157562401636,0.9052851095339277,0.6428086350000342,0.27036859915660233,0.3043751371011399,0.17700821209515813,0.5231145777067322,0.7677946195838243,2.0
2021-04-07 23:19:42.240,0.7993768572365951,0.7806561542620047,0.5355207262558798,0.04745658638256188,0.38502832385440483,0.2049266115099217,0.7423108195504352,0.5652293843436963,0.9063555897085249,0.6369310377266745,0.2705984840473889,0.30010083761066025,0.16955268984436392,0.5097326089426342,0.7788798197645309,2.0
2021-04-07 23:19:42.260,0.7325024763154602,0.7820169750650181,0.52112720522617,0.04799918704371959,0.37229292439151984,0.200943295766212,0.7449152076517718,0.5717430124472289,0.9074260698831221,0.6310534404533149,0.27082836893817547,0.29582653812018067,0.14430015737780358,0.47931893787035895,0.7981330150178979,2.0
2021-04-07 23:19:42.280,0.7204772512350771,0.7852922538019175,0.5008452859194601,0.0485417877048773,0.3595575249286348,0.19695998002250234,0.7475195957531081,0.5782566405507614,0.9084965500577196,0.6251758431799553,0.271058253828962,0.2915522386297009,0.13477633753401505,0.4692621619305211,0.8091015090712959,2.0
2021-04-07 23:19:42.300,0.708452026154694,0.7885675325388168,0.4805633666127503,0.05708561060375324,0.23261990006688438,0.14566972354337882,0.7501239838544446,0.584770268654294,0.9095670302323169,0.6019160806441636,0.26794142886403216,0.27864788910436905,0.12525251769022655,0.4592053859906833,0.8200700031246937,2.0
2021-04-07 23:19:42.320,0.696426801074311,0.7918428112757163,0.4602814473060405,0.06011074987507811,0.21159738433302872,0.13044896622420185,0.8079405166821856,0.7083585790641409,0.9016754943180395,0.5786563181083718,0.2648246038991024,0.26574353957903707,0.11572869784643804,0.4491486100508461,0.8310384971780916,2.0
2021-04-07 23:19:42.340,0.6844015759939279,0.7951180900126158,0.4399995279993307,0.0631358891464029,0.19057486859917316,0.11522820890502491,0.8902648577035582,0.8272359474863172,0.8244868700153296,0.55539655557258,0.2617077789341726,0.2528391900537051,0.10620487800264952,0.4390918341110083,0.8420069912314893,2.0
2021-04-07 23:19:42.360,0.6965044701622191,0.7602464392073665,0.4523244619207863,0.06616102841772771,0.16955235286531758,0.10000745158584794,0.904518480869411,0.8534831434431566,0.8067224928931587,0.5321367930367883,0.25859095396924275,0.23993484052837316,0.09668105815886101,0.4290350581711704,0.8529754852848872,2.0
2021-04-07 23:19:42.380,0.7101451881517205,0.7268046503737008,0.4574134655756348,0.06918616768905257,0.14852983713146192,0.08478669426667103,0.9187721040352638,0.879730339399996,0.7889581157709878,0.5983507175365613,0.26169737301138096,0.24063300510650548,0.0871572383150725,0.41897828223133254,0.863943979338285,2.0
2021-04-07 23:19:42.400,0.7237859061412218,0.6933628615400353,0.4625024692304832,0.07264766077670498,0.10257535481016147,0.06415033551518502,0.9330257272011168,0.9059775353568352,0.7711937386488172,0.6645646420363341,0.2648037920535192,0.2413311696846378,0.006734018508638269,0.32116808083304665,0.9778296354845607,2.0
2021-04-07 23:19:42.420,0.6866709459914715,0.7446165296531818,0.421476218114972,0.0761091538643573,0.05662087248886116,0.04351397676369902,0.9472793503669693,0.9322247313136746,0.7534293615266464,0.5730455178659564,0.2789932497462185,0.39818477773201916,0.005050513881478597,0.3248177105652882,0.9833722266134204,2.0
2021-04-07 23:19:42.440,0.649555985841721,0.7958701977663284,0.3804499669994608,0.07891554435482458,0.0,0.016670539931502967,0.9615329735328223,0.958471927270514,0.7356649844044756,0.4871048609323299,0.3129805686909123,0.49313473811761543,0.0033670092543193445,0.3284673402975297,0.9889148177422804,2.0
2021-04-07 23:19:42.460,0.6124410256919706,0.8471238658794749,0.33942371588394965,0.08100642585873766,0.020352623183569514,0.008335269965751447,0.9960217452805935,1.0,0.6686827844898127,0.4011642039987034,0.3469678876356061,0.5880846985032117,0.0016835046271596722,0.3321169700297719,0.9944574088711403,2.0
2021-04-07 23:19:42.480,0.5367801671459604,0.9096322136506648,0.24388467541335887,0.08309730736265074,0.04070524636713916,0.0,0.9980108726402968,0.9830987332825109,0.6537663801537932,0.37691001225920917,0.41902496017056184,0.688154537700099,0.0,0.33576659976201345,1.0,2.0
2021-04-07 23:19:42.500,0.46111930859995004,0.9721405614218547,0.1483456349427681,0.08430206652084853,0.09498397592357004,0.0054415439712181156,1.0,0.9661974665650216,0.6388499758177738,0.4487023982881894,0.5683115340184206,0.8517570184926055,0.06854255997812293,0.44282268207267594,0.9276546097498397,2.0
2021-04-07 23:19:42.520,0.3476494219640757,1.0,0.056471204318267736,0.08550682567904624,0.14926270548000092,0.010883087942436231,0.9858842536497102,0.875898147970198,0.6243709715712292,0.4668324026628483,0.6733353109971196,0.9239585694546087,0.15584416799785006,0.515815193668042,0.8016335536096318,2.0
2021-04-07 23:19:42.540,0.3135904735045988,0.9593861464028155,0.006630881222848162,0.078630463013643,0.28887510036298236,0.07001823050491544,0.9234888967676136,0.7514235357049049,0.684204400071127,0.4849624070375071,0.7783590879758188,0.9961601204166121,0.23809529907693247,0.5766425358125924,0.6896148848351901,2.0
2021-04-07 23:19:42.560,0.3547202802221335,0.9029501700212684,0.0,0.06608975738160795,0.44598967008082957,0.1672689225744771,0.8610935398855171,0.6269489234396117,0.744037828571025,0.35023040015462586,0.9227110354369223,1.0,0.33766237220441636,0.6423359955671518,0.6126021038217219,2.0
2021-04-07 23:19:42.580,0.3295867810161913,0.8699909939474246,0.037474126337838726,0.05373425160015732,0.5542765923652733,0.25730996522195243,0.6767500579906953,0.40539307853776535,0.8670204623651894,0.1872422870135128,0.9964327792127682,0.9564812313825317,0.494227896181086,0.7201947493467328,0.5443407230565499,2.0
2021-04-07 23:19:42.600,0.14195287122734007,0.6786477259638447,0.12129607680914219,0.03898046872536168,0.656607417899073,0.360649718616496,0.4966130247736285,0.2617403592164801,0.851465958870931,0.09216591828686811,1.0,0.9301838517239027,0.6608946695657177,0.8102191708739525,0.5775962160607482,2.0
2021-04-07 23:19:42.620,0.050232440962375974,0.5012790431799717,0.34188282019818916,0.023318613685278034,0.7490295209243159,0.47465560128348155,0.40572032698145477,0.20527673944099556,0.7840684274630912,0.050691250094695675,0.9662306414380223,0.8864323873751517,0.7619046516686223,0.8491486100508459,0.6371061965776248,2.0
2021-04-07 23:19:42.640,0.0,0.29963661156468824,0.6050886676458376,0.00624086913436274,0.8255809759872,0.5943044126578491,0.31482762918928114,0.14881311966551103,0.7166708960552515,0.0,0.890844209875871,0.8315103659700398,0.8528138276535735,0.8807787482385211,0.7106184748453327,2.0
2021-04-07 23:19:42.660,0.11686799385430527,0.28466010920733675,0.7396700565812061,0.9984609896621396,0.8807911080218983,0.7107099375158075,0.20953100137103378,0.10026791224372562,0.5611528593838342,0.03735141922699495,0.7606420769674238,0.7293460442297135,0.8979076145205259,0.9118006528684957,0.7771295415071705,2.0
2021-04-07 23:19:42.680,0.1837117573474871,0.2772291927585231,0.8180502103978037,0.9821128032905106,0.9200978056389787,0.8172125212738978,0.09499144088460433,0.056974873851423274,0.2971564204992229,0.2621877010544445,0.6590963117884285,0.6155457168251433,0.9430014013874779,0.9428225574984702,0.8436406081690084,2.0
2021-04-07 23:19:42.700,0.27473039062455185,0.0,0.9452008617323888,0.9683967170582756,0.9426552147221382,0.9015005533874136,0.05650410832844459,0.056488363688001274,0.1894966827502631,0.4763521698037843,0.5873959554926376,0.49080753571487074,0.9942279208083086,0.948905142223878,0.9136522223840736,2.0
2021-04-07 23:19:42.720,0.47264108763613333,0.1608160232899284,1.0,0.9611963772986164,0.9325137448106326,0.9694300157229345,0.018016775772284856,0.05600185352457927,0.08183694500130351,0.4552510279138015,0.5133174779589517,0.3842215493466956,1.0,0.9367397236246509,0.9101516837923397,2.0
2021-04-07 23:19:42.740,0.5769424447174089,0.4689958219858991,0.978852115752877,0.9630400079613649,0.9232766710527659,0.9951726723615111,0.0,0.06380881150210216,0.030827836724570814,0.33276738980489295,0.4321046269789838,0.3116127475201789,0.9906204636655866,0.9543796802528955,0.9425320869560719,2.0
2021-04-07 23:19:42.760,0.6298027034127441,0.6167956486550716,0.9599000455500399,0.9641921632416212,0.9467824829984013,1.0,0.0027450667831471747,0.04397697935284618,0.007238576212837186,0.3240358796669447,0.3614744274787429,0.27018849954302787,0.9812409273311732,0.9720196368811402,0.9749124901198041,2.0
2021-04-07 23:19:42.780,0.671929585174108,0.561547336732708,0.9572892071194403,0.966052263277293,0.9805630964402653,0.9948268041463691,0.013906639057862187,0.01591503362182557,0.0,0.48484113611851426,0.30772888721034025,0.24156388446435972,0.9610389456869262,1.0,0.9836639262140737,2.0
2021-04-07 23:19:42.800,0.7061166900794043,0.5238117861990765,0.9504100278258067,0.9716197803476229,1.0,0.9731833036644535,0.031354114075787164,0.0,0.034970577120612675,0.6468590799224521,0.2565992874084181,0.2157319153167355,0.9350648109693195,0.9854016471699726,0.9206534429514369,2.0
2021-04-07 23:19:42.820,0.7084521124302401,0.588310331974418,0.8985128454211365,0.9786034672585362,0.9961061075337444,0.9430552644141392,0.054329357278096166,0.000805925513082525,0.11124924985290778,0.705069128979935,0.20154577004529406,0.19990691027842336,0.9076478411579604,0.9793189378703583,0.8996499604792163,2.0
2021-04-07 23:19:42.840,0.6675429974046436,0.6790614726014905,0.8291643426850355,0.9855871541694495,0.9922122150674889,0.9129272251638247,0.08235293371019768,0.011924937593023164,0.20784375127312713,0.6987630392070758,0.14506538577899153,0.18431465811671127,0.8802308713466008,0.9732362285707447,0.8786464780069954,2.0
2021-04-07 23:19:42.860,0.6307418772793648,0.6745657340975246,0.7684697665482985,1.0,0.9704025739553142,0.8388087361403298,0.1166811997669349,0.024300630796268013,0.30789868011148214,0.7043414935398145,0.09203328022741579,0.15545732063894555,0.8080806941488082,0.9683701109607362,0.8471411646837292,2.0
2021-04-07 23:19:42.880,0.5756011853483319,0.5862681146564465,0.7049388715364927,0.0,0.9562670580640836,0.7825050767919676,0.15850022404290665,0.03604784997554966,0.4064814496717872,0.7824399534597921,0.04423305405158543,0.10425879285470188,0.7546896635015102,0.9537715089822987,0.808634774176995,2.0
2021-04-07 23:19:42.900,0.5342220848110972,0.5307663062864777,0.6521449963126158,0.009719733322307049,0.9327014290522967,0.720856741146472,0.20707125002588522,0.055829153293742904,0.5076263730453553,0.815910739013206,0.009393581809464108,0.05818014261185331,0.709956677760081,0.9245743050254223,0.7596265886651903,2.0
2021-04-07 23:19:42.920,0.5142659002984152,0.5266395509482493,0.5821361845489307,0.019511735654650596,0.8984905844586373,0.6564484373673694,0.2909642559455177,0.10226569623550855,0.6486836682553588,0.8464710145698613,0.0,0.028624641746482805,0.6305916601585128,0.8953771010685472,0.7281213470338718,2.0
2021-04-07 23:19:42.940,0.49560349736502984,0.491732328013934,0.5480918019223976,0.029077932371849004,0.8586865527446637,0.5904608002611057,0.35317140304290456,0.14917721819699883,0.7250693315348111,0.925539637871316,0.0065398188053149885,0.01512684165070727,0.5699854935807666,0.8442822432924266,0.7036172542779694,2.0
2021-04-07 23:19:42.960,0.4429587470066019,0.4286404995308531,0.5020344716195363,0.038242276389717195,0.8091003178100397,0.5248792545956767,0.4153785501402913,0.19608874015848887,0.8014549948142632,0.9801115811965743,0.018906047295848938,0.0,0.492063532717955,0.7980537522747253,0.6896148848351901,2.0
2021-04-07 23:19:42.980,0.44919698851953244,0.520148295928414,0.4088758164922131,0.04648688652461892,0.7378118174042161,0.4630932709803744,0.5091952178145469,0.3112774318434668,0.8988543869827976,1.0,0.026278227026362136,0.0020944901628145,0.4401154110460776,0.7299271091409555,0.6791131615220666,2.0
2021-04-07 23:19:43.000,0.4701302855730541,0.5657336753871214,0.4155491975291427,0.05371409589099654,0.6503176278926759,0.40609712396890435,0.5708647774523066,0.4088050158339686,0.9502241533379199,0.9774436269344305,0.03258025901264067,0.023504764205087594,0.3578642799669956,0.6569345975455894,0.6511084943284561,2.0
2021-04-07 23:19:43.020,0.47476575940005794,0.6097026674323829,0.3952003001034946,0.05988779801680715,0.5508594422805383,0.35348846063291667,0.614225656126835,0.4828493389344794,0.9703592826224748,0.9449430444671485,0.04791913418424463,0.06027461372622897,0.2972582611525855,0.6107056082310665,0.6861143462434561,2.0
2021-04-07 23:19:43.040,0.4768645589960133,0.64590698302507,0.3319916754977969,0.06634047029520833,0.406616507033059,0.284259583561586,0.6575865348013634,0.5568936620349905,0.9904944119070297,0.925054566106741,0.07776455280004642,0.11263673445752138,0.22150073763457306,0.5218980275418621,0.6931154951188717,2.0
2021-04-07 23:19:43.060,0.4894457639512504,0.7085779645159456,0.2852491579439889,0.07014043819745167,0.2766921089559481,0.2262238782840153,0.7334345390720797,0.6955165738836676,1.0,0.8840649895314707,0.11605230862319321,0.17430765591052105,0.14574321411656063,0.43309019770424756,0.7351224959092875,2.0
2021-04-07 23:19:43.080,0.49718809155852717,0.7934899502881747,0.25224550851816735,0.07161315054899078,0.19676474188316645,0.1954599233036454,0.7751292534834016,0.783523784051574,0.996317558416328,0.808634483873637,0.15184304006632965,0.2515708676221109,0.11399714797059893,0.39902687613736193,0.7526254397897741,2.0
2021-04-07 23:19:43.100,0.5096941465248559,0.810305604888745,0.24891042445200512,0.07276965094040115,0.1328284947811248,0.16906444689856007,0.8105971382006987,0.8552020138928925,0.9828498399324358,0.7290807749109782,0.1864447011579212,0.3230160574531398,0.0894660699917489,0.3746960389389075,0.8121353486147032,2.0
2021-04-07 23:19:43.120,0.5101926921810219,0.7749026291765844,0.25721505273888984,0.073185407995425,0.09465704639210558,0.14751241303649393,0.8382800991703918,0.8985065300439675,0.9604890390722713,0.6701431003395383,0.22711056848636554,0.38724691767683705,0.09235203570592664,0.36982992132889836,0.8226371436197745,2.0
2021-04-07 23:19:43.140,0.5069311406791681,0.7684844602478755,0.26945240020822875,0.07291987965443751,0.07359757759096783,0.13190503454918195,0.8576253969565459,0.9225547035321598,0.9390952718415569,0.601988845850808,0.2664684817863443,0.43751454062593925,0.08080802508588016,0.3600974369604686,0.833138866932898,2.0
2021-04-07 23:19:43.160,0.5269729762371694,0.8038235580972566,0.26637140480041643,0.07310484122473264,0.06428607857966154,0.11982934329946955,0.8718697304253779,0.9332225863074072,0.9184495636152193,0.5377152548141496,0.29714624186214955,0.4698626912320415,0.07792205937170243,0.38199533992812557,0.808634774176995,2.0
2021-04-07 23:19:43.180,0.5380665525257987,0.815087928674549,0.2787740687030943,0.07349220087589031,0.06741241280624366,0.11112803206852152,0.8811687325020542,0.9296385893994621,0.8990226855719273,0.5226776608590404,0.3273483864497135,0.4759134259874805,0.07936496834712309,0.38199533992812557,0.8366394413706055,2.0
2021-04-07 23:19:43.200,0.5442566655088216,0.7785273559578677,0.3033727867948265,0.07353699757024192,0.07781056423303738,0.10668557237546794,0.8850646500840313,0.917735246008409,0.8853755064889719,0.5653650223592791,0.3621878635581335,0.47265533716308544,0.08513704753881453,0.3868614575381347,0.8261376822115084,2.0
2021-04-07 23:19:43.220,0.5640499288339575,0.7518330959756754,0.33069209722299686,0.07307885465673274,0.08164665235720034,0.10723289766386666,0.8841137435174609,0.913350475232598,0.8849685912023697,0.5961678417391528,0.39120094168719155,0.47498254210562196,0.08658010427757118,0.3868614575381347,0.8156359230524113,2.0
2021-04-07 23:19:43.240,0.5665629455126316,0.7502384964912822,0.3377982365627382,0.07222738106835071,0.08006091723387229,0.11194900961780486,0.8791183108769679,0.9151624396483425,0.8955783242962347,0.5973805489438483,0.4072532571232029,0.49080753571487074,0.08802301325299185,0.3844285233073359,0.8226371436197745,2.0
2021-04-07 23:19:43.260,0.5555508901686743,0.7504124003001026,0.3458300022929952,0.07091114878431502,0.07966467470736259,0.11962692057793872,0.8707247651974525,0.915615597580168,0.9117003278744636,0.6127819566485524,0.4195005824716213,0.515010468069673,0.09668105815886101,0.39902687613736193,0.7911318302965084,2.0
2021-04-07 23:19:43.280,0.5406424181058113,0.7155292392094197,0.3767465767750572,0.06870545823051658,0.08194621127008896,0.13020550397019018,0.8587974427655178,0.9130082778663965,0.9322030755296432,0.5819791422317605,0.42164089255898646,0.5193739768607181,0.10966812551766414,0.3917275751481439,0.7386231420389431,2.0
2021-04-07 23:19:43.300,0.5521608804665064,0.676090687068018,0.4078587278679483,0.0662187371004513,0.08321530209439872,0.14211993195813827,0.8453346470414435,0.9115587703957104,0.9550842763677901,0.5511763278149687,0.4237812026463516,0.5237374856517633,0.11688311368477623,0.38199533992812557,0.7386231420389431,2.0
2021-04-07 23:19:43.320,0.5678180237980598,0.6931435407902901,0.4194921259629031,0.064068327573725,0.08633424115385009,0.15394260259342318,0.8250635367809147,0.8990580897379227,0.9823262216174931,0.41062333369491044,0.40951247229920307,0.5429369264276899,0.13131309001900043,0.40875936050579176,0.745624219222411,2.0
2021-04-07 23:19:43.340,0.580982821945793,0.7264575291518099,0.4326317361905138,0.06254709014213419,0.10202452718288572,0.16439390731316755,0.8062742428795502,0.8514130188747737,0.9874913970149418,0.3676934244009878,0.396908433631399,0.5494531002667923,0.14718612309198129,0.41362547811580086,0.7351224959092875,2.0
2021-04-07 23:19:43.360,0.5986388185367965,0.6937007421696962,0.45120114990611115,0.06158698877489592,0.13618375132420846,0.17260170997619367,0.7983473003929491,0.8162358236332923,0.9802990843959064,0.41013824207800825,0.3909631324831812,0.5441005269941144,0.15873013371202777,0.4476887996826851,0.745624219222411,2.0
2021-04-07 23:19:43.380,0.6178309029422832,0.6514076730118038,0.4678953518818054,0.060803915645974316,0.18032506677508045,0.17894238497645104,0.7904203579063482,0.781058628391811,0.9731067717768708,0.4860538433232098,0.3923900042526584,0.5257156136626071,0.15584416799785006,0.4598542182819123,0.7491248653520666,2.0
2021-04-07 23:19:43.400,0.637502850464794,0.6507447013962915,0.4721106284975924,0.05913205703869461,0.22816972163570898,0.18814815398075085,0.7763749080499083,0.737216179048766,0.9685228765649008,0.5103080251365403,0.3898929750063493,0.510356055327334,0.16594512187913987,0.4647203358919214,0.7386231420389431,2.0
2021-04-07 23:19:43.420,0.6481587520634825,0.6986657564179098,0.47234956750701845,0.0574899133851149,0.25006218497680904,0.19727345229554752,0.768710981903269,0.7246340730348475,0.9718382744809765,0.47853504833088784,0.38252080014213485,0.4982545915309877,0.17676767801147603,0.4793188132961532,0.724620754673177,2.0
2021-04-07 23:19:43.440,0.653482811646781,0.725533906137669,0.47113289843890405,0.05699291676799418,0.2643127084672114,0.201428927551546,0.7628045202645074,0.7090265365782825,0.9706905542193358,0.44142614513385314,0.3768133091711871,0.48568768484129027,0.18759008638047578,0.49878365745880565,0.7211201981584562,2.0
2021-04-07 23:19:43.460,0.6700108096856601,0.7204843185897514,0.46211902697987745,0.853854232733965,0.2587756226147853,0.2143091284133092,0.7485343841746335,0.7150837769620562,0.9928374122987216,0.44118360528110023,0.37609987377307835,0.4698626912320415,0.18903314311923283,0.5060827092996136,0.745624219222411,2.0
2021-04-07 23:19:43.480,0.6755140297288633,0.7301925436044507,0.46882657635674047,0.8584979231069507,0.30225257519391374,0.2053131075591137,0.7552329289015906,0.6677659423400106,0.9559414778628865,0.4719864206905084,0.3793103374442365,0.45124504978690505,0.1933621655721672,0.5231144946572615,0.7771295325456771,2.0
2021-04-07 23:19:43.500,0.6967306663809287,0.7276386842490844,0.462591471917006,0.8589175206795754,0.31292471209849343,0.20652552569208465,0.7529645325064949,0.6562372009643451,0.9518155443376364,0.5132185291776007,0.38549345363602294,0.43914358408571486,0.19913424476385866,0.5133822594372431,0.7666278092325536,2.0
2021-04-07 23:19:43.520,0.7007472370164579,0.7552366170220831,0.46231546811187335,0.8591346080394366,0.3128329100237665,0.2085600946889085,0.7506807223488967,0.6563363634616493,0.9548584819334444,0.5180693659373133,0.38775266686550364,0.43099836621538373,0.2005771537392793,0.5328467298772798,0.7596265886651903,2.0
2021-04-07 23:19:43.540,0.7031931298509888,0.7787234022913313,0.46029165194811633,0.8593831203644847,0.3094758320109463,0.21055534207268095,0.7487098211330663,0.6599591178247992,0.9596448641791563,0.5015765189690575,0.3851367335038193,0.427507559373032,0.2005771537392793,0.5231144946572615,0.7491248653520666,2.0
2021-04-07 23:19:43.560,0.7027146574285918,0.7802933207969345,0.462886890264686,0.8597900189993489,0.30867864756600644,0.211937371652495,0.7472134169039195,0.6608198963478302,0.9620951424695194,0.4938151801535173,0.3815695506737172,0.4235513109707198,0.19769118802510158,0.537713096635699,0.7491248653520666,2.0
