2021-04-27 15:18:27.280,0.5598551856540733,0.41085807869852553,0.6228431740021205,0.8284919980154258,0.1809175364226927,0.9698585730222031,0.09488990129919633,0.7377763628993959,0.9638114462687124,0.6408853230246182,0.6128714891882705,0.5247818904019707,0.788511417063365,0.3212120685546345,0.039039075976876475,4.0
2021-04-27 15:18:27.300,0.5756663167896928,0.4117265547086813,0.8157409940823819,0.8282186244253646,0.1676758766558736,0.9665240601398197,0.09443225430242187,0.7628598075144398,0.9713436900990742,0.6255930492899731,0.5731155356087125,0.523030741238551,0.788511417063365,0.3272729078126887,0.045045081752020995,4.0
2021-04-27 15:18:27.320,0.6487690767938251,0.42524959580555205,0.19077102307916408,0.8267056129390572,0.15694102013478117,0.9683098064169037,0.11953206474501403,0.7543783722656424,0.96875153734556,0.6265198537587394,0.6152332290527273,0.5173395028740979,0.7780676882602295,0.3333337470707393,0.045045081752020995,4.0
2021-04-27 15:18:27.340,0.9607855119847887,0.5015672887329375,0.7726023468562371,0.8293976151015883,0.16278521299392387,0.9611964936619029,0.12663632895978055,0.7621509797353474,0.9709418787516316,0.6251296470555898,0.6126746783383621,0.5440445276162482,0.7780676882602295,0.3272729078126887,0.04204211730288582,4.0
2021-04-27 15:18:27.360,0.704169347410835,0.4305366611820257,0.8240179796944234,0.8297232746324208,0.15208863296315658,0.9572331656832014,0.13374059317454706,0.7699235872050522,0.9731322201577031,0.6170973403952811,0.586203509885447,0.5418555911619737,0.7676239594570925,0.3030307919926935,0.033033070201731955,4.0
2021-04-27 15:18:27.380,0.4475531828368812,0.3595060336311138,0.8754336125326097,0.8284695857628878,0.14244794217684223,0.9575112161163092,0.13295074592592132,0.7840153569469676,0.9771355340280338,0.6370236377380917,0.5830545233995048,0.5256574649836806,0.7571802306539555,0.3212120685546345,0.04804804620115618,4.0
2021-04-27 15:18:27.400,0.7031932440475281,0.4308392151847255,0.373753127033267,0.8287359618117572,0.14674043276355006,0.9570878136450218,0.13437062598110924,0.7777317006070564,0.9753500645107616,0.6398040511443908,0.5919110474884859,0.5234685276335711,0.7571802306539555,0.30909101064463695,0.039039075976876475,4.0
2021-04-27 15:18:27.420,0.7330258818385711,0.40313843599736116,1.0,0.8301473189217147,0.13788521088624703,0.9482556984911177,0.16613189183863789,0.7907108707532714,0.9783505689466724,0.6425844645506898,0.6007675715774671,0.5212795902834617,0.7780676882602295,0.3333337470707393,0.033033070201731955,4.0
2021-04-27 15:18:27.440,0.6515326930550446,0.37905037340141967,0.6939405193048849,0.8297623256071052,0.12510301869629167,0.9467389895284458,0.1720654555440182,0.8095559954085993,0.9832882702857482,0.6427389319621509,0.5769533620829917,0.5007035858216107,0.7571802306539555,0.3454548049807369,0.045045081752020995,4.0
2021-04-27 15:18:27.460,0.5700395042715181,0.35496231080547813,0.38788103860976975,0.8307190577195988,0.11954160332658478,0.9413207737445919,0.18846492070363918,0.8172640973611343,0.9846270405156785,0.6462916824257553,0.5857114807470185,0.47793864669715463,0.741514370086371,0.3393939657226827,0.043543522650579355,4.0
2021-04-27 15:18:27.480,0.7850197521357589,0.39718452223990586,0.6244005995909876,0.8316757898320921,0.11398018795687791,0.935902557960738,0.2048643858632601,0.8249721993136693,0.9859658107456086,0.6459999107890325,0.5897898556144976,0.48041944134533254,0.704960517186753,0.3272729078126887,0.039039075976876475,4.0
2021-04-27 15:18:27.500,1.0,0.43940673367433347,0.8609201605722054,0.8325168529240362,0.1051291574825045,0.9307859636355752,0.2212638510228811,0.8326803012662043,0.987304580975539,0.64570813915231,0.5938682304819766,0.48290023599351045,0.6879893910409368,0.3151518499026911,0.039039075976876475,4.0
2021-04-27 15:18:27.520,0.4480798778168297,0.30662084510571386,0.8727251103398233,0.8333579160159802,0.0962781270081311,0.9256693693104123,0.24269763686559687,0.8440370751441424,0.9890709954784735,0.6454163675155872,0.5979466053494554,0.48538103064168836,0.671018264895119,0.3030307919926935,0.039039075976876475,4.0
2021-04-27 15:18:27.540,0.5481827289431211,0.2683601811999425,0.514959616922715,0.8344451347592109,0.09366350865412935,0.9229067533683442,0.26413142270831264,0.8553938490220804,0.9908374099814081,0.6387227792641633,0.5906317721313034,0.48932111984272175,0.650565717573005,0.28989928390329994,0.04179181901420843,4.0
2021-04-27 15:18:27.560,0.573562346559313,0.26300338403978624,0.5440599183046463,0.8355323535024417,0.09104889030012761,0.9201441374262758,0.27614359765091817,0.8611042053081526,0.9913507162215995,0.6345693222004325,0.5926217566556747,0.49909836894033294,0.6301131702508893,0.27676777581390466,0.04454456205154038,4.0
2021-04-27 15:18:27.580,0.5989419641755049,0.25764658687963005,0.5731602196865776,0.8366195722456725,0.08843427194612588,0.9173815214842075,0.28815577259352376,0.8668145615942247,0.9918640224617911,0.6304158651367017,0.5946117411800462,0.5088756180379441,0.6257615274619561,0.29141433856628496,0.04667169390170863,4.0
2021-04-27 15:18:27.600,0.6434904678381047,0.23251512670452765,0.6459800931444882,0.8377585040479081,0.08407055204262766,0.9128583799694242,0.3001679475361292,0.8725249178802967,0.9923773287019824,0.6262624080729708,0.5966017257044176,0.5186528671355554,0.6214098846730215,0.3060609013186652,0.04879882575187689,4.0
2021-04-27 15:18:27.620,0.6292355528992366,0.1595625339778654,0.652753738326807,0.8388974358501436,0.07970683213912949,0.9083352384546409,0.3121801224787348,0.8782352741663688,0.9928906349421738,0.6191054167442749,0.6087384444254713,0.5720629142309634,0.6266317490745901,0.3166669045656761,0.04879882575187689,4.0
2021-04-27 15:18:27.640,0.6074658895458273,0.12675763779050456,0.6598172741984267,0.8400363676523792,0.07534311223563127,0.9038120969398576,0.3275511987791779,0.8812722530912788,0.9923439824268915,0.6033497433039134,0.6087384444254713,0.5760029998486577,0.6318536134761585,0.3272729078126869,0.048798825751877106,4.0
2021-04-27 15:18:27.660,0.585696226192418,0.09395274160314372,0.6668808100700463,0.8407505108847816,0.07575810852843513,0.901777651573237,0.3429222750796211,0.8843092320161886,0.9917973299116091,0.5988701883715427,0.6115922142338195,0.5379155037526097,0.6344648130398225,0.3272729078126887,0.046921953751949165,4.0
2021-04-27 15:18:27.680,0.5409516508952503,0.06048367577161116,0.6653248359685366,0.841464654117184,0.07617310482123905,0.8997432062066162,0.3470488294969496,0.8821765102769917,0.9909345460672094,0.6073658950536509,0.6161680854225701,0.48187872962734457,0.6370760126034865,0.3272729078126887,0.045045081752020995,4.0
2021-04-27 15:18:27.700,0.5166189235547068,0.0,0.6708563177918767,0.8424834754350256,0.07880356942268572,0.8982705034772601,0.35117538391427805,0.8800437885377949,0.9900717622228097,0.6158616017357593,0.6207439566113205,0.4258419555020795,0.6240206831923656,0.3181822695317164,0.04204211730288582,4.0
2021-04-27 15:18:27.720,0.5249323177465138,0.023053364965424997,0.6417989367571816,0.8453562679050005,0.07972649389384442,0.8964988379933208,0.35530193833160656,0.877911066798598,0.98920897837841,0.6360968332693252,0.6210391728861832,0.3404734266186909,0.5900784309007314,0.27878805556659114,0.045045081752020995,4.0
2021-04-27 15:18:27.740,0.5591291933626797,0.11863095431070977,0.598434895383714,0.8493785685992941,0.0761720420012105,0.8935523026202904,0.36851147739655493,0.8828253308711725,0.9890852710172678,0.6706203003630394,0.6230072898426287,0.3054504361836187,0.5639683068042506,0.2909091134765852,0.04954960530259782,4.0
2021-04-27 15:18:27.760,0.5600410060457152,0.10472891869345517,0.593008876118181,0.8540333866551189,0.06493792951401518,0.8899124556636814,0.3830967011646598,0.8998903642630621,0.9914457030573727,0.6963391262678065,0.6247785959491656,0.29757026853156915,0.5378587174335291,0.2484851004885418,0.03153151110029031,4.0
2021-04-27 15:18:27.780,0.5347485892980974,0.06124340159403958,0.5956466556453895,0.8587401553062909,0.04978096327061637,0.8868374401260847,0.3961479184163279,0.9230271532291063,0.9950634725671981,0.6964935949436011,0.6240897543499028,0.3063260143486677,0.5274149886303935,0.20000024824244428,0.039039075976876475,4.0
2021-04-27 15:18:27.800,0.5043706393140827,0.045005090429611774,0.5924793948544207,0.8617959345962406,0.0397535407175634,0.8851179689995297,0.4036453315423507,0.9384170385805503,0.9974095242554485,0.6795021771542172,0.6210391728861832,0.30457486160190883,0.5169712598272564,0.1454545567382926,0.016516535100866085,4.0
2021-04-27 15:18:27.820,0.4792773188844285,0.07433827069999625,0.5750421178570649,0.864929765533745,0.03198815844844322,0.883197862113533,0.4116138898811987,0.9503764522500817,0.9989012237276946,0.6606571516916342,0.6173981572618125,0.28881452271447067,0.48041740692763857,0.1575756146482902,0.025525582202019732,4.0
2021-04-27 15:18:27.840,0.4676296085369634,0.09616957192749603,0.5611457695066921,0.8683206946300411,0.026588389023506097,0.8808070856635595,0.42104016302988034,0.9587133387772925,0.9994454969865113,0.6567954664051076,0.6156268523634699,0.27480533657379136,0.4334203599506445,0.12727296987329798,0.02102105865144291,4.0
2021-04-27 15:18:27.860,0.46361557692117966,0.08092485474531667,0.5611584919118469,0.8719233105255595,0.021853016840098938,0.8781424752644501,0.4314034556580769,0.9660381856584916,0.999625523898648,0.6597303484872012,0.6141507649481845,0.2564182703578845,0.3864233129736504,0.04848485224609753,0.02102105865144291,4.0
2021-04-27 15:18:27.880,0.47345748358032846,0.07558399670526247,0.5827500308016125,0.8757061466413004,0.016338148496855144,0.8751342102447351,0.44313397046123093,0.9745845756272244,0.9998007713352414,0.6645188369781607,0.6104113443015912,0.24065792072042894,0.35770252403926495,0.024242426123048767,0.01238740132564951,4.0
2021-04-27 15:18:27.900,0.4763309155454082,0.08845700025077503,0.586628917007064,0.8796317281260748,0.00991329663899783,0.8716397816891254,0.45677393788904047,0.9845619270129105,0.999908896488106,0.6656001088583882,0.6085416327700999,0.23233997294420278,0.3289817351048795,0.0,0.00375374399985611,4.0
2021-04-27 15:18:27.920,0.45400549553002,0.11330190527971888,0.5847235879778525,0.8835516087386323,0.0031132393724583535,0.8681367259670056,0.4705016577045001,0.9951462411757545,1.0,0.632389615141393,0.6073607628378715,0.24022014417959142,0.28198442076500496,0.036363794336103476,0.016516535100866085,4.0
2021-04-27 15:18:27.940,0.4544954516632694,0.16830048163499783,0.5865998851996089,0.8875678173243807,0.0,0.8644292797469839,0.484519682534944,1.0,0.9989525821271745,0.5920736222672559,0.5924030770296458,0.2607961289330773,0.21932151322042642,0.0424246335941541,0.03153151110029031,4.0
2021-04-27 15:18:27.960,0.46095307303920546,0.2678886814846272,0.5730390859070364,0.8916116919076511,0.001110310120705212,0.8591436348715893,0.5037469818191689,0.9982682949671143,0.9959400451519571,0.5763179462982275,0.5776422020713285,0.34353795198803194,0.20365511792708105,0.07878780732414686,0.03153151110029031,4.0
2021-04-27 15:18:27.980,0.4116984389542061,0.3036811076239124,0.6016108511917443,0.8947679071522416,0.004633925263214085,0.8534857784066079,0.5238990823040991,0.9927771316035394,0.9919775245246418,0.5409449090736442,0.5583546598449323,0.45342255840927886,0.17362919709590324,0.12121213061524559,0.05442944943934876,4.0
2021-04-27 15:18:28.000,0.3744105425039611,0.3847428207641031,0.6801009994144603,0.8968879609259983,0.012522070730283736,0.8469798120964573,0.5463012803821283,0.9805080233619105,0.9862321756691709,0.451353793989893,0.5275536317519948,0.5873854694108858,0.14360327626472696,0.16363645390634435,0.07732738777840699,4.0
2021-04-27 15:18:28.020,0.34258450582983135,0.5859023529873691,0.6815754849657226,0.8981384919594507,0.03109636262868501,0.8383322547372668,0.5742038638839896,0.9517520056879852,0.9760042657070775,0.3243816019982349,0.4710686963259612,0.7870164704573922,0.1357706133438144,0.3757577600587862,0.14864866215404557,4.0
2021-04-27 15:18:28.040,0.2040817886664624,0.894956067462588,0.8100178690558555,0.8981998601721364,0.06610969608017601,0.825700902407345,0.6116526627675419,0.8981000169912128,0.9575449249528847,0.1770196813497136,0.3846683828397725,0.9367397490131504,0.09791136118452523,0.4924245715335448,0.20608109910559153,4.0
2021-04-27 15:18:28.060,0.11601187836187488,0.8543417878487939,0.8666784808191457,0.8980640452752093,0.12132449889382887,0.8058152836023394,0.6650492491738719,0.8151509529817763,0.9251057859349878,0.09638767486637065,0.2577248530432808,1.0,0.060052109025234515,0.6090913830083016,0.26351353605713745,4.0
2021-04-27 15:18:28.080,0.027941968057287353,0.8137275082349998,0.9233390925824361,0.8985848367194745,0.1895066790604455,0.777492016528388,0.7321931723419819,0.7159732238458806,0.876870698257144,0.08233111892974512,0.16040147496379445,0.9796429250169678,0.02088799233203345,0.7939395331056123,0.4054054282606923,4.0
2021-04-27 15:18:28.100,0.008991972734605103,0.607950453240277,0.9698085478904295,0.9000062262467151,0.26171365389023266,0.7421934792572745,0.8021052287817901,0.6155109402955338,0.8152716770870274,0.03815341143654525,0.09476476453900944,0.8947121404243646,0.0,0.8787881796878098,0.5000000230630622,4.0
2021-04-27 15:18:28.120,0.05600775423646315,0.6371971760770929,0.9286090141176462,0.9031033927511398,0.3166393397175186,0.7064899366854974,0.8708255678219408,0.5199244454187574,0.7401562655398465,0.019076705718272625,0.06750635107553472,0.8272928976327063,0.011749395425688742,0.8606062825197598,0.5848348527150568,4.0
2021-04-27 15:18:28.140,0.036486507821569265,0.5751823087909589,0.8965802599882728,0.9062005592555645,0.37156502554480453,0.6707863941137201,0.9216936018461829,0.43624985510846587,0.6373175005128363,0.0,0.04024793761206009,0.7598736548410477,0.023498790851375965,0.8424243853517098,0.6696696823670513,4.0
2021-04-27 15:18:28.160,0.01696526140667539,0.513167441504825,0.8645515058588995,0.9210031534206995,0.48134173035004435,0.5723454644897673,0.972561635870425,0.35257526479817425,0.5344787354858263,0.03321049978579575,0.0,0.6105881958261967,0.06396884153001071,0.7878790041506135,0.7462462598439876,4.0
2021-04-27 15:18:28.180,0.0,0.4066248658843189,0.8290537806455442,0.9370912104343401,0.5410964961548069,0.4878044718640276,0.9862808179352125,0.29821447905723564,0.42002652100233895,0.2313922215630088,0.011415041376632918,0.43328434123828274,0.10443889220864545,0.7333336229495172,0.822822837320924,4.0
2021-04-27 15:18:28.200,0.04389930085414701,0.32477439445908973,0.7887557838011127,0.9541939668116459,0.5820539574867197,0.39926652347265423,1.0,0.24385369331629697,0.30557430651885165,0.3659333236700929,0.0427080933724896,0.3912567657953839,0.31592720778239997,0.6121214923342734,0.930930933585838,4.0
2021-04-27 15:18:28.220,0.12503154715438264,0.26598175053254663,0.6633442474743708,0.9694581639536198,0.6071839029529751,0.316161384747656,0.945188688427088,0.21192672494784115,0.1719576296642158,0.500474425777177,0.07400114536834634,0.349229190352485,0.454308218601237,0.5939397503177519,0.956831833683341,4.0
2021-04-27 15:18:28.240,0.14219370545798407,0.24430152054755033,0.5831872488741444,0.9793670343934181,0.6272303203453332,0.2484232064900065,0.8984170768467518,0.1977121880900307,0.12801796230883786,0.6678398856924069,0.16187755835176507,0.41730510870541715,0.5926892294200755,0.5757580083012287,0.9827327337808438,4.0
2021-04-27 15:18:28.260,0.11321975094514115,0.18092760335901092,0.46691400498841906,0.9891630610978684,0.6638519250395128,0.16887650500622864,0.8516454652664154,0.18349765123222045,0.08407829495345996,0.6903535121771902,0.23681360056446846,0.5026736295262926,0.8146210064340865,0.6545458156253738,1.0,4.0
2021-04-27 15:18:28.280,0.17567547580181936,0.12057627145618587,0.22341341821255048,1.0,0.7074520509492568,0.10064050780594622,0.7733963839504171,0.16162242222746848,0.04863505431542751,0.7128671386619734,0.3117496427771719,0.5880421503471682,0.9347257592103165,0.6606060342773172,0.9969969971124277,4.0
2021-04-27 15:18:28.300,0.33725369073513495,0.21224742954101733,0.03900349469532367,0.004816175095918585,0.733910281942502,0.05782464882958031,0.6495698182593891,0.12933727375890886,0.01667512060859804,0.7207835947636864,0.4063668525406719,0.5757841062032303,0.9765012091486225,0.6727270921873149,0.9849849855621386,4.0
2021-04-27 15:18:28.320,0.4493514070763484,0.2796054862476834,0.0,0.016178013423765573,0.7568881515745423,0.02293359324012498,0.5427856560243739,0.10449801576735782,0.0,0.7287000508653994,0.5009840623041718,0.5635260620592925,1.0,0.7151517257814671,0.972222223674341,4.0
2021-04-27 15:18:28.340,0.5487418091895847,0.33872264782755385,0.03165071713158894,0.0248511359742419,0.781856039440383,0.0028739990651392286,0.49137002657620704,0.08879100272015462,0.005074729741411017,0.8208398472620884,0.6341271487738437,0.49982801482324,0.9451694880134536,0.7636365780275665,0.9369369393609825,4.0
2021-04-27 15:18:28.360,0.6639098313782831,0.39336572488900595,0.07556289689268383,0.029515008356528566,0.8106559174346313,0.0,0.45541796684681257,0.07203001813086382,0.02290421108438025,0.851115475080458,0.7083251525144137,0.49369898916793187,0.8929503092720105,0.866666501171705,0.9144144215480342,4.0
2021-04-27 15:18:28.380,0.7504191366170033,0.45072972043021914,0.11264237246999259,0.03150891635976505,0.8412175318959775,0.010303700892227947,0.4295242908248237,0.055854675736931286,0.048043288162789494,0.8430831646271489,0.767467044482498,0.5182150774558076,0.8198431381985355,0.8909092375978074,0.8843843926723116,4.0
2021-04-27 15:18:28.400,0.790658139040018,0.5033465938887056,0.16933505808627827,0.03275735148431431,0.8710314300132711,0.02783752616443209,0.40748050096490546,0.04169209272532409,0.07497258907887995,0.8203764564067063,0.8103719869643872,0.5422933784528285,0.7571802306539555,0.9212121926758532,0.8498498556213869,4.0
2021-04-27 15:18:28.420,0.797353960706204,0.5296096751733028,0.24828597782860787,0.033710431126225744,0.8993214537797233,0.04978650473285586,0.38608062084588596,0.029745474241942658,0.10139318609625077,0.8189862459105564,0.8637571545248492,0.5547703151671922,0.6788509278160315,0.9151519740239097,0.8138138209705198,4.0
2021-04-27 15:18:28.440,0.7926516031309139,0.5263214939348929,0.3226906413781651,0.03252219050537612,0.9273314020146994,0.07970949995787492,0.36432268712898463,0.01936151396954897,0.12879210821718715,0.8688792084334783,0.916650288919568,0.523030741238551,0.6005221597038685,0.9393940898439049,0.7807807815195376,4.0
2021-04-27 15:18:28.460,0.799937102848963,0.5315602800998864,0.3809264414227502,0.024708753896085064,0.9558857835516416,0.12860730175682616,0.3317224575091623,0.006609664065082833,0.17951818056736182,0.9124390361661664,0.9451879789484197,0.46261608793389314,0.5378587174335291,0.9575759870119566,0.7402402540688431,4.0
2021-04-27 15:18:28.480,0.7989689318238242,0.4775610556558652,0.4609226071885813,0.0,0.9833363291884751,0.22154822062790655,0.31034609515898576,0.0033048320325414163,0.22506642150360845,0.9604784226242256,0.966443631284826,0.38337657037245615,0.48041740692763857,0.9696970449219506,0.6786786987174555,4.0
2021-04-27 15:18:28.500,0.7741242924971911,0.4796288822822517,0.498699512654621,0.9567422008015984,1.0,0.3776144312011252,0.28896973280880917,0.0,0.27061466243985505,0.9950791202628367,0.986223200233262,0.2918790409171334,0.407310770579923,1.0,0.6006006082652019,4.0
2021-04-27 15:18:28.520,0.7560779163045652,0.4748236941680744,0.5162877201285139,0.8925192484081851,0.9926033713729097,0.5721548006171217,0.25491938047588036,0.009389496275650468,0.3538052385684861,0.9773153489798128,0.9980318915009156,0.18856125819206673,0.34986946007403247,0.9878789420900024,0.5555555726393053,4.0
2021-04-27 15:18:28.540,0.7380315401119393,0.4700185060538972,0.5338759276024067,0.8450444804965617,0.9589206586586123,0.7258602691552725,0.2467586475244386,0.015205025016039172,0.37077745901657255,0.9499746437022073,1.0,0.09312360728565844,0.28198442076500496,0.9333332505858507,0.49399403266329256,4.0
2021-04-27 15:18:28.560,0.7089542756144035,0.501917378929061,0.5462572222398493,0.8406608567512962,0.9332970372808925,0.7544197527658428,0.2385979145729969,0.021020553756427623,0.387749679464659,0.9571211231733204,0.9804634331481678,0.07982023481627866,0.2705614419949545,0.8814394089843901,0.45279658079340485,4.0
2021-04-27 15:18:28.580,0.6798770111168677,0.5338162518042248,0.558638516877292,0.8362772330060306,0.9076734159031727,0.7829792363764132,0.23043718162155513,0.02683608249681633,0.4047218999127455,0.9642676026444337,0.9609268662963355,0.06651686234689887,0.2591384632249041,0.8295455673829295,0.4115991289235171,4.0
