2021-04-22 01:46:19.120,0.6787164629676029,0.865717602837243,0.16470681451586286,0.6027523809942665,0.5644418920825572,0.632383918682656,0.6914078007933859,0.3182787892161941,0.5655980546254777,0.8226950340453043,1.0,0.1836065557404663,0.16363717606668174,0.022727557024711582,0.008827254334188036,2.0
2021-04-22 01:46:19.140,0.5367488738910173,0.8218853487282145,1.0,0.6000477529538618,0.5416435941799227,0.6604641813796722,0.668565605760697,0.3410974305451553,0.596441612510065,0.807764090058431,0.3018181832252097,0.25245900810494254,0.16363717606668174,0.028409591735391836,0.0063051539965875356,2.0
2021-04-22 01:46:19.160,0.2954232353257294,0.7716005916161708,0.0,0.599607719210175,0.5359792117563114,0.6622365079336462,0.6737021197188211,0.34684853269346444,0.6012726684919878,0.8225706096139234,0.8072727284362311,0.17049180022549368,0.20000037236389645,0.03125031818172559,0.017654508668376073,2.0
2021-04-22 01:46:19.180,0.893999964974528,0.8812812994417493,0.9369015688191038,0.5973345998579621,0.5114975482416756,0.6823125402053513,0.6659806900171079,0.37206950579011705,0.6286174375771671,0.8229438832268346,0.7013636385350591,0.1483606554935373,0.21818103960276003,0.05113656694209067,0.012610307993175255,2.0
2021-04-22 01:46:19.200,0.06740400244995161,0.6858789564580184,0.24559305329090594,0.596704621736921,0.4956111628839808,0.712731741935892,0.6173313353650869,0.3887466213969208,0.655305152664805,0.823317156839746,0.5954545486338872,0.1262295107615809,0.0,0.028409591735391836,0.02017654444103434,2.0
2021-04-22 01:46:19.220,0.6574078644088438,0.7663754415670981,0.6196462614963266,0.5943972396087046,0.4713790651811588,0.7169647014746177,0.640413512644187,0.4146425780368676,0.6735536524402713,0.8299116573796647,0.045454558307204115,0.26557376093627133,0.10909145071112115,0.03125031818172559,0.021437626892305706,2.0
2021-04-22 01:46:19.240,0.6467477947974354,0.7571235650458453,0.528164881949886,0.5937025378936686,0.44917138958401354,0.7405814919675018,0.632310131823648,0.44701159937294366,0.7022309557548395,0.8047779012610563,0.5800000038693267,0.07868853308983591,0.14545464700833588,0.017045813223036874,0.008827254334188036,2.0
2021-04-22 01:46:19.260,0.636087725186027,0.7478716885245925,0.4366835024034452,0.59090899731738,0.4344107408191359,0.7305456783986211,0.6272719913791082,0.4682472275203995,0.7193743146813162,0.8214507886112219,0.6836363688315434,0.21639343781878836,0.2363635686611112,0.022727557024711582,0.016393426217104705,2.0
2021-04-22 01:46:19.280,0.06076801473908484,0.611626322673345,0.21523681602288677,0.5907383201072908,0.4120846544100054,0.74373759185172,0.6222338509345681,0.4894828556678554,0.7365176736077929,0.8321512985703241,0.20909092951987174,0.24262294348144595,0.0909089216527753,0.019886539669370627,0.017654508668376073,2.0
2021-04-22 01:46:19.300,0.984559249649087,0.7206467625558389,0.34216047214388046,0.5906026326509247,0.3841880362939114,0.7695243275137829,0.6221884918151908,0.5256146697722657,0.7617424762477798,0.8376259780321778,0.7345454515149329,0.180327866727541,0.14545464700833588,0.019886539669370627,0.017654508668376073,2.0
2021-04-22 01:46:19.320,0.7787228575962369,0.6808631058296789,0.36537306292838945,0.5902330209228612,0.37187565090414954,0.7777171084437732,0.603768970983806,0.5385073343381173,0.7731840646174668,0.8214507886112219,0.8309090835763109,0.1704918015673156,0.10909145071112115,0.03125031818172559,0.021437626892305706,2.0
2021-04-22 01:46:19.340,0.5728864655433867,0.641079449103519,0.38858565371289844,0.589863409194798,0.3595632655143878,0.7859098893737636,0.585349450152421,0.551399998903969,0.7846256529871538,0.8216996376267484,0.6759090904964529,0.20655737252438078,0.11212187222084635,0.0303033608814462,0.01975624818888624,2.0
2021-04-22 01:46:19.360,0.36705007349053664,0.6012957923773589,0.4117982444974075,0.5894937974667346,0.34725088012462596,0.7941026703037538,0.5669299293210363,0.5642926634698207,0.7960672413568408,0.8219484866422748,0.5209090974165949,0.24262294348144595,0.11515229373057155,0.029356403581168457,0.018074869485466587,2.0
2021-04-22 01:46:19.380,0.48562056723179386,0.5900344242011331,0.3277987932826336,0.5900783101302667,0.3142917985902512,0.8202404560221871,0.5249906585331513,0.6071036227539839,0.8277015230572193,0.8259300719091268,0.5254545517591127,0.25245900810494254,0.11818271524029673,0.028409446280889063,0.01639349078204712,2.0
2021-04-22 01:46:19.400,0.6011131919090245,0.567180243371041,0.41335841083246794,0.5894852949881876,0.2833552668672898,0.8366717331943374,0.5103720201311752,0.6323053445154484,0.8432029531804649,0.8244369775104395,0.5254545517591127,0.21967212710007808,0.20000037236389645,0.029829954958559543,0.011979831332481896,2.0
2021-04-22 01:46:19.420,0.5778345421890393,0.5485636227655091,0.393837481365347,0.5893846785625568,0.2630130099655207,0.8469507985997592,0.4944257040525789,0.6573969176576044,0.857985065843902,0.8207042413711412,0.5418181873921769,0.180327866727541,0.1818197051250329,0.03125031818172559,0.017654508668376073,2.0
2021-04-22 01:46:19.440,0.5835093210678556,0.5212741701443658,0.38006941184633947,0.5896052463119269,0.24323222107285383,0.8568070902042509,0.4778813715711204,0.6820399634232127,0.8718207050421309,0.8159761092512113,0.5490909143402054,0.1704918015673156,0.14545464700833588,0.025568574380052535,0.017654508668376073,2.0
2021-04-22 01:46:19.460,0.5863935999992674,0.5075598878663925,0.37240882158661714,0.5900427062835628,0.2239726537294091,0.8663437629783494,0.4606163536025557,0.7062536082199129,0.8848036932435501,0.8189622979467431,0.5581818245134437,0.17704917932480194,0.14545464700833588,0.03977307933874125,0.026481698437621878,2.0
2021-04-22 01:46:19.480,0.5955418411883295,0.48090063545557404,0.3670306320775559,0.5904526314096441,0.20487433969609414,0.8756860826035068,0.4425885415181477,0.7304677777123157,0.8971642841972983,0.822446184999225,0.5600000047622482,0.16721311470130534,0.14545464700833588,0.017045813223036874,0.016393426217104705,2.0
2021-04-22 01:46:19.500,0.6063915648591043,0.4681513002688282,0.36575856411959656,0.5908575083301939,0.18562897976205978,0.8847298906230754,0.42437497128117657,0.7550620017920607,0.9089773697155953,0.8229438831117522,0.5563636442646391,0.1737704911169697,0.2363635686611112,0.028409591735391836,0.02017654444103434,2.0
2021-04-22 01:46:19.520,0.6056999491443883,0.43837202306056655,0.3617710892244129,0.5913448633565003,0.16680768661189968,0.8935855875174763,0.40538723021112405,0.7792916123294297,0.9200666988616003,0.8182157508492423,0.5509090990536177,0.18688524394829853,0.20000037236389645,0.028409591735391836,0.026481698437621878,2.0
2021-04-22 01:46:19.540,0.609754685486715,0.42288165711365405,0.3567142463568653,0.5919357111115889,0.14861746676345705,0.902108569237327,0.3861133720900169,0.8028654032094088,0.9303191624482369,0.8159761092512113,0.5454545523543937,0.1836065557404663,0.0909089216527753,0.025568574380052535,0.015132472895717987,2.0
2021-04-22 01:46:19.560,0.42144017872605494,0.5602324772202584,0.43169720012484386,0.0,0.26471961405337907,0.6719575500202959,1.0,0.6552819692219498,0.7587903976775761,0.8216996377082227,0.5509090968213138,0.17213114634214266,0.12727211794998472,0.04261409669408221,0.017654508668376073,2.0
2021-04-22 01:46:19.580,0.5106143776814945,0.46035067044933164,0.3872783663971717,0.055391656446910194,0.1828026335697402,0.7921935549862934,0.71665240390774,0.7586895854749038,0.8634973287295259,0.8169715049059454,0.5363636421811555,0.18688524394829853,0.10909145071112115,0.028409591735391836,0.016393426217104705,2.0
2021-04-22 01:46:19.600,0.5675766116381402,0.40567697613873394,0.36688691291448494,0.08778273123036777,0.13703377095867442,0.8581121664118774,0.534601546731196,0.8179532530109164,0.9136652885730537,0.8132387687055412,0.5400000066969115,0.1737704911169697,0.0909089216527753,0.028409591735391836,0.012610307993175255,2.0
2021-04-22 01:46:19.620,0.6105847433851934,0.3654533691159542,0.349802573211438,0.11731896902421991,0.09482561869743662,0.9112850245141451,0.377245812001373,0.8733846305834931,0.9510747576205721,0.8151051368566649,0.5509090975282102,0.16803278608235242,0.07272825441391173,0.022727557024711582,0.016393426217104705,2.0
2021-04-22 01:46:19.640,0.6438782142595105,0.3154694299360123,0.3344834069567485,0.14192971151347666,0.05382985563956713,0.9443486417577375,0.28797766144632964,0.9170718191984559,0.9720428034171124,0.8169715050077883,0.5618181883595086,0.1622950810477351,0.1818197051250329,0.022727557024711582,0.012610307993175255,2.0
2021-04-22 01:46:19.660,0.6571585826313263,0.27721082063289787,0.33217889865893724,0.14982063247115796,0.037966691057468825,0.9515213691346789,0.2569758484113006,0.9493229963782506,0.9817148851309205,0.807515240991983,0.5745454586583052,0.19672130857179512,0.07272825441391173,0.025568574380052535,0.015132472895717987,2.0
2021-04-22 01:46:19.680,0.6637650665329441,0.28746324043914506,0.32332320903908174,0.15771155342883914,0.022103526475370554,0.9586940965116203,0.2410290521465872,0.9649176241488749,0.9860602718646608,0.7699390319583518,0.58909091701897,0.25245900810494254,0.10909145071112115,0.03977307933874125,0.02017654444103434,2.0
2021-04-22 01:46:19.700,0.6667309925863896,0.2935175731134506,0.3095714314636086,0.1660832820979605,0.011051763237685263,0.9657111092069441,0.22508225588187364,0.9805122519194993,0.9904056585984009,0.6748786824646835,0.6381818194535549,0.34098358971641196,0.1818197051250329,0.0369320619834003,0.029003798775222377,2.0
2021-04-22 01:46:19.720,0.6607884691568098,0.3248145894350055,0.28367213471739916,0.17445501076708186,0.0,0.972728121902268,0.19105975820191154,1.0,0.9968305096681099,0.5342789639953421,0.663636369724465,0.45901636519837113,0.2636373622486326,0.11221625826436141,0.03972261222137532,2.0
2021-04-22 01:46:19.740,0.6609529744122903,0.36488707906134027,0.24860585312113417,0.19003812587239025,0.0040483281504137296,0.9829740722660352,0.15458362027531963,0.9945484616196837,1.0,0.38372528897865943,0.6418181829275691,0.6196721142185876,0.35000065163682015,0.18039805661147454,0.05359397038335092,2.0
2021-04-22 01:46:19.760,0.663171071157909,0.33359081984097,0.24978439352216,0.2021129458413249,0.02387565692905616,0.988819531935299,0.13062695020204027,0.967900690994258,0.9986145608176842,0.27597364116986506,0.6000000074410129,0.8262294981484547,0.43636394102500764,0.2485798549585877,0.06746532854532633,2.0
2021-04-22 01:46:19.780,0.6693423944763228,0.3104639419799184,0.2761709789348896,0.21458900332682165,0.05352386139602553,0.9937868221999836,0.10717525123707015,0.928228461403809,0.9941418223969206,0.18688568352895304,0.6327272801953437,1.0,0.5818185880333435,0.38920483223132263,0.10340475797782979,2.0
2021-04-22 01:46:19.800,0.6959109020672927,0.3061729520431884,0.2955884412541611,0.22722980028513243,0.09098436314584028,0.9982520122362715,0.08244396708198591,0.8784620359422554,0.9861154615519542,0.07390821143532732,0.5709090966724936,0.9377048972147495,0.6181817843305529,0.4715911355371245,0.1475409650838279,2.0
2021-04-22 01:46:19.820,0.7026446692204737,0.3103290157330925,0.2636449811083986,0.24116433763023526,0.13788276987251083,1.0,0.06248218694192209,0.8168455454259304,0.9720806647294706,0.0,0.4909090987559772,0.8262294981484547,0.6727275096861188,0.562500199999942,0.16519547375220417,2.0
2021-04-22 01:46:19.840,0.7005573971907969,0.22500861175558143,0.24458327516287587,0.2558322464865912,0.19259095651158867,0.998703121763651,0.047114162697989896,0.746143349164652,0.9509362493085903,0.0072165679318196155,0.4018181936426277,0.7901639278623005,0.7272732350416794,0.6477275206610849,0.21815889645342512,2.0
2021-04-22 01:46:19.860,0.7207950209803721,0.11057772779852418,0.2711788804104696,0.2701168439229499,0.24816489831148197,0.9948710124055713,0.03573969864110295,0.67587285253917,0.9247090417192294,0.08560409515293883,0.3745454675875208,0.8295081863562871,0.7999996276361035,0.707386557851184,0.2446406207170239,2.0
2021-04-22 01:46:19.880,0.7241544135700124,0.002516312312847948,0.33228485070451563,0.2831428036109787,0.29776535606508775,0.9910458424090715,0.0231305652647547,0.614691959398147,0.8979329044444223,0.18464601545176654,0.3163636520032926,0.8950819505129309,0.7999996276361035,0.7471590553719109,0.27238334995396357,2.0
2021-04-22 01:46:19.900,0.7215620868267711,0.0,0.3739465905622364,0.2945901921385858,0.3385835894395882,0.9875331307742758,0.011160633485165598,0.565566936954913,0.8735586460981277,0.24735600871264826,0.23636365557497874,0.8721311330581055,0.8363646857528005,0.7812500999999702,0.3076923156387622,2.0
2021-04-22 01:46:19.920,0.6930917155716494,0.05220484142629254,0.33511618644076724,0.30513450275360643,0.3740985099791365,0.9833004093508986,0.0022426169168239976,0.5238074678590151,0.8503965431847974,0.252830655584772,0.15272729567265067,0.7442622929526497,0.9090910783472247,0.8153411446280312,0.3266078292804789,2.0
2021-04-22 01:46:19.940,0.7039239677129248,0.06686499184564168,0.2888230808838093,0.31599474614556644,0.4094197031299028,0.9761287662492039,0.0,0.48325073873407115,0.8250211557797489,0.2334204161806879,0.046363656616720636,0.59344260855593,0.9636368037027906,0.8664774206611147,0.3682219489618651,2.0
2021-04-22 01:46:19.960,0.6965034220229408,0.061084232276523535,0.2685332131264057,0.3277551234161176,0.446232579867369,0.9659061681978106,0.0027269030847009504,0.4420827765937145,0.7962773577935545,0.21027749170133847,0.03454546788516128,0.4557376877251144,0.9090910783472247,0.9034091917355077,0.4022698709343577,2.0
2021-04-22 01:46:19.980,0.705272226323153,0.031844216610585806,0.273134533749709,0.3403749238129608,0.48342929266239454,0.9533931556192313,0.00802730825835912,0.40169674847072445,0.7651242985163753,0.20797562816161944,0.01727273394258064,0.43032784874712715,0.9818193327611364,0.9289771842975459,0.4527112320369435,2.0
2021-04-22 01:46:20.000,0.6975609623488768,0.06264866290144382,0.284497380346489,0.3544911423725177,0.5212719784454185,0.9387518000244713,0.014344636816032033,0.3619294740015528,0.7314348280299372,0.20567376462190037,0.0,0.4049180097691399,0.9272736074055759,0.9460227066115756,0.47036570196635435,2.0
2021-04-22 01:46:20.020,0.6947515847022931,0.04738045207355357,0.25120225786238554,0.36979782532878336,0.560771880655017,0.9207098000827756,0.027389317469363017,0.30361100829573884,0.6751212413281557,0.24860024386059726,0.05272731501928423,0.3147540840537543,0.8727278820500153,0.971590990082621,0.5107187908484231,2.0
2021-04-22 01:46:20.040,0.7146713757993904,0.0531288293434335,0.23680308810665268,0.3855848644575328,0.5983825435514684,0.9008857108578251,0.04223864836325247,0.25301363973963303,0.6195677531110299,0.25059106898191014,0.10181820703645098,0.22622950244228496,0.9636368037027906,0.9943182561983253,0.5422446641352691,2.0
2021-04-22 01:46:20.060,0.707258471614316,0.05552404872967125,0.22202661602800075,0.4109617782478278,0.6499807078169758,0.8673085893614756,0.05070513299751819,0.23008762318293516,0.5901098421118828,0.22172453246307638,0.1145454643134751,0.11147540711722635,1.0,0.9943182561983253,0.5838587709036668,2.0
2021-04-22 01:46:20.080,0.6940550499691008,0.07783172147752966,0.211053978801049,0.4410002537919858,0.7027050020144313,0.825712321214067,0.05917161763178407,0.20716160662623717,0.5606519311127355,0.18837876163277537,0.09636367670745538,0.06229508131609949,0.945456136463927,0.9857954950413096,0.6279949650966764,2.0
2021-04-22 01:46:20.100,0.6853105574670127,0.07930120512446313,0.19521074789264864,0.4657206145875061,0.7404804425396259,0.7890633416420848,0.07951745432211084,0.16118264712380045,0.49293908659735847,0.1682219933610708,0.09818182868041091,0.02950820997235292,0.945456136463927,1.0,0.6607818433568631,2.0
2021-04-22 01:46:20.120,0.6992925369761961,0.06882540802156706,0.1793319463388554,0.4945586765255923,0.7789432510629614,0.7440786750799394,0.09540337776212297,0.13171736051676824,0.44225628411825724,0.16224961984003766,0.1327272965655722,0.01639345714102411,0.9181832737861441,0.9573864851239313,0.7282471654456952,2.0
2021-04-22 01:46:20.140,0.7103397253293339,0.08860195631268748,0.17993225991298087,0.527657500693767,0.8161539195303533,0.6911129603224653,0.1119184558278269,0.10498698779642737,0.3898346266894125,0.1545352845221463,0.1509090990536178,0.019672129246993197,0.8363646857528005,0.9517047413222575,0.7957124875345273,2.0
2021-04-22 01:46:20.160,0.710404347324941,0.11246766218045635,0.18373507418168517,0.5658711576755342,0.8518801733181857,0.6286243834810946,0.12850870148956678,0.08100914374708382,0.33567390067332514,0.14930948060589594,0.107272707601395,0.0,0.8181821566944547,0.9090909355371825,0.8335435083614667,2.0
2021-04-22 01:46:20.180,0.7002899296388633,0.1314165636801754,0.1875257745739607,0.6102036994279644,0.8854473099483341,0.5541399465812027,0.14611779127979047,0.060019316797223415,0.27983454174476907,0.1649869534603901,0.05454546699223976,0.04590164296058236,0.7090907059833282,0.8693181471074484,0.8751576344993471,2.0
2021-04-22 01:46:20.200,0.696901527717224,0.1355836961893983,0.1908287527738087,0.6595657259066241,0.9152690241727539,0.4691975686245881,0.1632412651559667,0.04264664207992582,0.2244706330706839,0.18489489914480237,0.018181847134122946,0.04590164296058236,0.7272732350416794,0.8125001272726903,0.9104665846885595,2.0
