2021-04-07 18:12:50.460,0.37494587844820937,0.351479612236561,0.09561841725633334,0.027947940794040144,0.02735117520781087,0.8855713829517667,0.8382157829155463,0.9654836244854953,0.9837279292956654,0.5911861282378355,0.3198343356190539,0.32700503503441314,0.9486656353773323,0.01933691186470925,0.01242643076582188,6.0
2021-04-07 18:12:50.480,0.9021626184538366,0.5014068485291958,0.5875685251948255,0.02540311536011448,0.029015858834405196,0.8834978963374329,0.853322521835631,0.9630126074660407,0.9824417564770788,0.5717768456118941,0.27519558699159313,0.3626501223977418,0.9650925311284463,0.06353581001800149,0.020274664055254483,6.0
2021-04-07 18:12:50.500,0.29054861622675865,0.3241027166627203,0.5248321019937724,0.03447166666117364,0.020722133162752593,0.9132697979058797,0.6316782531283474,0.9753308450954646,0.9969317054116653,0.5436943309083316,0.2929130291192227,0.3829910823483051,0.9568790832528887,0.06629806435698928,0.02550690887737848,6.0
2021-04-07 18:12:50.520,0.5760370143004081,0.47337779913323436,0.10803454973293462,0.013028620347119829,0.045496319921477124,0.8852524439853664,0.8379089189198153,0.9385920288539193,0.9812827386409299,0.5114861715886271,0.26081454714437113,0.4389771201483101,0.9691994653331827,0.09668484219649694,0.020274664055254483,6.0
2021-04-07 18:12:50.540,0.7450492229988054,0.5622606967371927,0.6926546922065537,0.004147216603365375,0.06443784645605766,0.8738560538609843,0.9179403310903647,0.9106312110169917,0.9722617895407989,0.49292076621114117,0.2583985315083542,0.47539711994978695,0.9650925311284463,0.12983415724793984,0.04251147014771294,6.0
2021-04-07 18:12:50.560,0.171729044311286,0.4347412076954041,0.38859251799338673,0.0039281919763076234,0.08495050693790485,0.8732542766715585,0.9177942850106525,0.8804991480665978,0.9684963856547262,0.4497890270423827,0.270133460965371,0.5308019861063634,0.9938402294937684,0.17955784695215674,0.04905167571755299,6.0
2021-04-07 18:12:50.580,0.6299458119358708,0.5352011551991429,0.19761093025632132,0.0,0.12433137752889922,0.864567404963873,0.9689133533414603,0.8232194883582669,0.9553856556166372,0.37880919515688344,0.22204325524110766,0.5943432711274174,0.9733059790040038,0.2541435229449566,0.06605623698788764,6.0
2021-04-07 18:12:50.600,0.6557621659385875,0.565443266906877,0.7598657600569656,0.000986963877238755,0.1682243604757461,0.8609865068472978,0.9679841072879029,0.7337293540689038,0.937816932851964,0.3317393452775631,0.21145881179691955,0.631925598359273,0.9650925311284463,0.34254131925154113,0.09221719321100065,6.0
2021-04-07 18:12:50.620,0.43139702958975823,0.6593620066959378,0.4167138655519919,0.0019739277544774635,0.21211734342259303,0.8574056087307225,0.9986818783878196,0.6636746392108606,0.9172101546181298,0.29245194679667885,0.2052462082330217,0.6648585841566572,0.9979467431645894,0.4143644580324025,0.1144538653597059,6.0
2021-04-07 18:12:50.640,0.20074470834632502,0.6354974814341962,0.532975752059279,0.006993914284073023,0.29810871195833544,0.8492967966496645,0.9895893950701699,0.5818170785742218,0.8925720189314008,0.2203468976631594,0.1764841285385777,0.6780317657904281,0.9609855969237098,0.5248617034156331,0.16546762953696173,6.0
2021-04-07 18:12:50.660,0.393373942439734,0.6615001687909853,0.089728258712299,0.008102299328751476,0.38730593184633805,0.8367013662726837,1.0,0.46819388775563775,0.8462040796030599,0.11476793051409542,0.14473079067254419,0.6749322048341138,0.9938402294937684,0.6298341572479407,0.21255721679481207,6.0
2021-04-07 18:12:50.680,0.42421088030240506,0.6614995713007717,0.44583958116770805,0.021821416975916295,0.4800162463565616,0.8213404877000671,0.9949873585133312,0.35973896935568694,0.7898970931610756,0.029067018589496396,0.10020710166406523,0.6520728080012296,0.9938402294937684,0.751381268605968,0.2831916512590888,6.0
2021-04-07 18:12:50.700,0.5178523435549239,0.7147422518770106,0.3208058774356374,0.04612258822857066,0.5890784862369948,0.7915032723674005,0.9971024346299558,0.24691907870054763,0.709598040258507,0.0,0.059134843385246244,0.6055792350917312,0.9897332952890319,0.8563534395653248,0.37867888028313296,6.0
2021-04-07 18:12:50.720,0.635689693854184,0.5626921714037522,0.43856095315413307,0.08861573126774464,0.6956391099281977,0.7439193339377274,0.9914944045259568,0.1542368595700976,0.616373609762489,0.017440203478953857,0.031063055486836213,0.498256469213236,1.0,0.9696130807240179,0.5068672443113795,6.0
2021-04-07 18:12:50.740,0.6865644340100819,0.3338813185915151,0.46211992554645176,0.15952625000031945,0.7884869626568536,0.6680264695115483,0.9755077101042174,0.08908745810481244,0.5172511263986278,0.024285000698977283,0.011619886788341114,0.37388608636205545,0.9568790832528887,1.0,0.6442119095317773,6.0
2021-04-07 18:12:50.760,0.7265961089057633,0.20217629064391035,0.4851879394007394,0.2797829359601594,0.8552506988405719,0.5450191051193662,0.9503869482520556,0.05182015278982383,0.4148657564611888,0.030192197463796314,0.0,0.27857419054343097,0.9650925311284463,0.9668506849485555,0.7305428373636702,6.0
2021-04-07 18:12:50.780,0.749045724457311,0.3192640096276874,0.48632132424937113,0.4481359911309277,0.8764481022269327,0.375958330296827,0.9137850971514409,0.04172237862187841,0.31211053983642656,0.1130801775521335,0.011044649902870561,0.1921735721154061,0.9650925311284463,0.9613258933976324,0.7894048415275461,6.0
2021-04-07 18:12:50.800,0.761161507133186,0.2726101764725893,0.4801719187116247,0.5145595987991097,0.859152069483647,0.30493033237327605,0.8899695106511489,0.04756937770892933,0.2681193873985953,0.2715424059731612,0.029682462477931593,0.13018209928546587,0.9555100350956577,0.9502761688593093,0.8024852861531644,6.0
2021-04-07 18:12:50.820,0.7732772898090611,0.22595634331749115,0.47402251317387833,0.5809832064672916,0.8418560367403612,0.23390233444972505,0.8661539241508569,0.053416376795980255,0.22412823496076414,0.37388653758182094,0.056632535624623025,0.11487795205210262,0.9459275390628703,0.9392264443209855,0.8155657307787826,6.0
2021-04-07 18:12:50.840,0.7853930724849362,0.17930251016239301,0.467873107636132,0.6474068141354735,0.8245600039970755,0.16287433652617408,0.7730273069657542,0.0757903472005115,0.14712774942256296,0.4762306691904806,0.08358260877131442,0.09957380481873938,0.9363450430300818,0.9281767197826625,0.8286461754044009,6.0
2021-04-07 18:12:50.860,0.6413140474291786,0.2737270528824132,0.3576728773724453,0.7124398695429119,0.7927843936475955,0.07282303777463772,0.6745763346765206,0.08644247630363942,0.11076823595252504,0.5294421036688308,0.20283019636373936,0.07206508875045338,0.9117044891364526,0.9226517867952633,0.8469587978802664,6.0
2021-04-07 18:12:50.880,0.6548179521240807,0.46857399323621796,0.18543610247074058,0.6063708233904778,0.7378001938604478,0.11247865557347932,0.8878270508945781,0.12278046680449836,0.09374392007064515,0.47932488807057355,0.297169816819832,0.0,0.8993841070561598,0.9116022036934155,0.8691955570924113,6.0
2021-04-07 18:12:50.900,0.6496028920451115,0.35519620373992244,0.06955215107151959,0.6624303755490334,0.7587592415400323,0.04359995827867877,0.6436575155883982,0.10829408542858297,0.07525191446500423,0.45635255256806334,0.3835711023385744,0.05230530202896643,0.8459960650641661,0.8839779630658448,0.901896665307863,6.0
2021-04-07 18:12:50.920,0.589227732260579,0.36221406937189027,0.005251136274863708,0.684957379833554,0.7408903683321529,0.01414252448364555,0.5714754670318115,0.120595790120305,0.05174681083454964,0.47946553926723307,0.46281063778229053,0.14538938008558883,0.796714957276909,0.8563534395653248,0.9241334205016954,6.0
2021-04-07 18:12:50.940,0.593396124736526,0.5485621831675634,0.0,0.6961929690637593,0.7113403150058216,0.0034744052169463488,0.5719997557351444,0.15151699532096516,0.017406582182974018,0.5025785259664027,0.5420501732260067,0.23847345814221124,0.7556468768312941,0.8674033055401232,0.93459777620219,6.0
2021-04-07 18:12:50.960,0.5935866061591417,0.6454964705193027,0.03813675165081421,0.7170556561385039,0.6811969849806225,0.0,0.5950293829940544,0.1706113854421361,5.517012569543889e-05,0.5558368519796292,0.6730326931004994,0.39558309868123886,0.7022588348393005,0.8397790649125525,0.9450621319026846,6.0
2021-04-07 18:12:50.980,0.5204918806386623,0.5780701335939932,0.12730810355198646,0.7444643011251244,0.6724178415287674,0.0059363213553487925,0.6185289776186333,0.17285509186205736,0.0,0.5514299187847074,0.7355039123048421,0.484695831360391,0.6119096466064283,0.8093922870730449,0.9542184438103362,6.0
2021-04-07 18:12:51.000,0.41257581796299286,0.4712381799330213,0.1986118753606609,0.7690921386290714,0.6722066117806695,0.01261771887535389,0.6453158911206408,0.1730283764183053,0.0023750002825285903,0.5331458115794312,0.782271042587804,0.5816543764688846,0.5544150909436136,0.8038672126491727,0.9725310662862017,6.0
2021-04-07 18:12:51.020,0.41579356547093405,0.4938694227541041,0.29755739305390055,0.8002405896449348,0.6706886241803914,0.019929438073345393,0.6759392456112386,0.17427733955725022,0.004236325942225939,0.5148617043741551,0.8290381728707659,0.6786129215773783,0.4804927984618555,0.7679556432587404,0.9712230211539211,6.0
2021-04-07 18:12:51.040,0.49863293671624026,0.5275745742472658,0.3701475303910786,0.8393528696678452,0.6691438528217871,0.026810107280786356,0.7048263797793963,0.17555247408293412,0.006061138636053405,0.51908110596592,0.9055453331084969,0.9031382919902615,0.4229982427990408,0.7569057772839436,1.0,6.0
2021-04-07 18:12:51.060,0.5065417006861691,0.4037723219211738,0.4192905072329543,0.8847371286109244,0.6766455952632048,0.03425651426751544,0.7241813594643586,0.16939804767104252,0.01438227301328821,0.5845288365268391,0.9382190255075079,0.9693917007763299,0.3860370965581611,0.7651933889197526,0.9947678221497527,6.0
2021-04-07 18:12:51.080,0.4409786295743691,0.38174057379683535,0.30608766738523724,0.9305420272758818,0.6954809870424322,0.04293571932055963,0.7312923263627081,0.1543605683717304,0.031001090183601067,0.6922644144260476,1.0,1.0,0.2751540783694386,0.7790055092335388,0.9816873768544158,6.0
2021-04-07 18:12:51.100,0.4475993901836336,0.2862637674514122,0.16360054475124472,0.971159868183173,0.7326449587179037,0.059838362141534374,0.7347452012923293,0.12646140893844965,0.06385930748102107,0.8305672929040353,0.9752646067543598,0.9325842796400313,0.2710475646986175,0.8425413192515403,0.9215173329160092,6.0
2021-04-07 18:12:51.120,0.28816857115415234,0.19518957738071654,0.19308726901984508,0.9998893312007957,0.7946708915424084,0.0860779476505365,0.7065565520103674,0.08529197291920936,0.11760752335586686,0.9089545344709401,0.9156695625605333,0.6516854025228861,0.18891182434130296,0.8853589487988649,0.8423806405870031,6.0
2021-04-07 18:12:51.140,0.0,0.07648055906581051,0.558834918938648,1.0,0.871362544340693,0.13787558373755102,0.6617119047650237,0.04406742710762925,0.18949666284094432,0.8771683156941492,0.8471007815192848,0.34211545336541543,0.15503087875397562,0.8984805055279029,0.7965990843973393,6.0
2021-04-07 18:12:51.160,0.09204338695609886,0.322927434138991,0.7205176565234882,0.9545922444131112,0.9317423486946173,0.228063747607743,0.6270597688285657,0.019401644507332335,0.2583980061222059,0.791842491535045,0.757133001885166,0.21503293089274222,0.1211499331666483,0.911602062256941,0.7508175282076753,6.0
2021-04-07 18:12:51.180,0.14266566865860414,0.6835928416432175,0.7304173614321261,0.8803705663164892,0.969073116718624,0.33983348295985416,0.5819885271885542,0.0076644116635077334,0.31220675845340906,0.673980316046727,0.6410492359965023,0.15265401452891053,0.07392229248175819,0.9116022036934155,0.7240026183994549,6.0
2021-04-07 18:12:51.200,0.11759243992593195,1.0,0.8179514217133944,0.8178330300840059,0.987842411183692,0.43316414723426294,0.5322573564929342,0.00278915501314087,0.34485582136605064,0.5949367150199845,0.5080533870228626,0.11778380154818215,0.04106765991169958,0.8977900833796293,0.7253106595134229,6.0
2021-04-07 18:12:51.220,0.17220429018028577,0.9251517938342672,0.9566900107056299,0.7800964438288257,0.9980086045357225,0.49314320782177373,0.4897277904535307,0.00043701604155540547,0.3616597440886974,0.6354430462808938,0.40312932594763307,0.07245253069869702,0.0,0.9005523377186171,0.7017658658844976,6.0
2021-04-07 18:12:51.240,0.2800691259616976,0.31446261682017823,1.0,0.7165068987712232,1.0,0.568503454416715,0.4590799091403859,0.0,0.3813853598691478,0.73314580352095,0.3196042389814983,0.14374273713831096,0.00821386840947175,0.9088396664814786,0.6742969355192932,6.0
2021-04-07 18:12:51.260,0.42943926838741103,0.2178525257308678,0.9358340202274499,0.6035827362727592,0.9881756616804106,0.6826442407164202,0.4238614265742046,0.002709142051040885,0.41503108191047944,0.7641819081647034,0.24045099424986296,0.31208833355484833,0.024640764160585665,0.9116022036934155,0.6468279917597134,6.0
2021-04-07 18:12:51.280,0.5380257048292982,0.46949488080985746,0.8245420643857537,0.49760014807210134,0.9612104055519691,0.7852519803060939,0.37852730199071116,0.009911461564554368,0.455447969434586,0.675855612123962,0.1751035449465097,0.4548624477461649,0.0369611462408785,0.9226517867952633,0.6402877727954981,6.0
2021-04-07 18:12:51.300,0.661860636062413,0.837583946170372,0.7095070712623399,0.4287384895029858,0.9310373370000191,0.8487444724493367,0.3326517951808528,0.019649407987955596,0.4905963051563417,0.6637599710754246,0.15695467571978747,0.4818868546401431,0.06981535827702172,0.9116022036934155,0.6468279917597134,6.0
2021-04-07 18:12:51.320,0.6672960927182149,0.9167645442368745,0.6153296619982009,0.3816084941376431,0.9111514954323197,0.8885870462215983,0.25731503424264945,0.029575454047763284,0.519867043079204,0.6516643300268874,0.13880580649306526,0.5089112615341213,0.11909646606428005,0.928176861219137,0.6402877727954981,6.0
2021-04-07 18:12:51.340,0.689120455482503,0.7524205533164128,0.5829281286746973,0.3429033232818238,0.8984958734882141,0.9182484927632975,0.1879879217662367,0.03940315564550842,0.5431097033463643,0.7265822779952693,0.1305798465211941,0.5308019861063634,0.1478437438956868,0.9309391155581248,0.6167429657721976,6.0
2021-04-07 18:12:51.360,0.7450762560768748,0.5140457421160924,0.5428561794708819,0.29296986347067405,0.8675041366593428,0.9525727652311986,0.14625283525191152,0.05273027141059663,0.5678854047655071,0.7652133323658039,0.1355269345871588,0.5393258136204802,0.1683779943854514,0.919889249583328,0.602354486729799,6.0
2021-04-07 18:12:51.380,0.7644144612380774,0.3612724093763946,0.5131800963444316,0.2521317323544088,0.8193537502917834,0.9777690564913092,0.10957667345325703,0.07083683579794676,0.5965935752111275,0.7995077495919818,0.14064658383108616,0.5415536345537779,0.2012322064215946,0.903314874930554,0.5722694607422831,6.0
2021-04-07 18:12:51.400,0.7837327014308144,0.24345505365413925,0.3978568859301894,0.2330508850224497,0.7804923464160235,0.9867396730499315,0.08226117766040143,0.09409674223131935,0.6283250616956796,0.8338021668181597,0.14576623307501355,0.5437814554870757,0.24229986633329537,0.919889249583328,0.5369522435101447,6.0
