2021-05-01 18:45:23.560,0.35230655742601197,0.1366506975963693,0.2902172758658293,0.10011384927547516,0.17680393648443407,0.5941924033254181,0.15291520225240376,0.7831213218738412,0.9259638968692716,0.05682028709271393,0.07674236886796329,0.7558039509097647,0.8333330962962969,0.04180591125379356,0.9866793480282563,1.0
2021-05-01 18:45:23.580,0.7341099797862872,0.25752596868638167,0.0,0.09054201980567295,0.2077739332392688,0.5997606224388686,0.1302054317542535,0.7428046700947115,0.9098796674062688,0.04164353091614303,0.34925606412812066,0.7171109225578826,0.7962965333333341,0.038461472600980116,0.9952426187283191,1.0
2021-05-01 18:45:23.600,0.9283863777772408,0.34160398576091316,0.47124009145948254,0.08259341479103935,0.24443620923307924,0.6047712857307636,0.11345187211703536,0.695637926428652,0.8928843477728556,0.03498056610893282,0.46906812621248817,0.7489251855437209,0.7962965333333341,0.0367893388932991,0.9828734488567727,1.0
2021-05-01 18:45:23.620,0.5963721278853599,0.32015008142232587,0.6200300963106847,0.07249695981042711,0.2854901871743237,0.6118401282752777,0.09089177508711384,0.6436521971937851,0.869387350406889,0.020914304597119078,0.19263899916857954,0.8073946647628499,0.7592590222222229,0.04849495979687086,0.9828734488567727,1.0
2021-05-01 18:45:23.640,0.5127859947140242,0.30415629551253565,0.13266495733094577,0.06046496963795577,0.31957698237787396,0.6195337115359327,0.06722686132774584,0.6012467964534323,0.8446742375204401,0.012030350914870643,0.16523101167897228,0.8134135820828363,0.72222245925926,0.0367893388932991,0.9933396740141281,1.0
2021-05-01 18:45:23.660,0.9068185412063574,0.4214348334138485,0.1075080848923031,0.04897235847896872,0.3542696648288294,0.6266821989026794,0.04961528663119104,0.5588748859091489,0.820063726891986,0.02063668104454881,0.3026624885236942,0.8267411831967396,0.7314811259259268,0.038461472600980116,0.9847763984425145,1.0
2021-05-01 18:45:23.680,0.9334506011610718,0.4518776327884694,0.5956870019267829,0.040192639480342074,0.39404999443456,0.631961220375176,0.04476966289566031,0.5113654401194363,0.7978821071123866,0.01221543328325082,0.24119028842150653,0.9131556351996061,0.7499998814814818,0.03511703394816668,0.9866793480282563,1.0
2021-05-01 18:45:23.700,0.5450569346670062,0.3908884690446652,0.5984751534657453,0.02751514117074161,0.42953081953552763,0.6412324217357114,0.027048144824582135,0.47004729230945486,0.766564192718406,0.0,0.0,0.9045571828907585,0.7592590222222229,0.026755851697408357,0.9885822976139982,1.0
2021-05-01 18:45:23.720,0.5735488869704929,0.40672633507504774,0.12876585024034531,0.013455307492743,0.46036179270222555,0.6510890349748177,0.006429138648153179,0.41706068432281934,0.7196300575816835,0.012400515651630997,0.1472200486766247,0.892519345435613,0.7314811259259268,0.028427985405089375,0.9895337748426445,1.0
2021-05-01 18:45:23.740,1.0,0.5195779432872877,0.4074865062040063,0.0,0.49278954741355185,0.6595876338849794,0.005482401202244744,0.35977917193214143,0.6772878360261202,0.010734775851129799,0.13860611003334386,0.9157351708922603,0.7407407407407407,0.030100290350221794,0.9914367195568354,1.0
2021-05-01 18:45:23.760,0.5912036527014303,0.4722327097633162,0.641519922394996,1.0,0.5444997468567949,0.6721029637605122,0.002741200601122417,0.3367949143422355,0.6518841260039668,0.007588375588666814,0.15583398731990553,0.926913158893762,0.72222245925926,0.023411241807143518,0.9933396740141281,1.0
2021-05-01 18:45:23.780,0.73196111380554,0.5179004748803162,0.544877885615874,0.9852783713919294,0.5733126386702481,0.6833175492626362,0.0,0.3138106567523298,0.6264804159818135,0.01610216301923451,0.16209867009775716,0.9097162613139989,0.6388887703703706,0.0217391080994625,0.9923881967854818,1.0
2021-05-01 18:45:23.800,0.8727185749096494,0.5635682399973163,0.4482358488367521,0.970556742783859,0.6021255304837012,0.6945321347647602,0.0001704764593001402,0.2725471774225942,0.5733824685112392,0.02498611670148294,0.12842600072764832,0.8916594973895556,0.6481483851851859,0.011705620903571759,1.0,1.0
2021-05-01 18:45:23.820,0.7708125480857836,0.5810732053771572,0.4703829212064781,0.9473105643544041,0.6393714288412519,0.7131439280372014,0.002963511222321578,0.25018669156936596,0.5374188435758235,0.02146955321717999,0.08535630430642255,0.906276873352528,0.6851849481481488,0.0058528104517858795,0.9999999951284491,1.0
2021-05-01 18:45:23.840,0.742100337809601,0.5946846058997517,0.46026157355068326,0.9308047582081092,0.6593681042262871,0.7265369087987983,0.007588391824953702,0.23174202220039516,0.5011351996770569,0.01351100986191205,0.08457322218003678,0.929492701624348,0.6296291555555554,0.006688877305625901,0.9990485178998026,1.0
2021-05-01 18:45:23.860,0.7053225372152163,0.6526481353890503,0.4530862416382582,0.913417783569705,0.6747557917972961,0.7409178331010781,0.01316473527724885,0.2178792022230362,0.46387173711967916,0.01480658644057328,0.11667972075953809,0.9312123780102541,0.6481483851851859,0.0,0.9933396740141281,1.0
2021-05-01 18:45:23.880,0.6760174711647317,0.6853733225970898,0.47142584963194367,0.8957412785071693,0.6859505068405395,0.7560104876526268,0.020583150200149364,0.20797730499602166,0.4260733792400728,0.03831204813380782,0.1738449502581567,0.9183147065849145,0.6574070518518528,0.010033487195890742,0.9961940959569654,1.0
2021-05-01 18:45:23.900,0.6491107497479797,0.6472539303891933,0.5054196663504282,0.8788366473106082,0.6939899270090509,0.7711434637976283,0.030943202874485064,0.2009600988264261,0.3891944350661067,0.06681473347032303,0.21378230182924934,0.8916594973895556,0.6296291555555554,0.006688877305625901,0.9914367195568354,1.0
2021-05-01 18:45:23.920,0.6279828112276012,0.6295458579287385,0.5625166976886253,0.8629966141700581,0.6997680565585832,0.785941572726674,0.04457295968089262,0.1959686005887905,0.35405690544984014,0.08532297485310175,0.2169146463589003,0.8770421284645147,0.6203704888888886,0.018394669446649064,0.9980970455427073,1.0
2021-05-01 18:45:23.940,0.613796979239788,0.666805785396261,0.6052175809561048,0.8477978072592518,0.7028184882528513,0.800432847173673,0.060553694061956174,0.1933538063929926,0.32041165943103245,0.09587266833585138,0.2216131589871087,0.8839208903115927,0.5833329777777787,0.0217391080994625,0.9923881967854818,1.0
2021-05-01 18:45:23.960,0.618177106765964,0.7072870969098178,0.6322031342644486,0.8330587500162691,0.7029020707117085,0.8147382911805167,0.07849764764354536,0.1932805634239747,0.2877371241492289,0.09513233886233068,0.2216131589871087,0.89939811150545,0.5833329777777787,0.03511703394816668,0.9952426187283191,1.0
2021-05-01 18:45:23.980,0.6398262539930649,0.7341761221291627,0.6531487291077648,0.8185913126712788,0.6999921174538372,0.8290052027980124,0.09853696861006046,0.19577724407304511,0.2554967703819082,0.08088099346721637,0.21299921649804196,0.9140154804304907,0.5555550814814814,0.030100290350221794,0.9914367195568354,1.0
2021-05-01 18:45:24.000,0.6344891294291415,0.7336617874300426,0.6660018604280479,0.8042186595151181,0.6933079740187985,0.8432558489236437,0.1202640692231787,0.20154797297861052,0.2232598561432652,0.0631130876176399,0.18089271855950498,0.9277730041246468,0.5370368000000006,0.028427985405089375,0.9952426187283191,1.0
2021-05-01 18:45:24.020,0.5978113200340656,0.7292712916081275,0.6825324520879293,0.7900873476603693,0.6822135864526202,0.8571540106229928,0.1427808169181158,0.21126718926681073,0.19129321808139124,0.05552470990808455,0.15191856066386877,0.9363714564334943,0.5462964148148145,0.038461472600980116,0.9980970455427073,1.0
2021-05-01 18:45:24.040,0.5637261185512241,0.7328317172030944,0.7124005054358548,0.7766373819530773,0.6674976251443893,0.8703525598645118,0.16601127899332774,0.2243838647350915,0.16027613827600642,0.06829539287184055,0.17345340823351735,0.9531384349167812,0.5555550814814814,0.03344472900303426,0.9885822976139982,1.0
2021-05-01 18:45:24.060,0.5448824440248843,0.7126456370286236,0.7318831221391116,0.7643069301173071,0.6508577268548736,0.8827241771084348,0.19055357839916096,0.23952815608886135,0.13088589965839395,0.0905052781379059,0.24902114173358003,0.9759243370541929,0.5462964148148145,0.045150521144057425,0.9990485178998026,1.0
2021-05-01 18:45:24.080,0.546030507094335,0.6919417058991545,0.7461284648871335,0.7531826760471246,0.6332959397179561,0.8944902693517779,0.21723235161481608,0.25588081052909684,0.10305560525833163,0.10822691604649803,0.2832811265763123,0.9769991418333159,0.5092589037037046,0.04849495979687086,0.9933396740141281,1.0
2021-05-01 18:45:24.100,0.5470595607346451,0.6584193419120132,0.7567026483436977,0.743237571654293,0.6155982383744769,0.9057192638361775,0.2618798727635848,0.2811483441658069,0.06502440140715218,0.12594855395509014,0.3175411114190446,0.978073946612439,0.49074062222222253,0.0518393984496843,0.9990485178998026,1.0
2021-05-01 18:45:24.120,0.5353853277654681,0.6307017794147113,0.7773546591732462,0.7343349915902915,0.5982698973304119,0.9164310717671922,0.31062214232546026,0.30438584891697595,0.032112445518548714,0.21006847296229553,0.37274863047398427,0.9518486635514881,0.4259261629629637,0.07190637284146578,0.9961940959569654,1.0
2021-05-01 18:45:24.140,0.5118902339334953,0.5962718923032836,0.8110529314728103,0.7265236450246771,0.5833096784099062,0.9265076841969503,0.34616334656417497,0.3129472516639842,0.01607048376536261,0.29668703045374006,0.43382929912744367,0.9079965638142976,0.39814826666666636,0.09531761464861027,0.9961940959569654,1.0
2021-05-01 18:45:24.160,0.5099937061657913,0.5585212566047096,0.8204735472499447,0.719957816287717,0.5747748110927833,0.935935247413415,0.3848991174469945,0.3126655142672243,0.005620338864352157,0.38478625598174837,0.5238840801680732,0.8667239856938977,0.3425924740740744,0.13712369713985523,0.9923881967854818,1.0
2021-05-01 18:45:24.180,0.5080971783980872,0.5207706209061358,0.829894163027079,0.7117502759957812,0.5795242559483789,0.9495869728890428,0.4268741602500025,0.3037009384929363,0.0005842852777369775,0.4443827998090503,0.5324980380402835,0.8460877001526638,0.3240741925925923,0.18561865693672608,0.9914367195568354,1.0
2021-05-01 18:45:24.200,0.46843916137610336,0.5059717132197654,0.8235814787610026,0.703988591076813,0.5983609679788424,0.9629496213127076,0.46887104084123643,0.2894819372614017,0.0,0.463631347941544,0.5090054716944199,0.8297506407658535,0.2407405037037043,0.22742456819051965,0.9790675496852891,1.0
2021-05-01 18:45:24.220,0.42195349925693476,0.5451496543401386,0.8243009652415897,0.6982443911217434,0.6135417675693525,0.9715922623709091,0.48928422433437857,0.28209618742108555,0.0007840355952725755,0.4510457529513736,0.49177760081750127,0.7910576053760396,0.2407405037037043,0.2742473942797095,0.9762131228709009,1.0
2021-05-01 18:45:24.240,0.410834272407827,0.5548221554207703,0.8365827327442985,0.6916504515921396,0.6272070716959558,0.9805563992889961,0.5096974078275207,0.2747104375807694,0.0015680711905450956,0.42069224756686546,0.5160532268559997,0.741186581984724,0.23148136296296326,0.3210702203689003,0.9619410034136127,1.0
2021-05-01 18:45:24.260,0.40520129115028164,0.5432416091860954,0.838880968006081,0.6841366933502981,0.6375065843731148,0.99015460995028,0.5721774863893206,0.2567845856694738,0.0046581120911353795,0.4001481092214272,0.5356303280879677,0.7188306017589614,0.17592604444444415,0.38795976399369503,0.9552806798635163,1.0
2021-05-01 18:45:24.280,0.3827663684325147,0.48582989803000853,0.830977023589082,0.6761698075587874,0.6455976801812918,1.0,0.6363162581318935,0.2443925733981811,0.007751586311867961,0.3920044728933363,0.49256066691977923,0.6887360299386859,0.12962986666666743,0.44481599166005137,0.9438629847848409,1.0
2021-05-01 18:45:24.300,0.32758197491118285,0.4289052402774345,0.8392151690529233,0.6679352983161773,0.6529968672728883,0.0,0.6772842277803041,0.23756670129781896,0.011209262538975667,0.40218399557964407,0.44009395613853,0.6663800468977507,0.08333321481481512,0.4916388177492412,0.9352997092132272,1.0
2021-05-01 18:45:24.320,0.28209824372072045,0.3847086579993355,0.847726952920212,0.6594678052639961,0.6614739685561595,0.009300860643631684,0.7162008143262293,0.22982821013130836,0.016715736861900723,0.44271703879966373,0.45732183983473473,0.6723989635139439,0.09259235555555616,0.5317724240579024,0.9200761125272926,1.0
2021-05-01 18:45:24.340,0.275521830373642,0.3563952460237847,0.8508470284473999,0.6506593423722278,0.6738351723763171,0.01888776959246503,0.7548164712567784,0.2187002170732603,0.025835020088958407,0.5263742753671846,0.5121378322481787,0.7188306017589614,0.01851828148148208,0.5903008710506649,0.8972407174983908,1.0
2021-05-01 18:45:24.360,0.24800734467223617,0.3056512264161373,0.8555074594127643,0.6414262781956358,0.6949798799338704,0.028951509848488842,0.7921504600364065,0.20010403374754093,0.04148015708588232,0.6666666136444531,0.5646045238004984,0.7704213184272192,0.0,0.6538460616413724,0.8829685960924822,1.0
2021-05-01 18:45:24.380,0.2102873010767343,0.1897231584626391,0.8703367702093844,0.6309655304053085,0.7315641503871537,0.04019203039695116,0.8271275519977541,0.16926645424679304,0.0680623744246085,0.8230612376495074,0.5442443115987504,0.7067927797872656,0.0,0.7290968731356521,0.8439581290976198,1.0
2021-05-01 18:45:24.400,0.17330087114772805,0.0969440709493136,0.8802694062765342,0.6169091448639503,0.783044041645556,0.0541599654476082,0.8603315827539032,0.12884758105151023,0.10690454339387609,0.8724782436412977,0.6147219914074119,0.7626827106454632,0.0,0.7909697587812275,0.7992388143198421,1.0
2021-05-01 18:45:24.420,0.1525833657135401,0.16789165241244233,0.8215286961864783,0.5994154617018924,0.8346280116074192,0.07083257135580139,0.890461195481374,0.09198019500241306,0.1498143399538259,0.8212104594133173,0.6037587711319364,0.8907996521586707,0.01851828148148208,0.8411370235232308,0.7592768700963334,1.0
2021-05-01 18:45:24.440,0.14308512143671426,0.2601687640865942,0.8327191904629668,0.580221646505878,0.8787042371236993,0.08881774636954921,0.9146763460606976,0.06347076773780698,0.19077122924905657,0.7301499129613854,0.4671104032700051,0.991831470306595,0.0,0.8762540574713981,0.7193149336673061,1.0
2021-05-01 18:45:24.460,0.09306629324548421,0.22089196421166893,0.8806889778088185,0.559716708442114,0.9164807271995927,0.10779194742050753,0.9324524076271116,0.04129742967930326,0.22951865596629714,0.6678234522991982,0.40074392465500386,0.9959157351532975,0.04629617777777808,0.9280936271585337,0.6860133134810488,1.0
2021-05-01 18:45:24.480,0.03493883763869921,0.12486057038632942,0.908001338483518,0.5377430719056467,0.9490437257462233,0.1275895188872227,0.9439199583279538,0.02389824028166548,0.26597189842984903,0.6054969916370109,0.33437744604000263,1.0,0.11111063703703689,0.9498325640205453,0.6508087485806006,1.0
2021-05-01 18:45:24.500,0.048861791276271174,0.11776548486446929,0.9168407590646057,0.5147885445043577,0.973547007564794,0.14799259852814686,0.9578927988175459,0.008676979837867343,0.31204911907710375,0.5519156361439673,0.4267815119176481,0.9131556351996061,0.11111063703703689,0.963210661106701,0.6241674543802151,1.0
2021-05-01 18:45:24.520,0.11046959731193882,0.2551878657352682,0.9263665882919694,0.49212162109282837,0.9873868934825938,0.16826684986471455,0.9686806203234783,0.004781556009862569,0.3404815957898183,0.5911531345986539,0.47376664460937534,0.8546861524615111,0.12037025185185216,0.9765884157179536,0.5927687789081487,1.0
2021-05-01 18:45:24.540,0.07721327308053487,0.2601336621529128,0.9501063546479659,0.46798551957844214,0.9953958331537371,0.19049970199094948,0.9794684418294106,0.0008861321818577954,0.36891407250253283,0.6744401246237137,0.4761158941933543,0.8159931177754906,0.13888853333333423,0.9849497692061634,0.5432920994219632,1.0
2021-05-01 18:45:24.560,0.037205814945553875,0.1520091836289241,0.9560697256695843,0.422791232129025,1.0,0.23237815400857578,0.9921940815791155,0.0,0.4225436473705797,0.7262632029193667,0.4800313144397479,0.8237317241496601,0.17592604444444415,1.0,0.5109419515928013,1.0
2021-05-01 18:45:24.580,0.016520950168005998,0.1694913496402933,0.9549321214163233,0.3690203463661734,0.990831888582897,0.2817989314300988,0.9966539553645497,0.003941046363870212,0.46435622639747626,0.6946141679187294,0.4980422578285875,0.820292342522328,0.17592604444444415,0.9866219029138444,0.46336820707770493,1.0
2021-05-01 18:45:24.600,0.03705306558166052,0.28682552155157615,0.9354242258045177,0.3370468436569767,0.9732666640103848,0.31073562005022504,0.9978268342201382,0.007971598194782511,0.483977520631274,0.6579677892931168,0.45340641958834116,0.7962166767613481,0.19444432592592623,0.9816053305533504,0.43006659663454944,1.0
2021-05-01 18:45:24.620,0.05865439061844734,0.35997021298234666,0.9566678876207529,0.3101128604798984,0.949104701004178,0.3347332696305627,0.9989997130757268,0.01200215002569481,0.5035988148650719,0.7055340170487171,0.4612372793100578,0.7558039509097647,0.16666642962963024,0.9882942078589768,0.39771643906228565,1.0
2021-05-01 18:45:24.640,0.0475777625924122,0.34798235267389116,0.9685483520055105,0.28442887770910663,0.9165073994176921,0.35727998966187774,1.0,0.032574995654411486,0.5609330416894469,0.8530446176851852,0.6374314531931387,0.6895958751695707,0.14351834074074118,0.9339463519915939,0.3192197796114252,1.0
2021-05-01 18:45:24.660,0.09926934001476007,0.3165755492323479,0.9543259506230513,0.25836971223476746,0.8675332132859442,0.3803735106593517,0.997104311320243,0.07043030881778932,0.6317086051171495,0.9718675345433472,0.8018793727466819,0.5460017145738855,0.12962986666666743,0.8595316929698804,0.23120836736030473,1.0
2021-05-01 18:45:24.680,0.14304439066795077,0.26010120174150453,0.9167216048566814,0.23514870237644586,0.8031134309171534,0.40069611257268395,0.9925805859626055,0.11406329808223092,0.6882628877711593,1.0,0.8222396362255749,0.3877901780152277,0.12500005925926047,0.81187280002685,0.19624166324180406,1.0
2021-05-01 18:45:24.700,0.08635940348973671,0.31329082321435076,0.9069719407673011,0.21605939398405016,0.7309290235423667,0.41691926087473624,0.9846749905783757,0.16978706742543706,0.7443604705523574,0.985563566176824,0.8128426507089455,0.35941525724430406,0.12037025185185216,0.7642139070838192,0.16127495912330325,1.0
2021-05-01 18:45:24.720,0.0,0.4538894421338366,0.91361586768297,0.19979960956070497,0.6560814023219562,0.43065094806924825,0.9695819082549556,0.23474108946027555,0.797709398071306,0.9629835263239649,0.8512137870706037,0.2889079764634813,0.16666642962963024,0.6354513921947228,0.10180781501606483,1.0
2021-05-01 18:45:24.740,0.05642492527908499,0.4835811138241951,0.9106755922620566,0.18678754024869287,0.5802129483092474,0.4417881014169122,0.9510128964118653,0.307483018658037,0.8460856859854355,0.9307792578524705,0.9710258491549713,0.1779879205655532,0.1574072888888892,0.5585282757553107,0.07897241998716298,1.0
2021-05-01 18:45:24.760,0.1286352830812498,0.4302676855015187,0.8891364280101692,0.1763623365291766,0.5068690553976999,0.45125303039434317,0.9281032622347315,0.38382413384021963,0.8881297891866932,0.831204904276006,1.0,0.19432500810409034,0.18518471111111096,0.49832769505486807,0.05328258840077096,1.0
2021-05-01 18:45:24.780,0.11213672082565646,0.5454148545156275,0.8594117076747727,0.16768490848242606,0.4418320607862252,0.4599882725803658,0.8985591306007447,0.45597033260655806,0.92231476803235,0.6102165897583246,0.8472983924627826,0.3190025595444476,0.2407405037037043,0.45819391750875554,0.04281635350031363,1.0
2021-05-01 18:45:24.800,0.06282986561023308,0.7764868133973974,0.8304467855848668,0.16076312464320092,0.3953814658567986,0.4677116889966163,0.865542240106349,0.5097964289228848,0.9455142647932949,0.40421989708706485,0.6906812621248816,0.4067067660567606,0.2129626074074083,0.41973244490777445,0.033301629929359304,1.0
2021-05-01 18:45:24.820,0.10686929624193674,0.8445290061641828,0.8256292019959129,0.15521741865227404,0.36942725816327115,0.4740412607293003,0.8345318671722342,0.5406313709584597,0.9586764842652739,0.34684434774000655,0.69616285303369,0.4514187110248359,0.2500001185185182,0.37123731387345216,0.02664124548487607,1.0
2021-05-01 18:45:24.840,0.1624425468221885,0.6876203226927778,0.875857720838662,0.14951004592706033,0.35338547366722256,0.48013625882974326,0.8025294041307155,0.559944675453098,0.9673270230606118,0.3616509675088284,0.7204384790721882,0.4015477157852472,0.3148145777777784,0.3411370235232304,0.029495682042366116,1.0
