2021-04-12 01:41:32.740,0.7812097347142043,0.6956793926763363,0.14380331066485622,0.8618582089924266,0.7833145247484067,0.40998990665743723,0.7760395559276212,0.21952064505768337,0.6474646666773132,0.3592493470158411,0.6321243485960174,0.3826290957282356,0.6363625079902998,0.5975608842356563,0.3111111717925821,5.0
2021-04-12 01:41:32.760,0.08132065057376041,0.23800065283340033,0.7310914199499169,0.910233260714589,0.7702871307105389,0.23670973715601262,0.7807518347714756,0.21227752797008492,0.6165835831154753,0.3324396953452065,0.18998273760803733,0.41862283479469536,0.272728119007284,0.6463407019638288,0.4444445961481219,5.0
2021-04-12 01:41:32.780,0.9223268138849843,0.7343038899713269,0.2956155294148321,0.8353993947884005,0.7959931488463077,0.4348423297547881,0.7854641136153248,0.2050344108824861,0.5857024995536375,0.3114388015365428,0.31865285133405136,0.4068857456484445,0.36363749200971784,0.6341463719214467,0.4222222070518545,5.0
2021-04-12 01:41:32.800,0.4760980279735552,0.47351944803879004,0.5029415798687926,0.8534002024019034,0.7869006294862287,0.33741515892148827,0.7996142616690279,0.18679727277157535,0.518732186231243,0.29043790772787903,0.44732296506006536,0.3951486565021936,0.39394165068607884,0.7073185960723425,0.4222222070518545,5.0
2021-04-12 01:41:32.820,0.0,0.07919456537213033,0.5154519631891065,0.8217851249557547,0.8061306391781503,0.42096745939723684,0.7984206618488787,0.19423644701505746,0.5835345369851253,0.142984823539389,0.7616580378267919,0.3763693150210252,0.4545468650121341,0.6463407019638288,0.5111110807703756,5.0
2021-04-12 01:41:32.840,1.0,1.0,0.432744570485994,0.7987357359004126,0.8164486731814121,0.4456217693657333,0.8173777484595609,0.16648876862941545,0.4535055705022507,0.16443254487589665,0.09326426020441665,0.41079810891068236,0.42424270633575545,0.6829274384289342,0.5333332423111269,5.0
2021-04-12 01:41:32.860,0.010746250587278702,0.047173462015514665,0.5670323462453836,0.7756863468450732,0.8267667071846739,0.47027607933422977,0.8198152360724544,0.17378157969532215,0.5510466949715773,0.22341377416249128,0.8877374674484435,0.38419404103313076,0.6363625079902998,0.7317072561571066,0.6666666666666666,5.0
2021-04-12 01:41:32.880,0.8288150120033184,0.8406300853489347,0.35812763615365245,0.7171528134362966,0.8379887983931675,0.6300136524275461,0.8152834023067402,0.15905834346973274,0.3467455586255753,0.09830207075499806,0.3454231406526793,0.3951486571426564,0.500001551513351,0.6768296490180892,0.6444443913481573,5.0
2021-04-12 01:41:32.900,0.012211171989526403,0.09112184068570009,0.6430141175594581,0.7276378302117263,0.8316437292972236,0.558701267645973,0.8147006534478335,0.16532546755267344,0.41622687043353707,0.2305630175338614,1.0,0.3685445884965494,0.6060614523406231,0.6097564630573605,0.6666666666666666,5.0
2021-04-12 01:41:32.920,0.958580503727622,0.7839917887964654,0.2816886010338081,0.6323314605341229,0.8605078224210738,0.868027460565059,0.8230277500865263,0.13684957103323883,0.11495947042268041,0.08400358401225774,0.5716753030460825,0.38575898608184084,0.30302917465696055,0.6463407019638288,0.5555556314073943,5.0
2021-04-12 01:41:32.940,0.7630261740347897,0.6654280663347105,0.3836884109422198,0.6250798889282176,0.8614462954614995,0.8634113397019939,0.8227886357070251,0.13674617648684512,0.1081567138804362,0.15549599431901845,0.2141623569589425,0.365414698783407,0.36363555261802244,0.6448165668059462,0.5388889533629518,5.0
2021-04-12 01:41:32.960,0.5674718443419572,0.5468643438729558,0.4856882208506315,0.6178283173223125,0.8623847685019254,0.8587952188389248,0.8225495213275291,0.1366427819404518,0.1013539573381919,0.21447722836014796,0.32512953897633395,0.3615023352009377,0.4242419305790843,0.6432924316480637,0.5222222753185093,5.0
2021-04-12 01:41:32.980,0.37191751464912487,0.42830062141120095,0.5876880307590432,0.6105767457164072,0.8633232415423511,0.8541790979758597,0.8223104069480279,0.13653938739405808,0.09455120079594768,0.2734584624012774,0.43609672099372543,0.3575899716184684,0.48484830854015504,0.6417682964901813,0.5055555972740668,5.0
2021-04-12 01:41:33.000,0.4080280045701056,0.49055853896657586,0.3402182632205809,0.5807209695350256,0.8708389101936812,0.8869962713023726,0.8369161048711309,0.12790355108140267,0.14604775500660225,0.3217158376028203,0.5561312592074584,0.3575899716184684,0.545454686501217,0.6402441613322988,0.48888891922962435,5.0
2021-04-12 01:41:33.020,0.3915664322471578,0.3655402696295108,0.4487270344817377,0.5699478042384749,0.8749298945643698,0.9309437414324757,0.8367652409533402,0.12263402696941843,0.05351220602118468,0.30026811480337884,0.5215889486763503,0.3591549155143455,0.5606067658394063,0.6036586736465084,0.48888891922962435,5.0
2021-04-12 01:41:33.040,0.466699743356679,0.5187966880691345,0.49587794142520303,0.5694791889965163,0.8783264184058412,0.9416337868386128,0.8403386451236924,0.11929204049239459,0.0430546382197876,0.28239501222668867,0.5215889486763503,0.3607198632529992,0.42424270633575545,0.6463407019638288,0.6222223435851642,5.0
2021-04-12 01:41:33.060,0.4607414785637,0.5488643641469714,0.4943160315372329,0.5674003320188856,0.8805331079070091,0.9547356684267451,0.8422850854747604,0.11711507220201811,0.030291436726457874,0.2841823238009981,0.5146804831773353,0.36697964396020966,0.3333333333333392,0.658536280785533,0.5999999544888968,5.0
2021-04-12 01:41:33.080,0.46453574424263694,0.5552836729275125,0.4989564750656142,0.5667033914781833,0.8819671481476966,0.9633564395803601,0.8435482010217367,0.11570401669619501,0.021895179664413206,0.3065236994617267,0.5103626947143627,0.3724569518868799,0.5757572936642446,0.658536280785533,0.7111109897481692,5.0
2021-04-12 01:41:33.100,0.45406548495448973,0.43056093681706564,0.4810899230062782,0.5250066054808042,0.7932643085712919,0.3969714411235615,0.786196247333998,0.20323712829885418,0.5750709208730848,0.325290454899704,0.5025906735018827,0.3748043698442226,0.42424270633575545,0.5731709753715772,0.6888888282074179,5.0
2021-04-12 01:41:33.120,0.45726125203482093,0.5232393920537246,0.501147369958407,0.2541998394743559,0.8848194302210418,0.9738963360888441,0.8464974427086909,0.1128972779065518,0.011602194817514178,0.3395889357907091,0.5129533689230774,0.3826290957282356,0.5757572936642446,0.6707318596072371,0.8666665756444603,5.0
2021-04-12 01:41:33.140,0.46033024071554257,0.5546021403073725,0.5015873025263436,0.2574681815235978,0.8849468885637869,0.9752448956326112,0.8462548771938135,0.11301506346928783,0.010142665079217184,0.3592493470158411,0.50431778973527,0.3951486571426564,0.545456238014568,0.6707318596072371,0.6222223435851642,5.0
2021-04-12 01:41:33.160,0.4635738932129782,0.525372365559891,0.5042769864138279,0.26275954554292263,0.8844493725956797,0.9755674377090628,0.8448142746847405,0.11422378619136157,0.01184976358621458,0.3592493470158411,0.4749568228151339,0.4139279992642876,0.6666666666666607,0.7195116773354024,0.5111110807703756,5.0
2021-04-12 01:41:33.180,0.45360376012357206,0.48213796519350444,0.5037738631320678,0.26885254074210757,0.8834728167637708,0.9736738932775011,0.8414538548689108,0.11725554814563538,0.020153782585013612,0.3378016256793335,0.45423143480007233,0.4154929444410902,0.6363625079902998,0.6341463719214467,0.6666666666666666,5.0
2021-04-12 01:41:33.200,0.4533440842896363,0.48024861156446763,0.5041516671533114,0.27499638568031565,0.8803903866954906,0.9651904805598915,0.8381969691143146,0.12035566742753702,0.031150808371759535,0.31814121445420146,0.4473229693010572,0.39671360360038455,0.545456238014568,0.7317072561571066,0.844444414103709,5.0
2021-04-12 01:41:33.220,0.4530844084557006,0.4783592579354308,0.5045294711745549,0.28107392654705515,0.8768589069617018,0.9475910833799073,0.8380342727323821,0.12111888189652657,0.04347947204926933,0.3109919769345665,0.44559585646046335,0.3779342600697353,0.727274984019418,0.7073185960723425,0.7111109897481692,5.0
2021-04-12 01:41:33.240,0.46687690628278283,0.4434136466494343,0.5036930043680926,0.28487419674861003,0.8794431516378056,0.9296541292337119,0.842518776641534,0.11819210894784293,0.05464134848668801,0.3217158376028203,0.4525043163048226,0.3560250277225914,0.727274984019418,0.658536280785533,0.5333332423111269,5.0
2021-04-12 01:41:33.260,0.4689300383911542,0.4672440384074183,0.5011491577841566,0.28730601073826884,0.884457004030066,0.9202625937387897,0.8494555587437488,0.11324961250553142,0.06361047536290464,0.3378016256793335,0.45768566613591594,0.341940521131368,0.6969708253430482,0.7073173472930204,0.6555554721185329,5.0
2021-04-12 01:41:33.280,0.4678282010551284,0.4569599459554835,0.5005991560552143,0.29083657791227097,0.8912900832723375,0.9111407701526241,0.858693755121236,0.10652295710528584,0.07225987262028866,0.3592493470158411,0.45768566613591594,0.334115795247355,0.7575760396690947,0.7073185960723425,0.5999999544888968,5.0
2021-04-12 01:41:33.300,0.4600181398925877,0.4351331167750348,0.5010507042981726,0.29611896844823626,0.8991445697591423,0.9002288380421711,0.8693725540078068,0.0987955536992595,0.08261175062565407,0.3753351526475599,0.4559585504679941,0.3215962299901576,0.6060614523406231,0.7439028349788107,0.4666667576888731,5.0
2021-04-12 01:41:33.320,0.45856381233990534,0.4560152525105285,0.5018341984120908,0.3030514828681241,0.9078134775683353,0.8872520805354197,0.8812789710489228,0.09026765000917407,0.09492364983021409,0.35388741668171414,0.44905008779630695,0.3137715053870701,0.6060614523406231,0.7317072561571066,0.6222223435851642,5.0
2021-04-12 01:41:33.340,0.4644764860195858,0.46004215354128036,0.5015683628198088,0.30817933007961523,0.9176861437384679,0.8744977658400113,0.8947531895886189,0.08055714819770461,0.1069803509250906,0.3288650751224552,0.44214162512461974,0.30438183304532895,0.6969708253430394,0.792682652706976,0.4666667576888731,5.0
2021-04-12 01:41:33.360,0.4532994104700678,0.532641633660481,0.49509898277432157,0.31008270560493845,0.926430294813021,0.8662367959337446,0.9065146589440152,0.07196309489272609,0.11470621311026455,0.3109919769345665,0.4438687407925415,0.30125194653450044,0.6363625079902998,0.8170738103503844,0.5333332423111269,5.0
2021-04-12 01:41:33.380,0.45186313618202384,0.5508007434529478,0.49101565250668455,0.3095363201738866,0.9351000059310968,0.8623065095108208,0.917918196259169,0.0634403425323545,0.11824244611796751,0.29311887289494254,0.4507772034642287,0.29342722065048743,0.8787895713478895,0.7804870738852789,0.5555556314073943,5.0
2021-04-12 01:41:33.400,0.4518867984459587,0.5238561844148694,0.49436845881201,0.308256103214999,0.9454364490962572,0.8593160439658211,0.9314249540752475,0.05329312243516919,0.12081390211152297,0.2627346008552633,0.4473229693010572,0.2887323787154519,0.6060614523406231,0.8414624704351484,0.4666667576888731,5.0
2021-04-12 01:41:33.420,0.46033472825721355,0.5488678862206593,0.4982263905750219,0.3056378401822628,0.956190612880495,0.8555623215243979,0.9455854555350788,0.04273592190649498,0.12410475811295715,0.29311887289494254,0.4525043163048226,0.2887323787154519,0.6363625079902998,0.8902435369426359,0.5333332423111269,5.0
2021-04-12 01:41:33.440,0.46214042369195274,0.5547163179832652,0.4919897319609178,0.303733467603233,0.966764166050908,0.8545168403110877,0.959367318142422,0.03236057149342438,0.1247816948151007,0.28954425267219125,0.45768566613591594,0.2902973302968822,0.7878770953187713,0.9268290246284263,0.8222222525629577,5.0
2021-04-12 01:41:33.460,0.458836339590545,0.5415374681039302,0.4865703353054322,0.2999426694118867,0.9773622201422466,0.8583692717500442,0.9728681597264347,0.021971647735393587,0.12072854049376872,0.25201074033330284,0.4628670131396813,0.2902973302968822,0.6060614523406231,0.8902435369426359,0.6666666666666666,5.0
2021-04-12 01:41:33.480,0.46579189795527015,0.7064208653098806,0.4833921505136505,0.18361741055181932,0.9758791780597063,0.7586606718329018,0.9787400200560318,0.02342334150895691,0.21699278767109875,0.2627346008552633,0.4697754758113685,0.29968700135769777,0.7878770953187713,0.9268290246284263,0.6222223435851642,5.0
2021-04-12 01:41:33.500,0.45567739259711765,0.6391452586128052,0.48866967613099616,0.12885922100194075,0.9909066773310379,0.8740278554010531,0.9894365676387995,0.008696752830696455,0.10519905038462794,0.3109919769345665,0.48877374858260747,0.3200312886561316,0.8181812539951498,0.9756088423565987,0.5555556314073943,5.0
2021-04-12 01:41:33.520,0.46178589399669373,0.564661267971523,0.49321043923198726,0.12837265879326595,0.9973395748648397,0.8793984590274248,0.9991007327253423,0.0010866035010067263,0.09786645061131474,0.3413762459020847,0.5069084638026183,0.3528951367285234,0.9090906269975662,0.9756088423565987,0.4444445961481219,5.0
2021-04-12 01:41:33.540,0.4660217916349699,0.6140621859602645,0.49677726981122045,0.131028809866845,1.0,0.8833718437450482,1.0,0.0,0.09011801829239903,0.35746203690446543,0.5198618308879326,0.38106415055143295,0.8484854126715285,0.9268290246284263,0.6888888282074179,5.0
2021-04-12 01:41:33.560,0.4593913889251621,0.6111931558609636,0.4967040839052928,0.13445269229427056,0.9997833743712596,0.8893861412567479,0.9973169887562017,0.001634770396239586,0.08331400134733159,0.3588025213166644,0.5202936103350371,0.3865414586702421,0.6666666666666607,0.9146334458067221,0.6666666666666666,5.0
2021-04-12 01:41:33.580,0.45974438872805673,0.5869412755564791,0.4961354024740114,0.13837709568226067,0.9981116885860648,0.8964945793467427,0.994386974823474,0.0036088539746835626,0.07933536276591992,0.36014300572886343,0.5207253897821414,0.3920187667890512,0.5151520793381893,0.8780492069002539,0.6888888282074179,5.0
2021-04-12 01:41:33.600,0.4535563323907998,0.5726401708637476,0.4987780624456391,0.14552946044438755,0.9940829606537968,0.9048709414613908,0.9914569608907465,0.005582937553127538,0.07535672418450816,0.36282397601619515,0.5181347159268428,0.39201876730142143,0.727274984019418,0.8902435369426359,0.7111109897481692,5.0
2021-04-12 01:41:33.620,0.462728110908587,0.5650170655831708,0.5025072118049306,0.15395805395057843,0.9898757642647236,0.9100024190655713,0.9855969330252967,0.009705268714616707,0.07053390153296456,0.344950866124836,0.5129533689230774,0.38419404103313076,0.727274984019418,0.9390246034501305,0.9111111262814788,5.0
2021-04-12 01:41:33.640,0.4587084393055175,0.5586159068436505,0.5005138097193512,0.15797019806471943,0.9884597984739001,0.9138773728391749,0.9834863172342823,0.011090076969042267,0.06683534425723901,0.30920466389732326,0.5146804831773353,0.3826290957282356,0.727274984019418,0.9634145123142167,0.5333332423111269,5.0
2021-04-12 01:41:33.660,0.4636420759864009,0.5700559771124291,0.5022877714895098,0.15963727186164875,0.9872899129708539,0.9197937955138855,0.9815591046374409,0.012238414659474003,0.06116128959721032,0.29311887289494254,0.5077720205056481,0.3826290957282356,0.727274984019418,0.9634145123142167,0.7777777019259391,5.0
2021-04-12 01:41:33.680,0.4642014091265859,0.5559519352829185,0.5032413853655475,0.16020359836682718,0.9865417646313,0.9248490864551797,0.9802486592339076,0.012967123396096021,0.056306050611993994,0.3074173523230138,0.49740932692221645,0.38575898608184084,0.7878770953187713,0.9512176847131903,0.9333332878222301,5.0
2021-04-12 01:41:33.700,0.4539873583084919,0.5120531326402725,0.5067981043943084,0.16271218549187264,0.9859797161829382,0.9244500796623321,0.979535753269461,0.013522976402330555,0.056705938504182145,0.3217158376028203,0.49568221139566104,0.3904538216122486,0.5909109245157761,0.9268290246284263,0.844444414103709,5.0
2021-04-12 01:41:33.720,0.46324368880631067,0.5195819684824395,0.5056959083835141,0.1660692653209777,0.9850512249991864,0.9230820563725702,0.9784175854082046,0.014429446897639732,0.058052065450409675,0.3342270054565822,0.48877374858260747,0.39671360360038455,0.545456238014568,0.9024403645436623,0.8666665756444603,5.0
2021-04-12 01:41:33.740,0.4620409801535368,0.522405893315479,0.5060923330302989,0.1705699657512039,0.983206693919366,0.9189793767708518,0.9762788675148597,0.016236500654300292,0.062063894174749716,0.3592493470158411,0.4835924011547429,0.4014084391307923,0.727274984019418,0.8902435369426359,0.7777777019259391,5.0
2021-04-12 01:41:33.760,0.4608432685431136,0.5059916529125902,0.5071623919811546,0.17729908121501042,0.9810672145947298,0.9111313163331421,0.9740040762838935,0.018333255381994436,0.0697008644988636,0.35746203690446543,0.4749568228151339,0.40453832692254643,0.6666666666666607,1.0,0.6888888282074179,5.0
2021-04-12 01:41:33.780,0.4581509424639619,0.5256197480626607,0.5072483193079104,0.18405711123629742,0.9779448868519355,0.9014745177856948,0.97058449414737,0.02139666121879414,0.07911261026917828,0.31814121445420146,0.4628670131396813,0.40297338302666935,0.727274984019418,0.9756088423565987,0.8222222525629577,5.0
2021-04-12 01:41:33.800,0.45447182778877027,0.5570706708630092,0.5020278738086456,0.18646499593700883,0.9742092327770904,0.8954324149225763,0.9661354876306386,0.025057457768089993,0.08505260434790621,0.28060770211531305,0.45768566613591594,0.3935837119658538,0.8484854126715285,0.8780492069002539,0.5555556314073943,5.0
2021-04-12 01:41:33.820,0.4535523544567566,0.5553771271762865,0.5030589206406654,0.18617585036218134,0.9717287488316871,0.8905219898621713,0.9632454082643834,0.027495017928262335,0.08986631696399948,0.28060770211531305,0.4594127818038377,0.38106415055143295,0.6969708253430394,0.8658536280785568,0.5333332423111269,5.0
2021-04-12 01:41:33.840,0.4576361803662351,0.5254098165647215,0.5057668865461445,0.18646798709812584,0.9716493551370997,0.8842226874984344,0.9635796753763471,0.027570488996922802,0.09595021446771838,0.3109919769345665,0.46632124588918883,0.3794992053746304,0.7575760396690947,0.9024403645436623,0.6222223435851642,5.0
2021-04-12 01:41:33.860,0.4600984089226359,0.4626514045745829,0.5056735988966585,0.18879610750233075,0.9733383120632758,0.8770947856624487,0.9662833934323912,0.025914050309030105,0.10278058275499737,0.3163539043428258,0.4663212444755249,0.3818466231398343,0.6666666666666607,0.9146334458067221,0.5999999544888968,5.0
2021-04-12 01:41:33.880,0.45906388768483164,0.5182891970160537,0.5051817085197746,0.1920275585644421,0.9731697510826925,0.869962713023749,0.9665732888038255,0.026076358078576466,0.1096699111247863,0.30026811334044506,0.46545768699498,0.37910796904840666,0.6969708253430394,0.8780492069002539,0.6222223435851642,5.0
2021-04-12 01:41:33.900,0.45958089291170545,0.5370594127248887,0.5015796113845934,0.19382724050431144,0.972781619007466,0.8648187230114304,0.966435736408201,0.026460091258667103,0.11464922728704405,0.2841823223380643,0.46459412951443513,0.3763693149569789,0.727274984019418,0.9512176847131903,0.6222223435851642,5.0
2021-04-12 01:41:33.920,0.46340208491014917,0.5412118694337744,0.5028665062119847,0.1948402470699114,0.9728877896648153,0.8595593407907263,0.9670702522977167,0.026354488999539356,0.12123647725452942,0.25201074033330284,0.4645941288076031,0.3763693150210252,0.7878770953187713,0.8658536280785568,0.5999999544888968,5.0
2021-04-12 01:41:33.940,0.4708175327696955,0.5779259882796749,0.5040887772643979,0.19407849803829608,0.9728877896648153,0.8564242874183549,0.9671087078061753,0.026424195484949113,0.12292615877915083,0.27167115155843485,0.46632124588918883,0.3794992053746304,0.727274984019418,0.9268290246284263,0.6888888282074179,5.0
2021-04-12 01:41:33.960,0.46774834003202664,0.5710785487193115,0.5010419085666825,0.1910085696766081,0.9728184373312632,0.8562407720989975,0.9661887337192666,0.02713303480696226,0.12322124361888649,0.28105452964315697,0.47020725543518094,0.3873239315788748,0.6363625079902998,0.9024403645436623,0.6222223435851642,5.0
2021-04-12 01:41:33.980,0.4629543838608494,0.5632434146027221,0.4998298259557211,0.18896809926666933,0.9712965017103117,0.8555984684812448,0.964165382351292,0.02869863020419151,0.12397037463318408,0.29043790772787903,0.474093264981173,0.39514865778311914,0.4545468650121341,0.9634145123142167,0.5999999544888968,5.0
2021-04-12 01:41:34.000,0.45858767887468366,0.5964945368660565,0.4980015589204197,0.18807224651155827,0.9662100168065603,0.8564812883887639,0.9585065063762176,0.032899989304858185,0.12290514462942537,0.26988384144705924,0.4732297071472121,0.4139279992642876,0.545456238014568,0.9390246034501305,0.4666667576888731,5.0
2021-04-12 01:41:34.020,0.4588544944558647,0.5926900269529529,0.4987197049816847,0.18587374308917354,0.9606333126570548,0.8584499072691542,0.9511260068687448,0.03837609809178351,0.12117716582078997,0.26630922078542785,0.4732297071472121,0.42488261550190576,0.6666666666666607,0.9390246034501305,0.5999999544888968,5.0
2021-04-12 01:41:34.040,0.455948593691496,0.5794858465468851,0.4961645370848177,0.428327292849632,0.959738526975179,0.8410750383018718,0.9677742839140595,0.029980738932899133,0.19056123699323887,0.28239501222668867,0.4818652854868211,0.428012505855511,0.545456238014568,0.9512176847131903,0.5111110807703756,5.0
2021-04-12 01:41:34.060,0.4632686772265067,0.5395405375343416,0.502890654531149,0.6707808426100876,0.9588437412933027,0.8237001693345894,0.9352409237604771,0.05028973367788916,0.11899176117338531,0.30384273356319635,0.4905008638264301,0.4311423962091162,0.8030291746569606,0.9695123017250689,0.5222221615407513,5.0
2021-04-12 01:41:34.080,0.46507304682582884,0.522047249641061,0.5022502147644601,0.6576775628019217,0.9427841909347394,0.8619353080693921,0.9278190106285129,0.05589683342038801,0.11836610501973578,0.2966934931176938,0.4905008638264301,0.42957745103231354,0.8787895713478895,0.9390246034501305,0.4222222070518545,5.0
2021-04-12 01:41:34.100,0.4563869621300036,0.5167443672100394,0.5015120063717875,0.6580454756195462,0.9370013041719712,0.8638427551766632,0.920246233578758,0.06157253579192887,0.11669693571451198,0.26988384144705924,0.48531951682266466,0.42957745103231354,0.6969708253430394,0.8780492069002539,0.4444445961481219,5.0
2021-04-12 01:41:34.120,0.4584727321417819,0.5397348935135106,0.5009438650002093,0.6562986375261104,0.9308438077001707,0.8669513934651871,0.9121173307144183,0.06762493936966665,0.11388139100252914,0.2502234287589934,0.4922279794943519,0.42957745103231354,0.6666666666666607,0.9146334458067221,0.4666667576888731,5.0
2021-04-12 01:41:34.140,0.46236664562997815,0.5571490881294414,0.5009974854661134,0.6530921128066559,0.924484412929149,0.8729712520471721,0.90354471044481,0.07387472881928557,0.1082524933409949,0.25201074033330284,0.5008635586821593,0.43270734138591876,0.727274984019418,0.9024403645436623,0.6888888282074179,5.0
2021-04-12 01:41:34.160,0.4649420870769173,0.5152659057699861,0.5048646657998755,0.6507370719523808,0.9189039600048569,0.878308211198326,0.8960370119478303,0.07935827841579768,0.10325363535797333,0.26452191149329507,0.5077720205056481,0.435837231739524,0.7575760396690947,0.9390246034501305,0.5999999544888968,5.0
2021-04-12 01:41:34.180,0.46195112344151235,0.5458833264236307,0.5032272822231479,0.6492155679965691,0.9119735465029485,0.8852083872062049,0.8867159883213551,0.0861760224081205,0.09678121031848619,0.29133156278356687,0.506044905827291,0.4420970124467344,0.8181812539951498,0.8902435369426359,0.5333332423111269,5.0
2021-04-12 01:41:34.200,0.45917648797673577,0.4790764804667498,0.5036207931879011,0.6494937459806295,0.9057392001480227,0.8894348006217289,0.878492425743896,0.09230397882165657,0.09287175865001415,0.30920466389732326,0.5025906735018827,0.44835679315394483,0.6666666666666607,0.9512176847131903,0.6888888282074179,5.0
2021-04-12 01:41:34.220,0.4592720567860111,0.5010713892524262,0.5052348236152967,0.6518168811163013,0.8981350782630366,0.8905219898621713,0.8687661402206162,0.09978943326542254,0.09204190050798941,0.31277928412007455,0.5094991361735698,0.45148668350754995,0.6666666666666607,0.8658536280785568,0.4666667576888731,5.0
2021-04-12 01:41:34.240,0.47271716434423544,0.5442228334219343,0.5077555425857265,0.6553374777532401,0.8896502620728286,0.8910475110039672,0.8579985978530023,0.10813826692260853,0.09178287099680338,0.30384273356319635,0.506044905827291,0.4561815190379578,0.6060614523406231,0.8048782315286802,0.6222223435851642,5.0
2021-04-12 01:41:34.260,0.47056244661285246,0.5354258749484329,0.5081492871510201,0.6582249452866772,0.8807672724463578,0.8912199041827578,0.8467902961961633,0.11688579714619582,0.09187112707944822,0.27882039200393743,0.5008635586821593,0.459311409391563,0.6666666666666607,0.8292681403927664,0.377777883970352,5.0
2021-04-12 01:41:34.280,0.4656136130368005,0.5304560386691879,0.505186986323238,0.6583605445907371,0.8715225260529802,0.8939559507622856,0.8349785388681666,0.12599645523101946,0.08948602108560783,0.25737267015540294,0.4922279794943519,0.4460093753887409,0.9393947856739447,0.8902435369426359,0.5333332423111269,5.0
2021-04-12 01:41:34.300,0.4621590882718483,0.532810391548932,0.5083702172512646,0.6575908191294717,0.8630387809412818,0.8945148383257857,0.824317488677814,0.1343509308207491,0.08918412672442455,0.26809653148197693,0.49740932692221645,0.42957745103231354,0.7878770953187713,0.8902435369426359,0.5999999544888968,5.0
2021-04-12 01:41:34.320,0.462160210157266,0.4744945462393172,0.5096677713116441,0.65709029816891,0.857311991915499,0.8939142427351573,0.8172061777295297,0.14000054947516913,0.08993043019787522,0.2734584617429572,0.4965457691589387,0.4256650880903071,0.9393947856739447,0.8170738103503844,0.4666667576888731,5.0
2021-04-12 01:41:34.340,0.47435263232927255,0.4638449012813872,0.5112068862279748,0.6576027837739482,0.8536727349065956,0.8925434389102527,0.8115443436384225,0.14462268226958108,0.09263063132052105,0.27882039200393743,0.49568221139566104,0.4217527251483006,0.7575760396690947,0.8170738103503844,0.5999999544888968,5.0
2021-04-12 01:41:34.360,0.47168458068489766,0.45603841250254357,0.5092561258966057,0.6587942629529755,0.8515731532564735,0.8900034200582243,0.8070184261047793,0.1483280419092558,0.09488684160617272,0.27524577185433285,0.4905008639677965,0.4147104718526889,0.727274984019418,0.7804870738852789,0.3111111717925821,5.0
2021-04-12 01:41:34.380,0.4657325377037454,0.5046938676038867,0.5082501294497201,0.6597539271452872,0.8473400501559284,0.8881070950915239,0.8033651528014876,0.1513344560506531,0.09682630039293698,0.2448614984248665,0.4835924011547429,0.4061032733802746,0.727274984019418,0.8048782315286802,0.6888888282074179,5.0
2021-04-12 01:41:34.400,0.4639997677087581,0.4697355920770611,0.5092559267644353,0.6582747979719937,0.8444121901051888,0.8855740275773482,0.8017293146340996,0.15272204438778136,0.09840000254980608,0.24128687966504903,0.48531951682266466,0.40453832692254643,0.5151520793381893,0.8292681403927664,0.5555556314073943,5.0
2021-04-12 01:41:34.420,0.4627596270121346,0.43545140202960064,0.5092062553021357,0.4221585215687642,0.8432087664562844,0.8724638043837918,0.8006259373530178,0.15509656208431608,0.12393333217498965,0.25558535953200046,0.48877374858260747,0.4014084391307923,0.6666666666666607,0.8536580492568526,0.8222222525629577,5.0
2021-04-12 01:41:34.440,0.46351264602290543,0.45110711103269135,0.5086607444593475,0.1860422451655347,0.8420053428073795,0.8593535811902393,0.8010415526559453,0.1540915213037736,0.11242274800781132,0.26809653148197693,0.4905008638264301,0.3935837119658538,0.545456238014568,0.8292681403927664,0.688888941985176,5.0
2021-04-12 01:41:34.460,0.4642656650336763,0.466762820035782,0.5081152336165595,0.1747246885453511,0.8440432035583367,0.8829964715009054,0.8014571679588728,0.1530864805232311,0.10091216384063299,0.26988384144705924,0.49740932692221645,0.38419404103313076,0.6060614523406231,0.7804870738852789,0.7555555403851878,5.0
2021-04-12 01:41:34.480,0.46195183731998357,0.49553988560986356,0.5053981544176354,0.17440363725192043,0.844365732074798,0.8848413565674862,0.8017263565180615,0.15276717984812857,0.09910912971697489,0.26452191149329507,0.5008635586821593,0.3826290957282356,0.545456238014568,0.7560959162418707,0.6222223435851642,5.0
2021-04-12 01:41:34.500,0.4672796791899666,0.47868316254495047,0.5066585155047456,0.1738712105727584,0.8455619928861642,0.8870046129078005,0.8030575087338352,0.15158646237092624,0.09697723084251769,0.26809653148197693,0.506044905827291,0.38419404103313076,0.545456238014568,0.7682927438428969,0.6666666666666666,5.0
2021-04-12 01:41:34.520,0.46213838376416827,0.48586500255123116,0.5093505987829793,0.17440064609080344,0.8461208280989947,0.8884755159978098,0.803649131940851,0.15103518832443724,0.09553245785585916,0.26809653148197693,0.49740932692221645,0.3873239315148285,0.4545468650121341,0.8048782315286802,0.5555556314073943,5.0
2021-04-12 01:41:34.540,0.463942345249596,0.5074307023480756,0.5089462146493445,0.17496099027374218,0.8458418121470208,0.8882447315810389,0.8033178229449253,0.15130951707346857,0.09576657489177354,0.26809653148197693,0.4784110555646414,0.38888887643544595,0.5151520793381893,0.792682652706976,0.5999999544888968,5.0
2021-04-12 01:41:34.560,0.455743484375045,0.48146442256794847,0.5117937577339786,0.17619733686955294,0.845655578371015,0.8822093020022637,0.8035101004872021,0.1514975814915823,0.10162753167487798,0.23235032910817086,0.4715025914792903,0.3779342600697353,0.545456238014568,0.7439028349788107,0.4666667576888731,5.0
2021-04-12 01:41:34.580,0.45386761709291357,0.4635405679832368,0.5107327666158811,0.17423613222926307,0.8472778606599151,0.8779400683455535,0.8058322215747253,0.14989576325208126,0.10573031017462214,0.18409295610102866,0.4628670131396813,0.3591549155143455,0.7575760396690947,0.7560959162418707,0.5111110807703756,5.0
2021-04-12 01:41:34.600,0.4616843082881237,0.5386673586594669,0.5110354425434916,0.168999606163785,0.8497552652546014,0.8749329195897056,0.8091275628377799,0.14744986284380185,0.10857694110490913,0.16979447521002355,0.4628670131396813,0.3372456856009602,0.6666666666666607,0.7682927438428969,0.4666667576888731,5.0
2021-04-12 01:41:34.620,0.4665884683654514,0.5583010050521306,0.5061764596056664,0.1614778330034751,0.854596540121864,0.8758185200323635,0.8150970409965291,0.1426763790763781,0.10757341506945252,0.2055406774375363,0.4697754758113685,0.33098590105097314,0.6969708253430394,0.8170738103503844,0.7111109897481692,5.0
2021-04-12 01:41:34.640,0.4749079877493106,0.45797506894459244,0.5096749063747372,0.15713167589772314,0.8629709013406823,0.8733355021507441,0.8257255519104995,0.1344199422854827,0.10973834095948141,0.23592494786798832,0.4818652854868211,0.3372456856009602,0.6060614523406231,0.8536580492568526,0.9333332878222301,5.0
2021-04-12 01:41:34.660,0.47175250844061023,0.4575851373262212,0.5100094185926145,0.15525821198358983,0.8703450091155472,0.8711666847401444,0.8351175703218154,0.1271523154981758,0.1116206800749378,0.25737266993596286,0.49136442194312374,0.3474178279692515,0.5757572936642446,0.9146334458067221,0.7777777019259391,5.0
2021-04-12 01:41:34.680,0.4671922707335173,0.5273697676328927,0.5069819798919041,0.1536659172146311,0.8749549310245522,0.8714502993246065,0.840877022242075,0.12260982389647856,0.1112085785447723,0.28596963244943996,0.50431778973527,0.3575899716184684,0.6969708253430394,0.8780492069002539,0.5111110807703756,5.0
2021-04-12 01:41:34.700,0.46627901964112284,0.5377679005702691,0.505311046659678,0.15364497908679786,0.8782337701146866,0.872847796286872,0.8467385291655438,0.11785024054256697,0.10810496765213795,0.29311887289494254,0.5094991361735698,0.36384975232567884,0.5151520793381893,0.8292681403927664,0.5111110807703756,5.0
2021-04-12 01:41:34.720,0.47024167663155453,0.5195057155870961,0.5033046328914201,0.1541933586252629,0.8813510102345563,0.876160525854806,0.8484379668276879,0.11632912646857843,0.10473289932365967,0.28239501259242217,0.512521589299265,0.3673708796139475,0.6969708253430394,0.8292681403927664,0.7555555403851878,5.0
2021-04-12 01:41:34.740,0.464041534091146,0.5511469973810542,0.504993267261224,0.15596013779282247,0.8826515673158783,0.879107893105106,0.8501374044898321,0.11480801239458951,0.1013608309951815,0.2716711522899018,0.5155440424249601,0.3708920069022161,0.7878770953187713,0.7682927438428969,0.5999999544888968,5.0
2021-04-12 01:41:34.760,0.4663472533753083,0.5630074101021936,0.5067900231081698,0.15697115025100922,0.883101955829525,0.8836234821753813,0.8500885955752507,0.11437284768450118,0.09299397868484263,0.24843612011055158,0.525043177184866,0.37323942428314233,0.5757572936642446,0.8292681403927664,0.6888888282074179,5.0
2021-04-12 01:41:34.780,0.46743042583198385,0.5951474516149445,0.5038198698443411,0.15555932220289104,0.8829593685028204,0.8952341627669652,0.8484527574078627,0.11508446708921706,0.08283713407386403,0.26452191149329507,0.525043177184866,0.3763693150210252,0.727274984019418,0.8292681403927664,0.8666665756444603,5.0
2021-04-12 01:41:34.800,0.46060317543838813,0.5861294489329423,0.5010010165959679,0.15457672577533288,0.8818108041563734,0.9053956979560286,0.846109929508099,0.11632135859043893,0.07210231669038053,0.27703308189256176,0.5302245241886314,0.3826290957282356,0.3333333333333392,0.8536580492568526,0.6888888282074179,5.0
2021-04-12 01:41:34.820,0.4601720484547552,0.5566472835211375,0.5065424888394843,0.1535941293477747,0.8806622398099263,0.915557233145092,0.8438735937855915,0.11765579828766493,0.0644483309281528,0.2627346008552633,0.5302245241886314,0.3935837119658538,0.6060614523406231,0.9634145123142167,0.9111111262814788,5.0
2021-04-12 01:41:34.840,0.4623667472306595,0.5643152185509211,0.5050069036168257,0.15337776869351308,0.8772810457796356,0.9294567112386453,0.8398180167015227,0.12031919928385033,0.05489254788475972,0.24843612011055158,0.5336787583518029,0.39827854749626157,0.727271880992716,0.8475602598460006,0.5222221615407513,5.0
2021-04-12 01:41:34.860,0.4592451304665043,0.5887674139560238,0.5074483457778511,0.15239567079280963,0.8732717311453696,0.9397485840124791,0.8341088527538584,0.12426765262572245,0.04502036469370878,0.25558535953200046,0.5371329896876466,0.40766821855707724,0.6969700495863683,0.8231703509819144,0.5333332992000059,5.0
2021-04-12 01:41:34.880,0.45972929407525787,0.5612522414874603,0.5055694758609276,0.15131386752147594,0.8688322446043412,0.9513812308316869,0.8277991912510745,0.12864252159388312,0.03384798118142733,0.2627346008552633,0.5371329896876466,0.40766821855707724,0.6666682181800206,0.7987804421178282,0.5444444368592606,5.0
2021-04-12 01:41:34.900,0.46144543866949733,0.5275328396446433,0.5103223013558553,0.1519120997452547,0.8652618043897344,0.9595126278003451,0.8228147657320037,0.1321612886239338,0.02605255145281513,0.26094729015871415,0.5388601025282405,0.40297338302666935,0.545456238014568,0.7804870738852789,0.5555556314073943,5.0
2021-04-12 01:41:34.920,0.46362902083359403,0.5148641905428232,0.5116263657401193,0.15267185466945396,0.8626478372849657,0.9672703208459493,0.8190653536575632,0.1347383435220635,0.018592043100957988,0.26452191149329507,0.5336787583518029,0.39671360360038455,0.6363625079902998,0.8414624704351484,0.7111109897481692,5.0
2021-04-12 01:41:34.940,0.46835214240009254,0.5364404537203494,0.5116894008767561,0.15390122188931843,0.8603969657952413,0.9734222548471679,0.8158779836297889,0.13695472357310606,0.012677982089168323,0.27524577178118614,0.525043177184866,0.39671360360038455,0.727274984019418,0.8048782315286802,0.7555555403851878,5.0
2021-04-12 01:41:34.960,0.46714290574312284,0.49743943141005764,0.5101103645173759,0.1553778584283439,0.859045532484673,0.9778196711739151,0.8139197108145737,0.13828965387316183,0.008443078796126461,0.26452191149329507,0.5215889486763503,0.39201876730142143,0.6969708253430394,0.8536580492568526,0.5555556314073943,5.0
2021-04-12 01:41:34.980,0.4694667289318421,0.48495647114575213,0.5145261024437522,0.15714064938107983,0.8586880600318079,0.9794685285130004,0.8133724593480927,0.13864231554069453,0.006852913324504315,0.23235032910817086,0.5077720205056481,0.39201876730142143,0.7575760396690947,0.8414624704351484,0.7111109897481692,5.0
2021-04-12 01:41:35.000,0.463901139970339,0.5166934420010468,0.5109269439580758,0.15560219551226126,0.8573750516628018,0.9827117447023871,0.8115384274063515,0.13993423632599933,0.0037336673021578335,0.21805184382836434,0.49740932692221645,0.39201876730142143,0.7575760396690947,0.8170738103503844,0.7777777019259391,5.0
2021-04-12 01:41:35.020,0.45222929327314726,0.5315168048929102,0.5100850915792556,0.1528652830884748,0.8551976829358583,0.9853799462244526,0.8086631386202763,0.14208454852928665,0.0011989860706218996,0.2341376362936789,0.49740932692221645,0.38888887643544595,0.8484854126715285,0.8292681403927664,0.7555555403851878,5.0
2021-04-12 01:41:35.040,0.45610352189671144,0.4929418762404658,0.5112949092758251,0.15152823406833002,0.854468947894306,0.9860166887719239,0.8077135833730235,0.14280606175773825,0.0005979412340473895,0.2573726701261443,0.5051813474278645,0.3849765135574858,0.8484854126715285,0.7682927438428969,0.7111109897481692,5.0
2021-04-12 01:41:35.060,0.45993185332155617,0.4835348934680644,0.5147999569587275,0.15236476212791308,0.8546254592416466,0.9839896786535532,0.8080360180208401,0.1426457981666499,0.0025629650055095064,0.26630922078542785,0.4991364424487718,0.39201876730142143,0.6969708253430394,0.7317072561571066,0.6222223435851642,5.0
2021-04-12 01:41:35.080,0.4604473291908061,0.4848421594038288,0.5128158316317337,0.15382444875393178,0.854549412667404,0.983964653837277,0.8079384001916826,0.1427214327695871,0.0025881953699888084,0.2627346008552633,0.4870466324905865,0.3951486571426564,0.6666666666666607,0.792682652706976,0.6666666666666666,5.0
2021-04-12 01:41:35.100,0.4602440555312961,0.5003253862095818,0.5104029656276331,0.15488631095113886,0.8533315964010151,0.9829706125240865,0.8064800489864019,0.14392177435998413,0.003585296697249041,0.24843612011055158,0.4818652854868211,0.3951486571426564,0.6060614523406231,0.8414624704351484,0.6666666666666666,5.0
2021-04-12 01:41:35.120,0.4556851441943606,0.4804937242895722,0.5125487857246152,0.18103005618397686,0.8700406889337635,1.0,0.8149565304848665,0.13708878079636574,0.0,0.24307418904495776,0.4749568228151339,0.39201876730142143,0.727274984019418,0.8048782315286802,0.8666665756444603,5.0
2021-04-12 01:41:35.140,0.46126307421630314,0.5075422367644731,0.5128991970305942,0.1952470449820769,0.8504921672697947,0.9729832083482809,0.8026078750965115,0.14774258919895342,0.018812792059140937,0.25737267022854965,0.4715025914792903,0.38575898608184084,0.5151520793381893,0.8048782315286802,0.6888888282074179,5.0
2021-04-12 01:41:35.160,0.458622255190752,0.5200901412272019,0.5111283944577955,0.19529939030165855,0.8489497472723306,0.963872506902678,0.8017707282585909,0.14874570845174528,0.025665512977019543,0.2627346008552633,0.4732297071472121,0.38419404103313076,0.6969708253430394,0.8170738103503844,0.5333332423111269,5.0
2021-04-12 01:41:35.180,0.45989182094195374,0.5112321301626641,0.5106011039324101,0.1959851139881651,0.8486678862680633,0.9570094510389472,0.8020103356574301,0.14888242310700062,0.0319217900863289,0.25558535953200046,0.46632124588918883,0.3794992053746304,0.6666666666666607,0.792682652706976,0.844444414103709,5.0
2021-04-12 01:41:35.200,0.46116138669315554,0.5023741190981265,0.5100738134070248,0.19667083767467164,0.848386025263796,0.9501463951752165,0.8026877442294562,0.14872117831025236,0.03924102178191067,0.24307418904495776,0.4645941288076031,0.3763693150210252,0.727274984019418,0.8780492069002539,0.8222222525629577,5.0
2021-04-12 01:41:35.220,0.457292360024474,0.5255146459753548,0.5121362821907787,0.19687722779187564,0.8484188270431792,0.9381820305135965,0.8031551265629926,0.14876655907201444,0.047199946949310526,0.2341376362936789,0.4628670131396813,0.3763693150210252,0.6515145873284803,0.8292681403927664,0.622222229807406,5.0
2021-04-12 01:41:35.240,0.46034880326696453,0.5322873210005462,0.5108477186302756,0.1958951298911722,0.84838615914861,0.9309815567104035,0.8035840533880758,0.14880417195563742,0.05419093294149749,0.23771225944229774,0.4645941288076031,0.3779342600697353,0.795454686501217,0.8353653054139539,0.6111110921481514,5.0
