2021-04-25 17:07:38.960,0.8495323993655367,0.8008819889537356,0.3044780583044024,0.9987320083949038,0.6780438278454299,0.36803581884583025,0.3534486622523467,0.26588911411649757,0.7434402260178927,0.5324165308276699,0.4052718502586012,0.5193798451989748,0.4179106226479198,0.8804346567864031,0.3937007874015748,5.0
2021-04-25 17:07:38.980,0.49713157387591855,0.7536268338194159,0.898910415326386,1.0,0.6770413578522124,0.3682219568374972,0.3518990827635766,0.2668614642104187,0.7434229402683981,0.47740671210745284,0.5774300124412055,0.5710594348637601,0.4427861761045321,0.8804346567864031,0.37007876031496056,5.0
2021-04-25 17:07:39.000,0.23772295459138748,0.6812985041682454,0.17450258979398703,0.9974939112906223,0.6732329770771491,0.4048235378291464,0.3352137500603281,0.2705622953375402,0.7044431071598186,0.35609040659958235,0.4522240744696018,0.6240309982753521,0.47263704403352014,0.8739131131644533,0.4094488188976378,5.0
2021-04-25 17:07:39.020,0.7777665008347456,0.8008359335168911,0.3651114465280096,0.9924900825280444,0.6651337469502709,0.4390441587427896,0.31472934875901837,0.2784674474176105,0.6681629608976192,0.3226915856500471,0.44481056538365427,0.6653746721221969,0.5323385251651774,0.8565216994480196,0.4074802998425197,5.0
2021-04-25 17:07:39.040,0.3297467193523417,0.7549745901167235,0.9099852953795367,0.9882436289353409,0.6520106151733759,0.4478542498251616,0.29392477856042726,0.29137472161116745,0.6599663302283624,0.2195481680117767,0.5321252279514799,0.7116278937947804,0.5721397673126011,0.8260869758790148,0.47244094488188976,5.0
2021-04-25 17:07:39.060,0.0,0.664130739019366,0.20692878900148684,0.9805679719900579,0.6358360013782577,0.4847520657199879,0.2644725627418596,0.3074457451048173,0.620269605004546,0.11100201198636855,0.24958814596916662,0.7736434161976389,0.6218908742258228,0.7869566011039607,0.4645669492913385,5.0
2021-04-25 17:07:39.080,0.6371200165126614,0.7550995966610295,0.2994911356013185,0.9712174196920241,0.614818935190635,0.5149523703275424,0.23229808061356788,0.3285858796182573,0.5874065811860437,0.030943029311674912,0.28171337223507925,0.8007751874206089,0.6666666666666657,0.7456522300491436,0.5000000100787402,5.0
2021-04-25 17:07:39.100,0.46900667056356954,0.7144297248635171,0.9523264241058081,0.962098793636396,0.5913288493794577,0.5172675569043972,0.2025777915781883,0.352540222164797,0.5859467083060494,0.0,0.5057660879059123,0.8191214546796466,0.7064681635404112,0.723913157686188,0.4921259741732284,5.0
2021-04-25 17:07:39.120,0.1914047812188103,0.5983961772714135,0.31693301577518934,0.9521176739358599,0.5664432661066311,0.5474786373869471,0.17069701516552693,0.37827020526060684,0.5515909399997369,0.009823222834153883,0.35008239372988126,0.8320413507739576,0.7611940754733709,0.6826090092400412,0.5275590752755905,5.0
2021-04-25 17:07:39.140,0.9270635471751457,0.6775035181964664,0.2940962186902961,0.9434277556783845,0.5415670592883625,0.5771673929098119,0.14245830829566247,0.4043268146996753,0.5168473776034763,0.07367390994355937,0.42998354721175935,0.8108527127192213,0.7761195094378635,0.6565214991002151,0.5787401675590551,5.0
2021-04-25 17:07:39.160,1.0,0.641071195983073,1.0,0.936296310619815,0.518483552219279,0.5673550437936645,0.11982267579720013,0.42878286460312937,0.5288392040255053,0.16011790102628717,0.6771005234856102,0.7966408164403963,0.820895811331347,0.630434879395074,0.6417322935433071,5.0
2021-04-25 17:07:39.180,0.5496510637426615,0.5243467434372125,0.7140943819689417,0.9305027161965567,0.4958535061650796,0.5755886255637791,0.09898297958170868,0.4529959400501611,0.51909370830497,0.2804519043517111,0.9934102310014971,0.7888888999339756,0.8059703773668544,0.5913042820113497,0.6771653543307087,5.0
2021-04-25 17:07:39.200,0.595155244056177,0.5426074882140699,0.6943679656893313,0.9265599126965818,0.4732106789494799,0.5904807831483045,0.0801010841324706,0.47743750850219946,0.5009916156038204,0.3565815657311931,0.8879736843037649,0.7963824460137258,0.8407960503155806,0.5565216771871526,0.6889763880314961,5.0
2021-04-25 17:07:39.220,0.5164708401781534,0.5277788883645123,0.6306503948938856,0.9237741870395635,0.44946880696086366,0.601586135604709,0.06266386479720779,0.5032729499080122,0.4872732476705433,0.31876231460725746,0.733525564861988,0.8188630525277273,0.8656721132248305,0.5195652986918629,0.704724419527559,5.0
2021-04-25 17:07:39.240,0.4654218633205596,0.5178932824598891,0.569647114906884,0.9209213278586423,0.4242721929093926,0.6089086476417171,0.04656238345594014,0.5308975555700203,0.47806602566024975,0.19793717426128848,0.665568398240803,0.8356589174503316,0.8756217232643068,0.4891304638185216,0.704724419527559,5.0
2021-04-25 17:07:39.260,0.49660774483856257,0.5090233423694066,0.5422783778572704,0.9169299816567689,0.39821816018478257,0.6139573687273252,0.032446946097216336,0.5596545610719077,0.47160397390775743,0.12721024724875035,0.6416804312616858,0.8361757006040044,0.9203980251577903,0.4521738627145615,0.7440944781102362,5.0
2021-04-25 17:07:39.280,0.5135116967890914,0.47790587598916384,0.5533529268280157,0.9115816202067776,0.3719116333198825,0.615547196594108,0.016209648112902635,0.6031244551719711,0.47100508684885156,0.07170926135653488,0.6334431854594283,0.8284237840975838,0.9402987735946615,0.42608702040074886,0.7874015748031497,5.0
2021-04-25 17:07:39.300,0.5292905671878146,0.4410743117842973,0.5843345799394393,0.9050033266956258,0.3463185452098389,0.6129983971800879,0.005416289403157982,0.6443604058140766,0.48013013285895,0.048133619019022196,0.6466227571677795,0.8175710629182962,0.9601990125788952,0.37608710944421764,0.7913385725984252,5.0
2021-04-25 17:07:39.320,0.5675417342617609,0.41005082575847857,0.6063847645771916,0.8973906834562829,0.3222113860071115,0.6069612640434813,0.0031056264367326164,0.6624180037696115,0.4888450117731428,0.06974461276951038,0.6705107443737037,0.8067183417390086,0.9303481446499071,0.3326087421096349,0.81496064,5.0
2021-04-25 17:07:39.340,0.6113752397486965,0.38041452289930394,0.6213424321040569,0.8892194433948057,0.29999825846542866,0.598276315433934,0.0007949634703068293,0.6804756017251462,0.4975598906873357,0.12524559866172585,0.6779242534596511,0.7956072289828846,0.9850745660355045,0.2978261372854379,0.8425197051968504,5.0
2021-04-25 17:07:39.360,0.6627623428378402,0.32101212833116416,0.6156786590169239,0.8778303759055602,0.27109268175422874,0.5823162686373589,0.0,0.7117154401004426,0.5187601739562345,0.19056978728712629,0.6795716999231951,0.7798449409427092,0.9601990125788952,0.25000022260867094,0.8070866040944882,5.0
2021-04-25 17:07:39.380,0.6970854507079874,0.30064624413755625,0.6135832270933808,0.5389611351119835,0.2667253838985982,0.5922317611758686,0.0008650375006423067,0.7186819084681818,0.5221510485554514,0.2431238063290956,0.6820428628762419,0.7622739118646785,0.9601990125788952,0.223913157686188,0.8425197051968504,5.0
2021-04-25 17:07:39.400,0.7029372033410949,0.2803121059138731,0.5929145423799583,0.5280496516386934,0.24677267568196104,0.5674967770476144,0.0017300750012846134,0.725648376835921,0.5255419231546683,0.2721021910739398,0.6713344676054757,0.7441860573326431,0.9601990125788952,0.18695655658222665,0.889763779527559,5.0
2021-04-25 17:07:39.420,0.6995113591545915,0.28245719274848197,0.5806857374343413,0.5171381681654035,0.22681996746532396,0.5427617929193599,0.006878528525582993,0.7580713118811575,0.5707058524090323,0.2784872638050741,0.6598023423606685,0.725581377346603,0.9626866698150844,0.14021741743666905,0.8818897637795275,5.0
2021-04-25 17:07:39.440,0.6882616439807212,0.2708262213547578,0.5857056497553687,0.5022362607155074,0.21102021729784817,0.5192791891158133,0.01066311950857059,0.7690828284039349,0.591125814750404,0.2627701675733344,0.6466227571677795,0.7103359147604322,0.9502488930867784,0.11521735065406827,0.9173228245669292,5.0
2021-04-25 17:07:39.460,0.6598703595673753,0.25848327440149843,0.5818796709303211,0.4915422059427571,0.20308248646767513,0.5020027166997454,0.014936864010681197,0.7779655582666031,0.6128608210554378,0.225933240742911,0.5939044703343753,0.6971576165142018,0.9552236981065164,0.0934782782911127,0.940944891968504,5.0
2021-04-25 17:07:39.480,0.6363252941480827,0.2525303713847812,0.576783967452661,0.47995865492992884,0.1969691232135439,0.48239438559834,0.01986969600556514,0.7848014817371429,0.6374869301051624,0.1822200820497425,0.5403624602691993,0.6816537369709955,0.9353234591222829,0.0565221224044945,0.9330708560629921,5.0
2021-04-25 17:07:39.500,0.6531711022817682,0.24351101064982353,0.5680427023972059,0.4674053572953728,0.19330159191797172,0.46057801671484616,0.025354576076858818,0.7889000606039431,0.6648537739950451,0.15913559080345308,0.5222405491702166,0.6617570927557236,0.9452740880670403,0.041304593663488716,0.940944891968504,5.0
2021-04-25 17:07:39.520,0.6687603874528681,0.23018800939324194,0.5660761712793536,0.4541889066786352,0.19248208843853024,0.4377960887680798,0.03108984768753805,0.7898156430535945,0.6934149197561164,0.16355603504853164,0.5247117229108939,0.6361757048340376,0.9402987735946615,0.021739517580297463,0.9330708560629921,5.0
2021-04-25 17:07:39.540,0.6679767801946914,0.21598134893371063,0.5672714240900157,0.4408463425813971,0.19471588687418362,0.4151325937870657,0.03678002508733301,0.7873197999307232,0.7218340204368435,0.19056978728712629,0.5395387437796964,0.6064599417021058,0.9303481446499071,0.013043532461241467,0.9330708560629921,5.0
2021-04-25 17:07:39.560,0.6446997325364864,0.2026420121904225,0.5615262407037077,0.4280159269408238,0.19995599821728466,0.39389598731016706,0.04206886401025419,0.7814621636831448,0.7484935073026517,0.2514735155866732,0.5560132016728662,0.5775193807958989,0.925373339630169,0.004347992559527365,0.9330708560629921,5.0
2021-04-25 17:07:39.580,0.5936632735203623,0.18961308714409184,0.5586133790515733,0.4163658391465276,0.2076081281863479,0.3745640675683146,0.046950668345452626,0.772902056259685,0.7727901605347182,0.3516699784352788,0.5354201208785676,0.5488372072364955,0.9154232201380522,0.008695762510384416,0.9645669190551182,5.0
2021-04-25 17:07:39.600,0.5365389141529725,0.16528396745755336,0.5594921617349605,0.4065312311895237,0.21733309772401693,0.35605469272988916,0.05194876827714345,0.7620134502798477,0.7960568850314007,0.49459728171383116,0.513591456585065,0.49134367067431994,0.9303481446499071,0.0,0.9645669190551182,5.0
2021-04-25 17:07:39.620,0.5292733855171428,0.17473118162791773,0.5472093287313875,0.39887339618656914,0.22920803424886485,0.338383457315875,0.05719797176207622,0.7487053334130273,0.8182503230000808,0.5687623186274512,0.5387150171767899,0.4291989715181926,0.9203980251577903,0.0021739962797643147,0.9488188875590552,5.0
2021-04-25 17:07:39.640,0.5353825078399116,0.21753273332688705,0.5298129459151624,0.39301963405975154,0.24354155687218929,0.3231935399402014,0.062133177136480325,0.7326282663742827,0.837300879582721,0.6242633045196667,0.4439868421518824,0.39328165614597493,0.9104479056656735,0.004347992559527365,0.9330708560629921,5.0
2021-04-25 17:07:39.660,0.41734587788735616,0.2386503195456383,0.5120777800620931,0.38869021031699397,0.2600127564367435,0.31056187628396864,0.06693286254027808,0.7141415487828043,0.8530610748781756,0.6777996418248577,0.3632619654382323,0.3540051614441867,0.9303481446499071,0.03695660110396009,0.9173228245669292,5.0
2021-04-25 17:07:39.680,0.4159406487062023,0.26614302980660837,0.4978964043346527,0.386000192965847,0.27842870293247807,0.29645168125100013,0.07854758856749226,0.6818294735047968,0.8797994270325072,0.7175835435459147,0.32701814324026696,0.31498708158441735,0.9601990125788952,0.058695673466915656,0.893700797480315,5.0
2021-04-25 17:07:39.700,0.4327680411535898,0.28554078737345523,0.48580164484690075,0.38489434890365365,0.29916825038451905,0.2809783380311066,0.09506191927630693,0.6442532005071789,0.9071539972854127,0.7647348201805526,0.22734762545359327,0.279328189514285,0.9751244465433877,0.09782627085064133,0.9291338582677166,5.0
2021-04-25 17:07:39.720,0.42485990825379094,0.29837222604748403,0.463926616592663,0.3852623668486167,0.32230695964096984,0.2657224438358855,0.11070391434245438,0.6161125195472991,0.9264944411709294,0.7946955392693933,0.13591434672690794,0.23436695533611607,1.0,0.12173933949335995,0.9133858267716536,5.0
2021-04-25 17:07:39.740,0.4995455089476566,0.35462673637572845,0.4523207991767978,0.38914574857307555,0.36134544583913275,0.2394214404250364,0.13126355177455576,0.5851685550491138,0.9472909943230352,0.7721021991143273,0.13097201407854533,0.1751938037289562,0.9651743270512738,0.16956503156145655,0.8464567029921259,5.0
2021-04-25 17:07:39.760,0.6212299901594996,0.3572390361059196,0.5021856911787635,0.30532550449337015,0.3171758421511975,0.40323277469774144,0.034283941845888004,0.6500013869559103,0.7373329216255287,0.7328094806460436,0.17874796152131783,0.11447030266077761,0.9751244465433877,0.21956516512665938,0.8622047344881889,5.0
2021-04-25 17:07:39.780,0.5997733274678739,0.4350269835126929,0.4469314083426257,0.28204530830052377,0.3892651187527294,0.29299659008618284,0.10244407893608656,0.5695756677563081,0.870209972565553,0.743614973501094,0.21499178371928315,0.06976743890927918,0.9900498805078832,0.30326090537617706,0.8070866040944882,5.0
2021-04-25 17:07:39.800,0.49505731912925377,0.4652022001451394,0.4124369953099954,0.27004523106828177,0.45529571952824865,0.22206978086607604,0.1789869924918017,0.4969137570595968,0.947849527837488,0.8059921872358607,0.22734762545359327,0.04521964690517137,0.9726370440335201,0.35489136919469977,0.7637795275590551,5.0
2021-04-25 17:07:39.820,0.3891852908206419,0.5011763947198854,0.3946561100917953,0.26535585114133736,0.5182225246946968,0.17925783946430832,0.255487303885128,0.4290605927693483,0.9861719136930226,0.8934185126625851,0.20263592850043505,0.037209338821914274,0.955224207559157,0.4065218330132225,0.720472451023622,5.0
2021-04-25 17:07:39.840,0.28804087907426074,0.5184622007997574,0.3887158041144632,0.27431041319278177,0.5550850695052661,0.16840214166652492,0.29777000939015713,0.3901269756362218,0.9899538243282794,0.9449902013807516,0.14827020194575607,0.034366925725883714,0.9054725911932948,0.4891304638185216,0.6692913184251968,5.0
2021-04-25 17:07:39.860,0.2534455688748461,0.5699855950367684,0.37434740636886144,0.2849051792050525,0.5905674110134943,0.15609011486086496,0.34396938444847575,0.3533221850692246,0.9941041101368246,0.928781946017401,0.06177920867155036,0.03410855529921316,0.8756217232643068,0.56086966974668,0.6535433272440945,5.0
2021-04-25 17:07:39.880,0.28038047032850993,0.6473317244514224,0.3568805238315801,0.296064205354679,0.6253118903995684,0.1428508341777655,0.39392926068765105,0.31799588595533335,0.9978368356438253,0.8560904106197761,0.006589758885099363,0.03229977196102627,0.8159204968589683,0.6108695807032112,0.5826771653543307,5.0
2021-04-25 17:07:39.900,0.3199182087270433,0.7016687886820918,0.35550977227138564,0.30669770798403223,0.6605579560615286,0.13077107830785653,0.4475266495809447,0.2829541078991396,0.9985146936683258,0.7784872678252679,0.0074134888591403676,0.030749380199675713,0.8009950628944758,0.654347948037794,0.5393700686614173,5.0
2021-04-25 17:07:39.920,0.3379896421586164,0.7285389116760982,0.36651924594897217,0.31651471203921266,0.6966711411089802,0.1218094133611621,0.5039803532592665,0.24795603136932456,0.994039647123426,0.7293713506439929,0.04036241138774894,0.030490988622839384,0.7363185220167586,0.6978260927637038,0.5000000100787402,5.0
2021-04-25 17:07:39.940,0.32270910541496167,0.7513591147409531,0.38106890480172917,0.3258963810124706,0.7330324644336824,0.11656827174544629,0.5621097815478592,0.21371994699771055,0.9842628574027795,0.7038310798204245,0.059308079429848594,0.036175709064070694,0.7064681635404112,0.7456522300491436,0.43700788409448815,5.0
2021-04-25 17:07:39.960,0.30799336311511316,0.7853890418619129,0.3707045306765859,0.33509658290650235,0.7688302817544881,0.11559518990151679,0.6202989715327721,0.18107034863850419,0.969372942981657,0.677308494753828,0.028830279400672742,0.04211886338247035,0.6119402452810683,0.7956521410056748,0.47244094488188976,5.0
2021-04-25 17:07:39.980,0.34024551075059095,0.8323302650430846,0.3699265063122288,0.3439574047545282,0.8039613710068108,0.1174363396377693,0.6792040202485824,0.15011533726706194,0.9512111758575236,0.6542240115479262,0.023064257231883278,0.05219638868108259,0.542288899383613,0.8260869758790148,0.41732281448818903,5.0
2021-04-25 17:07:40.000,0.3765452785437351,0.8660913868992992,0.37019666203258994,0.3522538230174976,0.8382907869051678,0.12343718044066451,0.7376850409793048,0.12096804201731497,0.9290450327666478,0.6448919840271271,0.03953868815597698,0.06847550217526284,0.4776118490532582,0.869565120604926,0.41732281448818903,5.0
2021-04-25 17:07:40.020,0.39839405499849523,0.8983445583318059,0.3777135731658723,0.3600067523701649,0.8710236519985365,0.1341366077191743,0.7939336609332818,0.09424294465992712,0.9033431915195599,0.6389980704276036,0.06589785854175516,0.09173129399485669,0.4179106226479198,0.8978261818071732,0.37007876031496056,5.0
2021-04-25 17:07:40.040,0.4056574025076306,0.93030986268679,0.3900221956853733,0.3670477679982468,0.9014130384572582,0.15014843971124642,0.846068881905536,0.07040594354947562,0.8745645774427959,0.6083006307322184,0.10831960834914448,0.1361757344442698,0.3532340817702056,0.9282607940718416,0.3385826973228346,5.0
2021-04-25 17:07:40.060,0.4013122818852929,0.9551550069914536,0.40595113149437295,0.372867951887297,0.929177868816456,0.17277310087859774,0.9131783001483256,0.040431822160327646,0.8246451747030319,0.5697446328704792,0.1326194537998202,0.1888889168541083,0.29353234591222943,0.9369565565822273,0.29527560062992125,5.0
2021-04-25 17:07:40.080,0.40995212736632275,0.9706187059972657,0.4184485037749108,0.37703926757440187,0.9541414360888629,0.20279324505533203,0.967212201002983,0.016234859877547053,0.7681326549781234,0.5383104404069997,0.17957167801082077,0.23023256320573746,0.2537318679437623,0.9608696252249459,0.3110236321259842,5.0
2021-04-25 17:07:40.100,0.4409231361172052,0.9961681786666332,0.44016490806664726,0.37928691516838653,0.9758200287095148,0.2409461657413751,0.9836061005014914,0.008117429938773487,0.7357883531020285,0.5171906017679285,0.25123560591724853,0.276227405991584,0.1691545786291768,0.9826086975879015,0.31889762771653546,5.0
2021-04-25 17:07:40.120,0.43108395215331824,0.9969805189771395,0.4734456841978722,0.37860320613070236,1.0,0.3160234557047796,1.0,0.0,0.7034440512259337,0.5221021930840366,0.31301484155787496,0.32868216509933723,0.14427902517256452,0.9804349239168088,0.28346456692913385,5.0
2021-04-25 17:07:40.140,0.4450692207779802,0.9254523810076636,0.37731193925057377,0.2798330234337025,0.8901496332178224,0.0,0.9125311982221297,0.0791289118763333,1.0,0.541748558348469,0.36655685836532004,0.38759689763444494,0.10945284277119777,0.9956522300491429,0.31889762771653546,5.0
2021-04-25 17:07:40.160,0.416029964051185,0.9669006039186743,0.4410482726682047,0.24354101337595302,0.9620305201434143,0.20529398000050478,0.9499373920282905,0.02580911230033023,0.8011792489272399,0.5559921731651826,0.4135090825763206,0.4493540094253177,0.10945284277119777,1.0,0.2874015647244095,5.0
2021-04-25 17:07:40.180,0.38143339864433035,0.9865920182609921,0.47447597927470436,0.21708316945628936,0.9907675429242672,0.36678103936404766,0.954428010017513,0.015118329331794123,0.7030681465613259,0.5500982635858529,0.45304779770137366,0.5116279064848799,0.10945284277119777,0.9869564675387585,0.2992125984251969,5.0
2021-04-25 17:07:40.200,0.35100567057077475,1.0,0.5121954657285709,0.1929908068098296,0.9957978891979499,0.5370388477003094,0.9589186280067352,0.004427546363258016,0.6049570441954117,0.518664079162761,0.4785832185605307,0.5746770036551506,0.13681630819031823,0.9978260037202363,0.28149606803149607,5.0
2021-04-25 17:07:40.220,0.33950442486704824,0.9971052708646146,0.540840344141499,0.18214960338575595,0.9781040600818346,0.6518329224573525,0.9108751963956717,0.014670047268237908,0.45334036126114385,0.45530455118496627,0.49752885423973914,0.6372093007516156,0.17910469812129068,0.9739129350775171,0.2755905713385826,5.0
2021-04-25 17:07:40.240,0.35086700275144733,0.987821741117214,0.5611623533651771,0.18032592407789455,0.9532331089419853,0.7083873575726682,0.8579052578461464,0.03202969823776792,0.40597819267585583,0.3698428582644913,0.5675453269176733,0.6976744102429577,0.23383111950689103,0.965217395175803,0.3110236321259842,5.0
2021-04-25 17:07:40.260,0.3302868008808361,0.958233133984471,0.58161812258097,0.17916224764070854,0.9223639695655415,0.7635066697888242,0.7968264545615363,0.05453864472414928,0.35530635409281147,0.28634580991084707,0.6194398905193055,0.7596899326458162,0.28358222642011266,0.9499998664347972,0.3464566929133858,5.0
2021-04-25 17:07:40.280,0.28486361486505984,0.9275754699860337,0.5865724163559434,0.17897929444330374,0.8852264541452257,0.8158103271960255,0.728552988599246,0.08298321269004365,0.30185270248238233,0.20628687547847854,0.6317957389958846,0.824289413117371,0.3233832138412175,0.9173912578903645,0.36614172220472446,5.0
2021-04-25 17:07:40.300,0.27216775400777143,0.8935342705553564,0.6009669525414878,0.1800501602181714,0.8418857520084764,0.8619979639289175,0.6541738376845507,0.11798109412375879,0.2484754855878403,0.10363460491123758,0.6540362595114579,0.8925064602652997,0.4029851886834272,0.8869566456256948,0.4094488188976378,5.0
2021-04-25 17:07:40.320,0.2705023708586346,0.842796982855828,0.6271818703016744,0.18184583853486658,0.7923503208794335,0.9022191003360222,0.5755123506338817,0.1602232218631075,0.19567300099308518,0.028978400825619255,0.640032984798142,0.9496123946571045,0.45273629559664885,0.8369565120604919,0.4133858166929134,5.0
2021-04-25 17:07:40.340,0.3419381009285243,0.7766441113116992,0.6521097618702095,0.1843948238446457,0.7383191635154099,0.9342394298984703,0.49645973063827536,0.20883028004980989,0.14726127793062915,0.017190589707347284,0.6087314952485393,0.9847545374138292,0.5920400062968347,0.8065218997958236,0.4566929133858268,5.0
2021-04-25 17:07:40.360,0.4907116035059868,0.7193559563970582,0.6897114888801326,0.1880020285800035,0.6827066549305161,0.9556069734224836,0.4211540598264654,0.2613758052813224,0.10831583516034524,0.04371317477394363,0.6828665793657447,0.9979327827846448,0.6318409937179396,0.7586957625103851,0.511811003464567,5.0
2021-04-25 17:07:40.380,0.6023246955282436,0.6685835709943173,0.7316897144496228,0.19246854242131514,0.6277486742145865,0.9699726380202027,0.35406930099689177,0.3155465076290557,0.07735033977329658,0.100687662182154,0.855024687610197,1.0,0.6815921006311612,0.7043478589943252,0.5708661316535434,5.0
2021-04-25 17:07:40.400,0.5956455720960018,0.6063811893687364,0.7602397034685946,0.19786806305926494,0.5741140571117685,0.9822448550838982,0.2979604730966568,0.3703018952521946,0.05012113272021861,0.2608055390872786,1.0,0.9910852685224006,0.7562192704536328,0.6652174842192711,0.6062991924409449,5.0
2021-04-25 17:07:40.420,0.4911367928002345,0.5358759719371169,0.7673280302123062,0.2046717358597649,0.5223215080073503,0.9929440790440116,0.25289403075232886,0.4246989090758174,0.026483859121926606,0.3929273414703932,0.9522240694129,0.9790697535221002,0.7860701383826209,0.621738894276018,0.6220472642519684,5.0
2021-04-25 17:07:40.440,0.40936895309928817,0.4913745933823228,0.7627131484632383,0.21286677102582524,0.47266829023445084,0.9989596197669479,0.21603046270588283,0.47802507587908094,0.010216262917729304,0.39833008789791835,0.9176276936784785,0.9682170534929785,0.8656721132248305,0.5847827383893999,0.6692913184251968,5.0
2021-04-25 17:07:40.460,0.4057605088330578,0.47494077917949723,0.7483269862611651,0.22143201027980652,0.42473879987569574,1.0,0.18563459119006495,0.5303841601831208,0.0017744916368638188,0.3649312709685769,0.897858322631414,0.9521963738759666,0.8805970377366854,0.5326086085444327,0.6692913184251968,5.0
2021-04-25 17:07:40.480,0.41490006543706115,0.42066507601019554,0.7323306139907777,0.22900172249129985,0.3782701043919597,0.9979539256522777,0.1533402533960002,0.6068516996506184,0.0,0.3202357940121868,0.8599670674544428,0.9320413444289078,0.9303481446499071,0.4782609276370444,0.6968503836220473,5.0
2021-04-25 17:07:40.500,0.43019047267558486,0.35447776961960487,0.7312332489288585,0.23476850367035332,0.3333246639409106,0.9935015780862296,0.13267689927886359,0.6802287732339503,0.009036695449603473,0.26080552702669735,0.814662276222448,0.9111110979510079,0.9452740880670403,0.4434783228128474,0.720472451023622,5.0
2021-04-25 17:07:40.520,0.46236240725769423,0.3745271284798388,0.7184448703552715,0.23835937831946943,0.2902229222347528,0.9855020971174313,0.06711062866634443,0.5777141725078735,0.2196586617014949,0.18025543748291178,0.7841845436159625,0.8896640894696011,0.9552236981065164,0.39347818924764455,0.7480315162204724,5.0
2021-04-25 17:07:40.540,0.49453434183980355,0.3945764873400727,0.7056564917816847,0.05182482832394354,0.3303457278488388,0.8508360889583862,0.07745743601935447,0.6581535956565934,0.1646717829818082,0.0913556226007736,0.7644151995379739,0.8713178222105633,0.9601990125788952,0.3413045046200206,0.7913385725984252,5.0
2021-04-25 17:07:40.560,0.5284776532811237,0.24972555109048925,0.7510024947150863,0.08903397125577764,0.1976061317040856,0.920238721821824,0.0878042433723641,0.7385930188053131,0.10968490426212156,0.041748546287887885,0.7487644379074999,0.8573643386587407,0.9701496415236497,0.32173920592815775,0.7874015748031497,5.0
2021-04-25 17:07:40.580,0.5500146900023967,0.16383738933007352,0.7521145670495998,0.09730000155784208,0.1365435791734785,0.9095695889843393,0.11894405069880414,0.8520297266153823,0.10663614340466109,0.03388999214172741,0.7215815780012949,0.8431524635300816,0.9776121037795771,0.24673922818902447,0.8385826872440945,5.0
2021-04-25 17:07:40.600,0.5789899719032411,0.12103640686402016,0.7404655777610993,0.09171179555236963,0.10423199250888834,0.8803082087301628,0.12205911131912953,0.8876347737160151,0.1449131636032255,0.061886098825287394,0.6968698675635987,0.8258398048787216,0.9950251949802619,0.18913055286199099,0.8503937007874016,5.0
2021-04-25 17:07:40.620,0.6178332178814179,0.08267722374021827,0.729369938754336,0.08489607888292347,0.07548737669134724,0.8475324699986934,0.1265497827093912,0.9190421686031138,0.18723960839428908,0.1345776342229125,0.6952224278423239,0.80387597094331,0.9776121037795785,0.1635870983137849,0.8631889788976378,5.0
2021-04-25 17:07:40.640,0.6317255942274281,0.06546265041886178,0.723420781892136,0.08211830022852085,0.06441569562828751,0.8314458575005205,0.12870457397582447,0.9310395145867147,0.20767184739198313,0.24852656883739582,0.7133443321990375,0.7813953538542255,0.9601990125788952,0.13804364376557757,0.875984257007874,5.0
2021-04-25 17:07:40.660,0.6456179705734384,0.048248077097505296,0.7174716250299359,0.07934052157411822,0.053344014565227776,0.8153592450023476,0.13085936524225772,0.9430368605703155,0.22810408638967716,0.3742632904489886,0.7133443321990375,0.7571059322767881,0.9601990125788952,0.08913050834025564,0.893700797480315,5.0
2021-04-25 17:07:40.680,0.6386785252688418,0.015790146593204653,0.7099676900509326,0.07451207197035084,0.03537761975134213,0.7833152695104285,0.13515921691909133,0.9623627432427136,0.26821970646547943,0.4675835294752365,0.6927512648892771,0.7297157694769817,0.9353234591222829,0.07608719848768576,0.9291338582677166,5.0
2021-04-25 17:07:40.700,0.6284470906100996,0.006109292270468603,0.7032151713280321,0.07012957257835402,0.02107747271259195,0.7506559305607495,0.13881920547726598,0.9776456671727933,0.3085124413125216,0.5049116234776583,0.6614497888242125,0.6976744102429577,0.9303481446499071,0.05000013356520282,0.893700797480315,5.0
2021-04-25 17:07:40.720,0.6217378071512982,0.008064457538632433,0.6918232458762555,0.06544562645031005,0.010275715997351524,0.7166072966784015,0.1413129153391904,0.989128181152759,0.3499596377749303,0.5000000337696275,0.6276771295792939,0.6612403011419843,0.9452740880670403,0.05217412984496587,0.9448818897637795,5.0
2021-04-25 17:07:40.740,0.6329283670067453,0.02174237551831088,0.6689181732921282,0.05993990861061755,0.0031169280497489594,0.681069192889606,0.14224541615269617,0.9967076202940383,0.39276111609751724,0.4818271442919501,0.6054366023214515,0.620155033677092,0.9452740880670403,0.03695660110396009,0.984251968503937,5.0
2021-04-25 17:07:40.760,0.6377971715840206,0.025909737185911694,0.6609086529129236,0.05672223323741178,0.0015584640248744557,0.6626705554156387,0.1417023869184634,0.9983538101470191,0.41476546532796055,0.47298627992295544,0.6004942561885509,0.5746770036551506,0.9295194350238164,0.037681266530548194,0.9776902853543308,5.0
2021-04-25 17:07:40.780,0.642665976161296,0.030077098853512507,0.652899132533719,0.05350455786420609,0.0,0.6442719179416714,0.14115935768423102,1.0,0.4367698145584039,0.4654551731042499,0.5685063385121634,0.5263996570317299,0.9137647819805912,0.0384059319571363,0.9711286022047243,5.0
2021-04-25 17:07:40.800,0.596177136960509,0.018324281656147186,0.6481738184556934,0.04277160007504039,0.004306352927614898,0.5886158451597038,0.13478772368968436,0.9954479158149688,0.5032383213683362,0.45792406628554433,0.5365184208357759,0.47812231040830905,0.8980101289373674,0.0391305973837244,0.9645669190551182,5.0
2021-04-25 17:07:40.820,0.4887270553377925,0.01599244897557167,0.6223482311334203,0.031906899917600796,0.017514122744248288,0.5340119654096038,0.1241346317095868,0.9814395768755786,0.5689150019615551,0.3909627009237562,0.3970346179408818,0.38062015374351704,0.895522471701178,0.03478260482419704,0.9645669190551182,5.0
2021-04-25 17:07:40.840,0.4646324274984847,0.05294375432027187,0.585766624660928,0.024646437997069625,0.03185722043002989,0.49699049126624495,0.11055985020557564,0.9560220889577915,0.6368751051534035,0.3565815657311931,0.38962110885493434,0.3294573673250622,0.9154232201380522,0.0565221224044945,1.0,5.0
2021-04-25 17:07:40.860,0.498148454916258,0.10265291749470705,0.5523792472523741,0.01713855748246305,0.050679993589963834,0.4601021500086786,0.09575613278597979,0.9204111756721548,0.7033518706264459,0.3619843121587183,0.37891270009963013,0.2863049101400304,0.9104479056656735,0.07826097215877849,0.9763779527559056,5.0
2021-04-25 17:07:40.880,0.4887528196931028,0.12494604458396974,0.529943722741969,0.0096139796555012,0.07422864846527504,0.42540281593132195,0.08646363995035206,0.890389007434403,0.7442188999682658,0.41208254760321483,0.3616145189746884,0.254005180479336,0.9502488930867784,0.11304357698297553,0.9448818897637795,5.0
2021-04-25 17:07:40.900,0.45282142268080294,0.13687117832187284,0.5159790606050296,0.0,0.11678899044267713,0.3790305152651351,0.07927680942508852,0.8572117716730041,0.7815985406721118,0.5068762640242952,0.37067546778191074,0.22764860513704122,0.9104479056656735,0.14565240813607983,0.984251968503937,5.0
2021-04-25 17:07:40.920,0.4142757301468323,0.0,0.6413183849900566,0.2761667411973104,0.013879179357024596,0.6613029850535972,0.08756405736491514,0.8965113380985261,0.655648286975809,0.6424361923892667,0.33443164558394534,0.21007753375867871,0.9154232201380522,0.16304348793950676,0.9724409549606299,5.0
2021-04-25 17:07:40.940,0.3765807259278681,0.04344381120611387,0.566910440111757,0.21759590891748085,0.10543170581635931,0.47556065098565403,0.09585130530474134,0.9358109045240481,0.5296980332795063,0.7740668396609643,0.22322900255246453,0.19095609176913167,0.895522471701178,0.2065218552740895,0.940944891968504,5.0
2021-04-25 17:07:40.960,0.4015339645603101,0.12281549940339147,0.5082709192448013,0.1908079344595489,0.17423641308837945,0.378809030370299,0.05534815976399469,0.810173197449491,0.7663425457798168,0.8423379710154483,0.1614497669118381,0.15788114507759607,0.9104479056656735,0.24347823376937927,0.9448818897637795,5.0
2021-04-25 17:07:40.980,0.5125905782955855,0.2541295788328044,0.45215585590913737,0.17533641139584114,0.23486224441274434,0.30965841065887734,0.06941779089797784,0.7423648210161776,0.8538534566543489,0.8374263796993403,0.19851731908384437,0.1046511689390017,0.9054725911932948,0.28043483487333937,0.893700797480315,5.0
2021-04-25 17:07:41.000,0.5951875028873846,0.3619109927938858,0.41426535521836566,0.16327418114386294,0.2984447758509224,0.25358220074312454,0.09818623607676152,0.6710033260337833,0.9226118202868712,0.8320236171910401,0.2734761264328219,0.055297172203783704,0.9129355629018628,0.3586958070321191,0.8582677266141732,5.0
2021-04-25 17:07:41.020,0.553896892566078,0.3936394288466719,0.41133029956857775,0.16680262735365767,0.3378511190062179,0.23889010846040182,0.11388875232067555,0.6268567375639982,0.9390280135498235,0.8659135530500547,0.3080725089095123,0.01860463768570824,0.8258706163510852,0.4500000890434688,0.81496064,5.0
2021-04-25 17:07:41.040,0.457395895784658,0.40640084438213175,0.4007065518416048,0.17181924591322525,0.3788129524721975,0.22669051672780782,0.13469664525059502,0.5811806932190094,0.9509681940775112,0.9145383191401064,0.3080725089095123,0.0,0.8407960503155806,0.49782600372023567,0.8464567029921259,5.0
2021-04-25 17:07:41.060,0.3713228331264306,0.4308546410570775,0.3799869606767795,0.17845740301881102,0.41974329104881086,0.2158071676281492,0.16093032110175395,0.5358828994189152,0.9598253215381518,0.9666011951312399,0.27018122676346507,0.004134370980212676,0.791044943402359,0.5586956734669156,0.767716545511811,5.0
2021-04-25 17:07:41.080,0.2985570396092282,0.4710030280944157,0.35902667655734766,0.186597342792007,0.45887125618536934,0.20469561396066252,0.1921587741532749,0.4930173598283297,0.9676292411143076,1.0,0.19110381674016594,0.013178308821313354,0.7661693899457496,0.600000044521734,0.7086614173228346,5.0
2021-04-25 17:07:41.100,0.27079009048611113,0.5128616057716023,0.3507635087685121,0.19579689630243186,0.49623599525518974,0.1915608389331796,0.22870074927472725,0.4525845799235117,0.9765152788022687,0.9828094504945903,0.11614495545303638,0.02041348447439292,0.6915422201232779,0.654347948037794,0.6929133858267716,5.0
2021-04-25 17:07:41.120,0.27232820864195,0.5585656723640641,0.3531336701330904,0.20523985187131402,0.5326395126254028,0.17690117593464091,0.2702379762724466,0.41375454995142996,0.9857175022870971,0.9258349831873487,0.05683689624999477,0.02532298788478313,0.6567165471745489,0.7021740853232324,0.6338582576377954,5.0
2021-04-25 17:07:41.140,0.2915427448178598,0.6111863106074832,0.3509673129902178,0.21431260335227523,0.5687573318571676,0.16230921796201747,0.3159779837246211,0.3758628524078495,0.9932225671060536,0.8349705639403174,0.009060955549491273,0.027131813523301847,0.6318409937179396,0.7282609276370451,0.5984251968503937,5.0
2021-04-25 17:07:41.160,0.33479597059502153,0.6806531063901563,0.33865351640399755,0.22251849464032056,0.6051520267132218,0.14973946475740926,0.3650053591502911,0.33840315970549006,0.9967222293810051,0.7195481881127455,0.0,0.02739020510013827,0.5621891383678467,0.7782608385935763,0.5944881990551181,5.0
2021-04-25 17:07:41.180,0.3908485058842006,0.7405115875973436,0.3362614580804516,0.22930786283611196,0.6424455101326979,0.1414383812797757,0.41653000450716615,0.3008571724509409,0.9937316135577613,0.6009332417479594,0.05518944641531636,0.04018089483094809,0.4975125974901295,0.7978261372854392,0.5551181001574803,5.0
2021-04-25 17:07:41.200,0.43214921573498055,0.773209217588608,0.3424962952741989,0.23466227777907045,0.6803763898009952,0.13872082759695895,0.46953862914287153,0.2636292539152684,0.9832458665602488,0.564833041554371,0.11532125244807147,0.07002587278644742,0.4228859371202985,0.8413045046200206,0.5236220371653544,5.0
2021-04-25 17:07:41.220,0.4526041576839186,0.7891438295039562,0.35270736657628604,0.23900611514678902,0.7177372647987642,0.1416701642513763,0.5224605779584981,0.22799359446295986,0.9660932097884837,0.5719548509728246,0.12870676339220175,0.09089149493243084,0.38308494969919366,0.869565120604926,0.5196850393700787,5.0
2021-04-25 17:07:41.240,0.4575652754327768,0.8118657500119276,0.3641358673272852,0.24280170114054409,0.7532495596207603,0.14922811899111543,0.5984045217246879,0.18034550011732373,0.932021789796847,0.5790766603912783,0.14209227433633198,0.11175711707841425,0.30845828932936264,0.906521721708886,0.511811003464567,5.0
2021-04-25 17:07:41.260,0.4627903942789145,0.8347178450998896,0.3742404386875625,0.24623756046643344,0.7862944958198643,0.16074031155819743,0.66805782307246,0.13952676248486456,0.8928466956542395,0.5947937485826305,0.16474465983892583,0.1627907330886499,0.2537318679437623,0.9260870204007489,0.48425197858267716,5.0
2021-04-25 17:07:41.280,0.4888438426092457,0.8768111287431838,0.38814620591305166,0.24937140500338129,0.8162813027159574,0.17587380807894193,0.7077812659732152,0.11714374166296733,0.8636926109436955,0.5834970925757755,0.19604613590399053,0.1971576376643677,0.20895556605028165,0.93913033025332,0.47244094488188976,5.0
2021-04-25 17:07:41.300,0.5173230037694369,0.9227046338031027,0.4025207541918318,0.251964870576177,0.8428962879143324,0.1956313748831149,0.7413364141698212,0.09809003578594556,0.8314595643784302,0.5550098508817672,0.23393740456549977,0.23410854260911373,0.13432839622781004,0.9630433988960386,0.4251968503937008,5.0
2021-04-25 17:07:41.320,0.5275627985987712,0.949979406501284,0.41774257397860587,0.25388260854135236,0.8761289693764588,0.23738083534217008,0.7677615030792878,0.08235378833172793,0.7957285161779029,0.5240668296104798,0.2652389075996405,0.27390181834955823,0.10447803775145968,0.9826086975879015,0.42913384818897643,5.0
2021-04-25 17:07:41.340,0.5332864108536516,0.9617813649770911,0.4323729154821988,0.2531486813326257,0.9021158807376048,0.29252102835760957,0.786885435772001,0.06986624566110716,0.7567902292550078,0.4970530789799627,0.30642505570369943,0.31886304618267747,0.04975161636586224,0.9804349239168088,0.40157482330708655,5.0
2021-04-25 17:07:41.360,0.5427883018318107,0.9661389552973153,0.4504184351659664,0.25093839899570547,0.9139081909721143,0.33765913552962346,0.7978480757760272,0.060886060862533994,0.7151097733031322,0.48231830342356086,0.3830313230007588,0.3715762243624828,0.02487606290924997,0.9804349239168088,0.4133858166929134,5.0
2021-04-25 17:07:41.380,0.52450069559684,0.9648576569429451,0.47264247423195427,0.24802999686509397,0.9203614074695999,0.38818121549064166,0.7988339064273526,0.05603506728243741,0.6711881784133009,0.49508844325755824,0.4489291822167409,0.43255814450271346,0.0,0.9782609276370444,0.39763778519685045,5.0
2021-04-25 17:07:41.400,0.47416082128516224,0.94357800786605,0.49880930162178544,0.245404301462917,0.9207319530642787,0.44023204647224184,0.7891890379343539,0.05575788006449522,0.6275703069743039,0.527013780379951,0.4686985391050405,0.4974160207811379,2.5472632029990043e-07,0.9869564675387585,0.40748032,5.0
2021-04-25 17:07:41.420,0.43343936521584137,0.9275513300164531,0.5147637027116281,0.24390983462803972,0.9146857206311304,0.49019327263750584,0.7685800342082312,0.0602990965099615,0.5862934845956684,0.5373281301841655,0.4695222623368125,0.562273903404612,0.014925943417133184,0.9804349239168088,0.3937007874015748,5.0
2021-04-25 17:07:41.440,0.4350791796264118,0.9303721038122053,0.51850857454486,0.24344873633908104,0.9023381189235186,0.5379915977046248,0.737104369945881,0.06969539468561771,0.546382998811684,0.49214148846789335,0.517298209779585,0.6307493421293773,0.04975161636586224,0.96956516512666,0.4409448818897638,5.0
2021-04-25 17:07:41.460,0.44203649289042357,0.934869867737983,0.5286702776315958,0.2432122312460708,0.8835223713491324,0.5864187865710069,0.6946894672015744,0.08432330119627607,0.5044509887067519,0.4287819580779824,0.6029654326261357,0.706459935357056,0.07462716982247161,0.9521738627145615,0.4094488188976378,5.0
2021-04-25 17:07:41.480,0.3746747586358354,0.9026992200984759,0.5447574878039941,0.24315455379459477,0.8579426467134452,0.6354290925975211,0.6420098404349656,0.10479489458336964,0.45950613224795533,0.3835953099294002,0.5897858609177846,0.7837209414962513,0.15422914466468132,0.9326087866313703,0.4251968503937008,5.0
