2021-04-12 01:36:41.500,1.0,1.0,0.4319216298135302,0.5466910532801317,1.0,0.8667277042462562,0.9065600573361052,0.03086854496374577,0.16419483369691937,0.6870567284372142,0.4246987857300384,0.3712737241797322,0.7055577173388734,0.6774204440686066,0.43567250595259943,5.0
2021-04-12 01:36:41.520,0.5000000000000001,0.5,0.47856844840162027,0.5480225297509234,0.9781191368770576,0.8282784735864264,0.8904101564855312,0.04994305585992132,0.19870671543994958,0.671985812584522,0.6656626563550001,0.26287264122388404,0.7250015360039356,0.6451627820939665,0.48684213717451946,5.0
2021-04-12 01:36:41.540,0.0,0.0,0.5252152669897104,0.549354006221715,0.9562382737541173,0.789829242926603,0.8742602556349754,0.06901756675609687,0.23321859718297985,0.6338652402334334,0.6475903667874744,0.24728998515386613,0.8000020480052378,0.7419352174832277,0.40789469074791634,5.0
2021-04-12 01:36:41.560,0.5316668845281369,0.36389774478752457,0.4961728734833264,0.6943673583683553,0.960639546402026,0.4476084231859811,0.8911406405863138,0.06473069063282597,0.3441257257973835,0.5957446678823448,0.6295180772199485,0.23170732908384814,0.5500020480052523,0.7419335658791752,0.3421052418836537,5.0
2021-04-12 01:36:41.580,0.5517228919803004,0.4688549524092064,0.7370044049998595,0.5577615426911876,0.9695319695105978,0.7378087805224909,0.9080210255376522,0.060443814509555056,0.4550328544117873,0.303191474053982,0.38253009582796815,0.37398375233499515,0.4000010240026189,0.6129036520268395,0.42105268831025683,5.0
2021-04-12 01:36:41.600,0.5717788994324641,0.5738121600308883,0.9778359365163929,0.7015011904446365,0.973914608953421,0.41543035938096884,0.9411925842081024,0.05188502972423923,0.6544402605984817,0.25531913031679504,0.7018072294087417,0.21138212956486405,0.425002048005245,0.7096785648221512,0.3618421034903045,5.0
2021-04-12 01:36:41.620,0.4174228924179951,0.2601395813687975,0.0,0.5660222701164073,0.9688129470085354,0.7142996826638404,0.8947689413321334,0.05683275179865808,0.3181438184830257,0.16223401507571805,0.49246987360112193,0.29471546140092036,0.45000307200787115,0.8064534776174628,0.30263151867035215,5.0
2021-04-12 01:36:41.640,0.4559926060380081,0.3804140474359773,0.48145118914706253,0.6879645129915836,0.9790577845831611,0.5417637045662618,0.9274443221227995,0.07397505021827261,0.7109020927191332,0.06914889983464105,0.2831325177935021,0.37804879323697665,0.5000025600065617,0.8387101302785205,0.5065788640443103,5.0
2021-04-12 01:36:41.660,0.5000052076449175,0.4019402350640693,0.5231557459920415,0.8099067558667561,0.9893026221577866,0.3692277264686831,1.0,0.0,0.7015574707337658,0.06914893466491502,0.3283132283580887,0.47154472599707375,0.5500020480052523,0.8709667829395782,0.7105262094182685,5.0
2021-04-12 01:36:41.680,0.5440178092518269,0.4234664226921613,0.5648603028370204,0.8731561928155567,0.96961038424866,0.27053610846910997,0.9881457132011382,0.025048516356731953,0.7772985691899723,0.0,0.0,0.5934959430746721,0.6000040960105045,0.8817187252259314,0.5087719534626067,5.0
2021-04-12 01:36:41.700,0.5880304108587363,0.4449926103202532,0.6065648596819992,0.9364056297643573,0.9499181463395312,0.1718444904695431,0.9762914264022946,0.05009703271346535,0.8530396676461787,0.1276595673352896,0.3589357442045855,0.5284552939666196,0.5000025600065617,0.8924739707203707,0.3991227372853087,5.0
2021-04-12 01:36:41.720,0.3558528395255676,0.2094184553809582,0.38313594681744356,0.9186374308236002,0.9309323717868802,0.12446869898103277,0.9644371396034328,0.0751455490701973,0.9287807661023851,0.25531913467057926,0.717871488409171,0.46341464485856726,0.4000010240026189,0.9032292162147914,0.28947352110801167,5.0
2021-04-12 01:36:41.740,0.40726328178159193,0.18348439315457166,0.41745692131766055,0.9008692318828471,0.911946597234229,0.07709290749251613,0.9366511783363275,0.11360010229934309,1.0,0.3577127519662832,0.7377008062945963,0.5182926925434865,0.5750017920045902,0.8548405211141008,0.3684209675346148,5.0
2021-04-12 01:36:41.760,0.45867372403761625,0.15755033092818513,0.4517778958178774,0.8712668193208862,0.9068443872539012,0.17310642761269154,0.919483079128309,0.12193063330094168,0.95077069899402,0.4601063692619872,0.7575301241800216,0.5731707402284058,0.7500025600065617,0.8064518260134104,0.4473684139612179,5.0
2021-04-12 01:36:41.780,0.5170081224276575,0.2673233471814545,0.4873532776591018,0.8635634225266252,0.8930519792437076,0.19681952728468802,0.9023149799202903,0.13026116430254028,0.9015413979880402,0.5492021138536783,0.7748493994394083,0.5914634227900455,0.85000409601049,0.935481739865746,0.3421052418836537,5.0
2021-04-12 01:36:41.800,0.5216909886029075,0.19475952013616207,0.49200416100022165,0.8605130568293755,0.883560553395232,0.21877083351852225,0.8910967081698583,0.13842453153879936,0.8829925809690123,0.6382978584453695,0.792168674698795,0.6097561053516852,0.8250030720078638,0.870966782939597,0.5526315860387822,5.0
2021-04-12 01:36:41.820,0.5168027975542103,0.20760146424525897,0.49081016620069157,0.861760933705522,0.8688951249233112,0.24120214401905551,0.8798784364194445,0.1465878987750599,0.8644437639499846,0.7021276442899065,0.7740963892402626,0.6300813081979517,0.7375020480052487,0.8064501744093767,0.5921053092520837,5.0
2021-04-12 01:36:41.840,0.5159080564659078,0.2227371098961471,0.49332186673769884,0.8666029134798605,0.8499018605529298,0.255580049600442,0.8499733821241436,0.1721371924003699,0.8359940072641818,0.670212751367638,0.7530120506581669,0.5853658619361656,0.6500010240026334,0.7419335658791752,0.6315790324653852,5.0
2021-04-12 01:36:41.860,0.5209281289008048,0.2147656688030773,0.4949132585969553,0.8715468439793722,0.8332339105699343,0.26737571000631094,0.8319404173062652,0.18828545616673228,0.8229330969863438,0.6489361560861255,0.7334337370353455,0.5447154562436328,0.7500000000000145,0.967740869932873,0.6578947581163463,5.0
2021-04-12 01:36:41.880,0.5202177281902728,0.1953221425232371,0.49483573465741726,0.8754168935070304,0.8222107256564716,0.27649134658974794,0.8197840592519112,0.19899239701776633,0.8128208843381726,0.6276595608046133,0.7138554234125241,0.5040650505511,0.6500010240026334,0.8064518260134291,0.6315790324653852,5.0
2021-04-12 01:36:41.900,0.5123656439835219,0.21607089681428224,0.49415298933373014,0.8776475753738716,0.8145664532707985,0.28168028160250214,0.8131166689924803,0.20518111685568777,0.8090223103757199,0.5744680769546167,0.6897590361445782,0.46341464485856726,0.7750035840091879,0.8225813910469927,0.48684213717451946,5.0
2021-04-12 01:36:41.920,0.5081224768092873,0.20992638502463845,0.49021617171331455,0.8747018790878005,0.8197955334563309,0.28798255984497995,0.8127497041022421,0.20448480452902307,0.8025130630417926,0.539893605268375,0.6746987951807228,0.3414634277809689,1.0,0.7419335658791752,0.6315790324653852,5.0
2021-04-12 01:36:41.940,0.5049025479027098,0.25448656251742585,0.48779150673158067,0.8731919888479501,0.82711290269987,0.29218481942061547,0.8219341633975692,0.19389174653515373,0.7949551717913478,0.5797872214212105,0.6897590361445782,0.2601626163959033,0.6500010240026334,0.7741926959463021,0.6052633068144241,5.0
2021-04-12 01:36:41.960,0.5087321892629035,0.239926691243611,0.4864570342130154,0.8716820986081035,0.8344302719434091,0.2963870789962573,0.8336977139637722,0.18039109650807522,0.7855294602377987,0.6648936025472599,0.7078313253012049,0.22764229184187715,0.8000020480052378,0.8064518260134291,0.7105262094182685,5.0
2021-04-12 01:36:41.980,0.5034797165253584,0.2382724615636932,0.4882164906296856,0.872874922092655,0.8570093322215535,0.3076631792282561,0.8473012575008071,0.16522580448883828,0.777243296337564,0.6968084954695284,0.7228915687304561,0.18699187949477983,0.7500000000000145,1.0,0.7368422045429495,5.0
2021-04-12 01:36:42.000,0.49994531420789606,0.2773703201215764,0.48326213208860574,0.8746094437636429,0.8721394947496833,0.32192730602050085,0.8418355480439763,0.18598925238669806,0.8601910700041479,0.670212751367638,0.7168674698795181,0.15447156159531816,0.45000307200787115,0.7419335658791752,0.473684139612179,5.0
2021-04-12 01:36:42.020,0.5041496160590837,0.2986901501500259,0.47782917996351976,0.9641452892987791,0.7563116557000221,0.0,0.8363698385871272,0.20675270028455928,0.9431388436707318,0.6010638167027229,0.7108433744801342,0.09756098031664316,0.9500030720078712,0.6774219121610935,0.473684139612179,5.0
2021-04-12 01:36:42.040,0.5189060203582377,0.37793349324330955,0.48245891597568125,0.8296940322803206,0.9042960224409563,0.35121867749935237,0.8849177430108596,0.1193785184718807,0.7275755677948916,0.4999999891155394,0.7048192785876712,0.05691058793323951,0.7000030720078857,0.8709667829395782,0.42105268831025683,5.0
2021-04-12 01:36:42.060,0.5119093046051144,0.3711317495478018,0.48342493291310595,0.824985268120215,0.9257477738115241,0.3689632796735924,0.9024803725468851,0.09857602502299335,0.7073340290420266,0.40425531034873396,0.6927710848304285,0.04878048683103931,0.7000030720078857,0.935481739865746,0.5526315860387822,5.0
2021-04-12 01:36:42.080,0.5046418310111076,0.38145306843061916,0.4821961205618339,0.8164934523845976,0.9463856925482808,0.3891661259211215,0.9137451609735383,0.08463757675501214,0.6897206633057161,0.40425531034873396,0.6897590361445782,0.06504066907174605,0.3000020480052668,1.0,0.526315860387821,5.0
2021-04-12 01:36:42.100,0.49878748652610605,0.39692222034814895,0.48201754066053665,0.8075612095162175,0.9626338473814454,0.41072365087689616,0.9250099494001915,0.07069912848703093,0.6721072975694056,0.3989361571745717,0.7198795205376851,0.11382114592093856,0.45000307200787115,0.7419335658791752,0.42105268831025683,5.0
2021-04-12 01:36:42.120,0.499938516811729,0.3971245775909481,0.48340234694875595,0.7993616525261033,0.9758738356644501,0.43320385070089296,0.9402415766052057,0.04998416214836281,0.6344211047725781,0.4468085009117586,0.7590361495091051,0.21138212956486405,0.45000307200787115,0.8387109560805374,0.526315860387821,5.0
2021-04-12 01:36:42.140,0.5010895470973519,0.3973269348337472,0.4847871532369752,0.7910601448108121,0.9848934029959457,0.46144854620930026,0.9445314478573857,0.04125487845689343,0.6025368031067487,0.5425531840323483,0.7861445857094408,0.3008130227538926,0.6000040960105045,0.967740869932873,0.6315790324653852,5.0
2021-04-12 01:36:42.160,0.49676842433751983,0.34551452319785947,0.4902374985302794,0.7853604196019989,0.9899287526521504,0.48962657445844077,0.9450999850112857,0.03639435811310389,0.5707720196130843,0.6223404206918037,0.7861445857094408,0.3495935089194755,0.6000040960105045,0.7741926959463021,0.6052633068144241,5.0
2021-04-12 01:36:42.180,0.5006850182098673,0.35492672324398594,0.4910434388289266,0.7841451669579075,0.9875979579103321,0.5164290349247558,0.938897761514158,0.03863557274210469,0.5406460182624708,0.6223404206918037,0.7771084411311276,0.36585367785105316,0.40000102400263343,0.9354850430738322,0.526315860387821,5.0
2021-04-12 01:36:42.200,0.5046016120822148,0.36433892329011247,0.4918493791275738,0.7865131424679861,0.9806455802722596,0.5383470075289535,0.9290155520754217,0.04538004092299068,0.5160590110010798,0.6010638167027229,0.7620481977018762,0.3983739957505148,0.35000153600394285,0.8709684345436307,0.5394737232133016,5.0
2021-04-12 01:36:42.220,0.5028709626819272,0.370902626863189,0.49213978786078394,0.7887873233109004,0.9701309722505016,0.5592494155503609,0.9082070922425736,0.06205737190578222,0.482600363343013,0.5957446700592369,0.7417168706132594,0.4004065176987826,0.3000020480052668,0.8064518260134291,0.5526315860387822,5.0
2021-04-12 01:36:42.240,0.4939421656463259,0.332702467767171,0.495944855561579,0.7905422351269183,0.9567260252989618,0.5772273531320251,0.8958750045224523,0.07310238215279964,0.47162686539104076,0.5904255234157509,0.7213855435246425,0.40243903964705036,0.6000040960105045,0.8387109560805374,0.4473684139612179,5.0
2021-04-12 01:36:42.260,0.4968972596063306,0.31639509179233705,0.49733099336466663,0.7925554221133856,0.9461763430088095,0.5874674441550602,0.8835429168023311,0.08414739239981706,0.4606533674390686,0.5904255234157509,0.7025602420116486,0.44715448424519527,0.30000204800525226,0.8548388695100484,0.3947368279224358,5.0
2021-04-12 01:36:42.280,0.5050361216289241,0.35025043821641655,0.49787486798527053,0.7980859091184097,0.9252323464767773,0.5864496573302875,0.8597573896908697,0.10862146916369383,0.46481672178123146,0.5904255234157509,0.6837349404986549,0.49186992884334013,0.5500020480052523,0.6451627820939665,0.3684209675346148,5.0
2021-04-12 01:36:42.300,0.5083658766714018,0.3541606477243483,0.49891662532372877,0.8032765603728413,0.8952145271043275,0.5805233824300661,0.8409646524945839,0.12818068719193615,0.46947483289870034,0.3776595531854909,0.6867469879518072,0.3902439212665728,0.48750204800524866,0.6854842172718153,0.5131578628254806,5.0
2021-04-12 01:36:42.320,0.5075930892291183,0.31529002924440414,0.49519615177713944,0.7977127694642628,0.8892683425407862,0.5879052258242307,0.8342662511176904,0.13393665217263334,0.4612236319741566,0.3723404174264655,0.6746987951807228,0.32520326550395584,0.425002048005245,0.7258056524496453,0.6578947581163463,5.0
2021-04-12 01:36:42.340,0.49076098873539886,0.14804986268885265,0.49285355703608597,0.789919656031846,0.901834795263549,0.5955341825260642,0.8452648607859181,0.12177981986009544,0.45249825335912147,0.6436170072657474,0.6777108433734939,0.34146343044279476,0.1500010240026334,0.7419335658791752,0.42105268831025683,5.0
2021-04-12 01:36:42.360,0.4954877407674845,0.18557017431145778,0.49747107017512826,0.7938603913956329,0.9088869153523642,0.5894719064169454,0.8528522475307283,0.1149289525526606,0.459256381875271,0.8457447059779569,0.6837349404986549,0.4146341580275279,0.4000010240026189,0.7419335658791752,0.42105268831025683,5.0
2021-04-12 01:36:42.380,0.501832832863147,0.3307501022453005,0.5016403351691401,0.807786860454608,0.8960223313482581,0.573165094800839,0.8427426232304174,0.12739782389382776,0.4777566417616121,0.7340425372121748,0.6777108433734939,0.3983739957505148,0.5500020480052523,0.8387109560805374,0.4473684139612179,5.0
2021-04-12 01:36:42.400,0.5093429732992137,0.3844813869901179,0.4947863593277056,0.8155487089979688,0.881547619210725,0.566525035778094,0.8298109872389156,0.14144088170060312,0.48538108534297775,0.5638297749600764,0.6596385542168675,0.35772359005798204,0.6000040960105045,0.5483886951006904,0.42105268831025683,5.0
2021-04-12 01:36:42.420,0.5080009179755706,0.3516841534766864,0.4925069708979707,0.816077493425877,0.8745300253548619,0.5646139076791773,0.8233710118410775,0.14824489434680602,0.48761190720773095,0.6010638167027229,0.6686746987951807,0.3333333466424624,0.7500000000000145,0.6129036520268395,0.473684139612179,5.0
2021-04-12 01:36:42.440,0.5173546921564193,0.32477437848461516,0.49211240371378895,0.8174558672302547,0.87350300693347,0.5635205646272394,0.8225337116689498,0.14923111988985238,0.48884849245322637,0.6542553049065036,0.6762048192771084,0.2642276566324284,0.6500010240026334,0.6129036520268395,0.2631577954570506,5.0
2021-04-12 01:36:42.460,0.5057057954542229,0.3114640191230302,0.4873407785305291,0.8184536249939683,0.8777393209128416,0.567936159432526,0.8259759457098664,0.14511311577477673,0.4838341883535853,0.6542553136140722,0.6746987951807228,0.28455285981142303,0.6000040960105045,0.6774219121610935,0.42105268831025683,5.0
2021-04-12 01:36:42.480,0.5110614946629658,0.3465026790221591,0.48861370487177275,0.8213068859558819,0.8801715022117351,0.5693561720548627,0.827299086722569,0.14345416792547952,0.48113297645404096,0.5531914773193202,0.6716867469879518,0.3089431032269427,0.5500020480052523,0.6774219121610935,0.1842106185041673,5.0
2021-04-12 01:36:42.500,0.5107968290805198,0.3635121222179325,0.4887746358994743,0.8237455473020814,0.8787586668380184,0.5712806336056302,0.8232082034742668,0.14700365254860956,0.47636644177533366,0.5691489237804545,0.6807228915662651,0.3089431032269427,0.5500020480052523,0.5161262618254774,0.3684209675346148,5.0
2021-04-12 01:36:42.520,0.5015370306140122,0.38578552534752975,0.4863030111324185,0.8218914034468882,0.8721345624306913,0.5788451452901795,0.8191173202259645,0.15055313717173818,0.4715999070966264,0.6170212631638571,0.6987951814625103,0.3333333466424624,0.4750015360039356,0.5806445219597314,0.3289472443213132,5.0
2021-04-12 01:36:42.540,0.5076119293764486,0.37775914863642457,0.4830790603048487,0.8183809001433452,0.8632421393221194,0.5992008817856148,0.812382739212004,0.15543936250328902,0.455606277882398,0.603723391112912,0.7010542174221839,0.33739838721171567,0.4000010240026189,0.6451627820939665,0.28947352110801167,5.0
2021-04-12 01:36:42.560,0.5087640031997838,0.36938119201101277,0.48532037061411953,0.8180709699388137,0.8565574769982687,0.6106469835287385,0.7998904273848744,0.16577179144404594,0.4360650413987701,0.5904255190619667,0.7033132533818576,0.3414634277809689,0.7000030720078857,0.6774219121610935,0.052631451301922184,5.0
2021-04-12 01:36:42.580,0.5099160770231189,0.36100323538560103,0.48756168092339036,0.8177610397342784,0.849872814674418,0.6220930852718684,0.7938458437349712,0.17072667186948642,0.4260198104513966,0.6223404206918037,0.7259036169232272,0.4146341580275279,0.7500000000000145,0.6129036520268395,0.2631577954570506,5.0
2021-04-12 01:36:42.600,0.5046411540041243,0.3745145436452786,0.484359204405104,0.8173399832393041,0.8402378035397079,0.634499639996803,0.7878012600850681,0.17568155229492546,0.41597457950402283,0.6276595608046133,0.7439759060798538,0.4308943136499765,0.5500020480052523,0.5806445219597314,0.0,5.0
2021-04-12 01:36:42.620,0.5050333012791092,0.37286720208709395,0.48315941942653323,0.8169189267443299,0.8306027924049979,0.6469061947217313,0.7705590787630596,0.1908455427957955,0.39531909752054123,0.5904255234157509,0.7680722940874184,0.4308943136499765,0.7500000000000145,0.5806445219597314,0.07894717695288327,5.0
2021-04-12 01:36:42.640,0.505425448554094,0.3712198605289094,0.4819596344479625,0.8157539697913216,0.8137709798243498,0.6713437452777319,0.7515079155877367,0.20717666989280503,0.3679290410255864,0.5811170108031973,0.7778614500975753,0.40650407189809795,0.6750020480052595,0.5645166085302202,0.2368420698060895,5.0
2021-04-12 01:36:42.660,0.5064361643810338,0.36363419495081345,0.4862324182393111,0.8142994727788158,0.7982396553514708,0.6986595436403824,0.7334594452110995,0.22225606169977957,0.33726089886682226,0.5718084981906435,0.7876506061077324,0.38211383014621947,0.7250028160072237,0.580646173563765,0.22368420698060895,5.0
2021-04-12 01:36:42.680,0.5067906313022099,0.3419342214733806,0.4905288975690561,0.8134879450064201,0.7839260656343712,0.7265575694006179,0.7115345851487782,0.23972585467864146,0.28990227551824665,0.5212765843970517,0.7981927710843373,0.3495935089194755,0.7750035840091879,0.5967757385973285,0.21052634415512841,5.0
2021-04-12 01:36:42.700,0.50547881037937,0.35188643326216773,0.49280675462792917,0.8123025979083818,0.771498539896568,0.7689223904212494,0.6938479111428113,0.2531355611097849,0.24263314511972933,0.48404254378638906,0.792168674698795,0.36585367785105316,0.9000061440157423,0.7419335658791752,0.42105268831025683,5.0
2021-04-12 01:36:42.720,0.5041669894565302,0.36183864505095487,0.4950846116868023,0.8109337395050236,0.7572734579036174,0.8066605036489196,0.6827045829263155,0.26201028947883503,0.2157920073431246,0.4734042428367569,0.795180730287754,0.37398375233499515,0.35000409601049,0.935481739865746,0.5526315860387822,5.0
2021-04-12 01:36:42.740,0.5006628216581668,0.31933029090178794,0.49782649763231906,0.8096817845998688,0.7493877759050211,0.8307229397594581,0.6728120364483884,0.2696778595619382,0.18870560735897443,0.4999999891155394,0.789156626506024,0.3983739957505148,0.47500409601049726,0.83870765287247,0.5131578628254806,5.0
2021-04-12 01:36:42.760,0.5061850366669728,0.3344756384099417,0.49774710139875783,0.8094520556324739,0.7384933793208147,0.85266757926737,0.6603869153758065,0.2802764490088694,0.16402156250540226,0.5319148820378079,0.7861445857094408,0.3821138334735017,0.6000040960105045,0.7419335658791752,0.473684139612179,5.0
2021-04-12 01:36:42.780,0.5099445065786673,0.2987713746504451,0.5032540299999897,0.812085103028008,0.7326776271928626,0.8671570413959221,0.6535437954506633,0.28591299967933853,0.14771265312441564,0.5265957332174298,0.7831325301204819,0.36585367785105316,0.6250025600065544,0.8387109560805374,0.48684213717451946,5.0
2021-04-12 01:36:42.800,0.5116981135602027,0.2949018571475036,0.503394579566253,0.8145482325482457,0.7289707154520524,0.8810300536004712,0.6487577463186991,0.2895172294188038,0.13208610448566696,0.537234030858186,0.7680722940874184,0.35772359005798204,0.5,0.6451627820939665,0.526315860387821,5.0
2021-04-12 01:36:42.820,0.5049554584294291,0.2941121469714533,0.5046905491500593,0.8179764956001462,0.7249371745868293,0.8902034684752764,0.6441164157350396,0.2934318712889444,0.12175816414362618,0.5877659424748856,0.7500000049307919,0.3617886306272353,0.4000010240026189,0.5161262618254774,0.4473684139612179,5.0
2021-04-12 01:36:42.840,0.5047666050660896,0.34129569222767997,0.5002798927129951,0.8217772186346901,0.7171517830744178,0.9005324491773277,0.635877795523023,0.30098848693120944,0.11014692924733782,0.5864361563582371,0.736445786830624,0.38008131318887506,0.4000010240026189,0.7096777390201343,0.7368422045429495,5.0
2021-04-12 01:36:42.860,0.5015901667308619,0.26994648060368653,0.5045412823455596,0.8268475680334209,0.7130491897432986,0.9031769171281533,0.6317843280149185,0.30498544983810016,0.10718890815748683,0.5851063702415886,0.7228915687304561,0.3983739957505148,0.35000409601049,0.935481739865746,0.7894736558448716,5.0
2021-04-12 01:36:42.880,0.49502756529219555,0.30201003190420966,0.5028729582328808,0.8321666772015778,0.7066936227033548,0.900830229602036,0.6234526744504412,0.3138772606357238,0.11066373723275065,0.5212765865739438,0.697289156626506,0.32926830607320906,0.6500010240026334,0.6774219121610935,0.6315790324653852,5.0
2021-04-12 01:36:42.900,0.49926616370438165,0.283289234847404,0.5002284973888397,0.835736311925724,0.7014423470823563,0.8987079885154508,0.624693119149874,0.3127367238212193,0.11246727473142638,0.5053191379359175,0.6837349404986549,0.24390245212252087,0.45000307200787115,0.6774219121610935,0.42105268831025683,5.0
2021-04-12 01:36:42.920,0.505397695999614,0.26932406970068945,0.4998177873655011,0.8365138561230621,0.7107074342926059,0.8959501862238711,0.6259335638493069,0.3115961870067148,0.11427081223010202,0.5797872214212105,0.6867469879518072,0.21951220737608831,0.5,0.6129036520268395,0.5526315860387822,5.0
2021-04-12 01:36:42.940,0.5123753461335722,0.3025092740532787,0.5003536211835387,0.8400821315042054,0.7196793225405062,0.8913634787864748,0.6390719406240384,0.298539029363393,0.1204828436013783,0.5904255234157509,0.6867469879518072,0.2357723729803837,0.6000040960105045,0.6129036520268395,0.5526315860387822,5.0
2021-04-12 01:36:42.960,0.4993445701745007,0.35913005979672113,0.49769861310397717,0.8417136829427634,0.7189613961093321,0.8898612432110506,0.6385318303278353,0.2992418492818951,0.12218087112012309,0.49468084073053975,0.6566265060240963,0.2601626163959033,0.4000010240026189,0.6451627820939665,0.7368422045429495,5.0
2021-04-12 01:36:42.980,0.49824755033014,0.37730435208709556,0.49479893961607263,0.8433452343813213,0.7182434696781599,0.8883590076356201,0.6379917200316323,0.2999446692003973,0.12387889863886778,0.42021275463297614,0.6355421686746987,0.2764227786729165,0.3250005120013167,0.6935498255906233,0.8289475137950331,5.0
2021-04-12 01:36:43.000,0.5013889029529477,0.35950191006135435,0.49302293752672816,0.838752694047916,0.7138548018454544,0.8857634290082581,0.6341101618263436,0.30420323729917303,0.12684497041391082,0.4414893477375963,0.6385542168674698,0.3008130227538926,0.3250005120013167,0.6774202605570598,0.8289475137950331,5.0
2021-04-12 01:36:43.020,0.5115875542268044,0.33105371655144394,0.49518680487416594,0.835677860176624,0.713005894943251,0.8817056151610181,0.6336760061815393,0.30502644766667736,0.13142420015113604,0.489361690168648,0.6475903614457831,0.31707318569636217,0.3250005120013167,0.6612906955234963,0.8289475137950331,5.0
2021-04-12 01:36:43.040,0.5048204180716267,0.3257412493005456,0.4953589848574553,0.8344082338124333,0.7099478571677148,0.8777126907794689,0.6311744427043653,0.30799521106316613,0.13595635254828617,0.5212765843970517,0.6566265060240963,0.36585367785105316,0.45000307200787115,0.4516146081073957,0.8157896509695525,5.0
2021-04-12 01:36:43.060,0.49817568680187735,0.3811863920752236,0.4889460589116056,0.8324793260921148,0.6962239535879752,0.8810656094720839,0.6179740436946539,0.3213305682575616,0.13226300487495304,0.5159574355766736,0.6626506011769405,0.3983739957505148,0.0,0.35484052111410086,0.2631577954570506,5.0
2021-04-12 01:36:43.080,0.4971992671810485,0.351686814595046,0.49050009832821234,0.8306646031839904,0.6819903770456461,0.88426563791678,0.6043291520009841,0.3351539948398047,0.12874508546561395,0.489361690168648,0.6596385542168675,0.40650407023445684,0.45000307200787115,0.22580730405369784,0.2631577954570506,5.0
2021-04-12 01:36:43.100,0.5021785003496826,0.3643847799915145,0.4931292578977325,0.8289001759669531,0.6666108583906549,0.8850878674477112,0.5898572971743592,0.3500954256998144,0.12791845644473504,0.47872339339864867,0.6716867469879518,0.3983739957505148,0.45000307200787115,0.5161262618254774,0.3684209675346148,5.0
2021-04-12 01:36:43.120,0.5187189721891258,0.3512403138557389,0.49612520927261056,0.8275367549356059,0.6556813875380583,0.8855278713588515,0.5796029543257802,0.3607327353181818,0.12749270554250355,0.46808509619327093,0.6927710848304285,0.3495935089194755,0.45000307200787115,0.5645149569261491,0.4210525535733969,5.0
2021-04-12 01:36:43.140,0.5029343656930764,0.3217629613744315,0.49463342201948457,0.8251619827105173,0.6495713403768684,0.8922034862532091,0.5732973604370377,0.36665724692748003,0.11999964914347201,0.489361690168648,0.6987951814625103,0.3495935089194755,0.45000307200787115,0.6129036520268395,0.473684139612179,5.0
2021-04-12 01:36:43.160,0.4996153280153842,0.3235539728006002,0.49659997169812303,0.8243287054500811,0.642685823062921,0.8973857545400348,0.5664025553160689,0.3733558365859096,0.11418745313542804,0.5212765843970517,0.7108433744801342,0.36585367785105316,0.6750020480052595,0.532259130067127,0.3815788303600953,5.0
2021-04-12 01:36:43.180,0.5070462716469524,0.30823224775917785,0.498674967353993,0.8251728574545356,0.6366662017499318,0.9017302376021086,0.5603863985238625,0.3792081139258074,0.10932345916198184,0.5425531840323483,0.7108433744801342,0.3983739957505148,0.6000040960105045,0.5161262618254774,0.4473684139612179,5.0
2021-04-12 01:36:43.200,0.5049872161255186,0.31178062295572984,0.49969489274681167,0.826210036165322,0.6307252235231077,0.9030002488910999,0.5547372066218944,0.3849845778207925,0.10792733233793807,0.5372340330350781,0.7153614466460211,0.41056911413099234,0.4000010240026189,0.32258469425506,0.6578947581163463,5.0
2021-04-12 01:36:43.220,0.5029281606040849,0.3153289981522819,0.5007148181396303,0.8272472148761083,0.6247842452962815,0.9042702601800912,0.5490880147199262,0.39076104171577897,0.1065312055138943,0.6276595608046133,0.7228915687304561,0.3821138334735017,0.5500020480052523,0.5161262618254774,0.6578947581163463,5.0
2021-04-12 01:36:43.240,0.5033296716439241,0.31318366544635284,0.5014980738595749,0.8299822129968193,0.6138536783727945,0.9062124996666618,0.5387509755580591,0.4013947721586356,0.1044047205292298,0.6648936025472599,0.7319277157741654,0.3495935089194755,0.19999795199476228,0.5483886951006904,0.5526315860387822,5.0
2021-04-12 01:36:43.260,0.5073516636651074,0.2837878505768256,0.5041871141137924,0.8352646199039129,0.6103696800486884,0.9041958150739109,0.5337065004470761,0.40691548769438746,0.10738920920506452,0.6507092056929182,0.7274096424166706,0.3319783331193779,0.35000409601049,0.5806445219597314,0.6578947581163463,5.0
2021-04-12 01:36:43.280,0.51218040065375,0.28891987214422493,0.5050911011927368,0.8405470268110065,0.6068856817245805,0.9021791304811599,0.5330449299407156,0.4078258997925211,0.11010844697211988,0.6365248088385767,0.7228915690591756,0.3143631573192804,0.6000040960105045,0.7419335658791752,0.5526315860387822,5.0
2021-04-12 01:36:43.300,0.5094763214944453,0.29737255778471805,0.5044746636550833,0.8521449413069679,0.6069922746183688,0.8968524164659198,0.5323833594343368,0.40873631189065474,0.11282768473917533,0.6223404119842352,0.7183734957016809,0.29674798151918286,0.25000000000001454,0.7096777390201343,0.6578947581163463,5.0
2021-04-12 01:36:43.320,0.5067722423351406,0.3058252434252111,0.5038582261174299,0.8578514632307949,0.6083804483971196,0.8929412705890704,0.5348435747548759,0.4067170061433287,0.11943619318786085,0.5638297749600764,0.7018072294087417,0.22764229184187715,0.5500020480052523,0.6129036520268395,0.42105268831025683,5.0
2021-04-12 01:36:43.340,0.5137885882150866,0.33203060364883696,0.5038945468942332,0.8624297304626769,0.6138213442816193,0.8883056738282042,0.540322205510663,0.4014338177096632,0.12463616908998763,0.5638297749600764,0.7048192785876712,0.21951220737608831,0.5500020480052523,0.5483886951006904,0.42105268831025683,5.0
2021-04-12 01:36:43.360,0.5103620374302174,0.3655341323712084,0.5010110669911672,0.8662725931302914,0.6163960147958608,0.8872852203130677,0.5415729872492501,0.40017557482778926,0.12520451679526792,0.5957446635285606,0.7108433744801342,0.24390245212252087,0.6500010240026334,0.5161262618254774,0.4473684139612179,5.0
2021-04-12 01:36:43.380,0.5044392139290018,0.3808383290841758,0.4990413025314573,0.8707407535789836,0.6143217006416669,0.8884790087022965,0.542823768987837,0.3989173319459154,0.12577286450054811,0.7792553021853885,0.7334337374051549,0.37398375233499515,0.5500020480052523,0.4838737381745226,0.3421052418836537,5.0
2021-04-12 01:36:43.400,0.48621164021414387,0.34385614725397556,0.4976240955469286,0.8813515584980831,0.5975836021218849,0.8898000574819889,0.5304175991537259,0.4115171143428886,0.12140112264479251,0.8577127690548864,0.743222894031661,0.5000000099818467,0.625002560006569,0.4919368690872613,0.42763161972299707,5.0
2021-04-12 01:36:43.420,0.49327787877612095,0.36433818203014506,0.49869935448569147,0.8919623634171827,0.5808455036021009,0.8911211062616813,0.4928614130387789,0.45116651566342136,0.1233516222069323,0.9361702359243844,0.7530120506581669,0.6260162676286983,0.7000030720078857,0.5,0.5131579975623405,5.0
2021-04-12 01:36:43.440,0.500344117338098,0.3848202168063146,0.4997746134244543,0.9092221680750615,0.5390827366369104,0.8897356124646983,0.45530522692383196,0.49081591698395266,0.12530212176907218,1.0,0.7560240976182402,0.8252032555221089,0.6000040960105045,0.5483886951006904,0.473684139612179,5.0
2021-04-12 01:36:43.460,0.5009076879744254,0.3588075879157788,0.49541573488112695,0.9264819727329404,0.49731996967171815,0.8883501186677154,0.4153241437055033,0.5332208496084135,0.12524429484743577,0.8989361767666008,0.7168674698795181,0.9756097832027384,0.4000010240026189,0.4838737381745226,0.5526315860387822,5.0
2021-04-12 01:36:43.480,0.5096285098370074,0.3990229481417021,0.4916666543539629,0.9434057931120764,0.43480611465066,0.8888523453541763,0.37534306048717464,0.5756257822328759,0.1251864679257993,0.7287233883917968,0.6746987951807228,1.0,0.5,0.1612956503356161,0.5526315860387822,5.0
2021-04-12 01:36:43.500,0.5154322000514824,0.35872503285617985,0.4942835848073027,0.9598511247543836,0.3283622865025188,0.8855056489390959,0.2791155629293,0.6793769696650219,0.12966389099828204,0.6063829698768853,0.6475903614457831,0.9593495943074671,0.45000307200787115,0.5806445219597314,0.6578947581163463,5.0
2021-04-12 01:36:43.520,0.5138204023382826,0.35384607583340544,0.49584346668858675,0.9670393305507603,0.22910703926865833,0.8733277629134424,0.223579820032138,0.7407200520216879,0.13998033802879625,0.5106382880624308,0.6385542168674698,0.9105691074764277,0.45000307200787115,0.2903255641879518,0.5526315860387822,5.0
2021-04-12 01:36:43.540,0.5140656636442874,0.2805531062960885,0.4983729499608248,0.9675358305823671,0.19201983669091824,0.8651465790806994,0.16804407713497602,0.8020631343783553,0.1502967850593105,0.5212765843970517,0.6475903614457831,0.8455284583683753,0.5,0.32258469425506,0.6052633068144241,5.0
2021-04-12 01:36:43.560,0.5124989921196057,0.2266582750196244,0.5005131556020549,0.96803233061397,0.15493263411317812,0.8569653952479565,0.13129590291451362,0.8438539943680056,0.16410919229688772,0.5239361589160854,0.6536144578313253,0.7764227686910696,0.40000358400918057,0.2741959991543883,0.6578947581163463,5.0
2021-04-12 01:36:43.580,0.5108398118670583,0.2106095979528687,0.5023548758827429,0.9698616664593674,0.12756621021707898,0.8470430848274216,0.09454772869406962,0.8856448543576544,0.1779215995344649,0.526595733435119,0.6596385542168675,0.7073170790137638,0.4000010240026189,0.3871029543893139,0.8157896509695525,5.0
2021-04-12 01:36:43.600,0.509993242942708,0.28025669092557653,0.5010914811350301,0.9716910023047649,0.10019978632098078,0.8371207744068805,0.05544270954468296,0.9306663269703724,0.19444361438614405,0.48404254378638906,0.6777108433734939,0.5528455373821394,0.41666837333770296,0.3871022203430705,0.8157896210280284,5.0
2021-04-12 01:36:43.620,0.5022520562179597,0.2529861748862173,0.49684012873191985,0.9722367785202057,0.061531501488327395,0.8294984844309692,0.03730120581560347,0.9514558052355848,0.19999351140331253,0.545212754654745,0.6799698795180722,0.5203252128281131,0.43333572267280157,0.3871014862968458,0.8157895910865034,5.0
2021-04-12 01:36:43.640,0.5099380760769889,0.17658335311612922,0.5005469204280243,0.975130819772187,0.05196341918217281,0.8227773135761155,0.03229980170111141,0.9576957181292989,0.20640722393962785,0.6063829655231009,0.6822289156626505,0.4878048882740869,0.4500030720078857,0.38710075225060236,0.8157895611449792,5.0
2021-04-12 01:36:43.660,0.5176665146171049,0.23755615204254452,0.5030888736165117,0.9780248610241721,0.04239533687601822,0.8160561427212617,0.027298397586637702,0.963935631023013,0.21282093647594336,0.5531914773193202,0.6716867469879518,0.46341464485856726,0.45000307200787115,0.32258469425506,0.7368422045429495,5.0
2021-04-12 01:36:43.680,0.5177167738978853,0.3011417572958311,0.4982017842148362,0.9807598591448792,0.029939244790718165,0.8095465293024767,0.022296993472145636,0.9701755439167271,0.2192346490122587,0.49468084073053975,0.6686746987951807,0.47154472599707375,0.5500020480052523,0.35484052111410086,0.7105262094182685,5.0
2021-04-12 01:36:43.700,0.516986489848326,0.25765495098477953,0.49861297001145605,0.9834948572655863,0.017483152705418108,0.8030369158836919,0.006631210622345637,0.9886636123284361,0.228330895858473,0.60904253993329,0.6762048192771084,0.4512195231508074,0.4000010240026189,0.22580730405369784,0.473684139612179,5.0
2021-04-12 01:36:43.720,0.5162562057987666,0.21416814467372794,0.4990241558080758,0.985655532967806,0.006686306430182349,0.7940826140676782,0.0030235839548343403,0.9934545014395606,0.23556102454645222,0.6755319001880161,0.6686746987951807,0.40650407023445684,0.6000040960105045,0.3871029543893139,0.526315860387821,5.0
2021-04-12 01:36:43.740,0.5145802724092506,0.2313429362684143,0.5005469832228139,0.992433217177477,0.004223983181888542,0.7817509488973178,0.0021966208218974553,0.9958795555379855,0.2495849501196414,0.5904255234157509,0.6596385542168675,0.3333333466424624,0.5,0.35484052111410086,0.8421053766205137,5.0
2021-04-12 01:36:43.760,0.514873085500434,0.2929590379118452,0.493497804523514,1.0,0.0,0.7682437177219321,0.0,1.0,0.26496261757616785,0.4361702032710025,0.6506024096385542,0.25203253525739683,0.7500000000000145,0.2903255641879518,0.5526315860387822,5.0
2021-04-12 01:36:43.780,0.5111083131914983,0.28359331849237995,0.49285667388433896,0.997197714400677,0.008171482482458595,0.7648272429088208,0.0074840163531954065,0.9920107921903042,0.26878649369208113,0.3457446602632224,0.644578315718408,0.1300813181797985,0.35000409601049,0.4838737381745226,0.7894736558448716,5.0
2021-04-12 01:36:43.800,0.514005871258185,0.26901873492310535,0.49421527791506736,0.9905043094571545,0.029858341058350005,0.7641001253344465,0.02645765173479803,0.9707953920392949,0.26944852070371966,0.3776595531854909,0.6596385542168675,0.06504066907174605,0.7500000000000145,0.3871029543893139,0.526315860387821,5.0
2021-04-12 01:36:43.820,0.5134288190386241,0.2481148881071607,0.49522206464273566,0.9850995616798501,0.05930812169346279,0.7644556840505231,0.05215553109122533,0.9420097103031599,0.26882691579906437,0.4468085009117586,0.6686746987951807,0.0406504256562264,0.5500020480052523,0.516131216637616,0.5657894488642626,5.0
2021-04-12 01:36:43.840,0.5069233025496063,0.2771689009000245,0.4927851528561484,0.9815992534488259,0.08712420867107191,0.7670601516457899,0.07626150641672205,0.9148183885673328,0.26566157039722066,0.4414893477375963,0.6867469879518072,0.016260182240706737,0.9000061440157423,0.0,0.3684209675346148,5.0
2021-04-12 01:36:43.860,0.5148840286919417,0.33414103592532757,0.4908357549473658,0.9775701607898859,0.11312246208211245,0.7755980053156007,0.09818636647904333,0.8894316220481755,0.2557804507506566,0.3776595531854909,0.6957831335162787,0.024390243415519656,0.7500038400098353,0.20161460810739565,0.38157889772852527,5.0
2021-04-12 01:36:43.880,0.5112609528207877,0.34667498873340646,0.4918094763424402,0.971689642961766,0.13685897321723473,0.787211441879479,0.117868089043246,0.8662437708110764,0.24242582080773653,0.3351063756838189,0.7138554234125241,0.024390243415519656,0.6000015360039428,0.4032292162147913,0.3947368279224358,5.0
2021-04-12 01:36:43.900,0.5112971666731336,0.32042032869931797,0.49298432783562435,0.9643994864402162,0.16310767882602115,0.8027915803695989,0.13944148977406956,0.8406171995326904,0.22455563054648123,0.36702126425230314,0.7259036169232272,0.016260182240706737,0.4000010240026189,0.4193554780402687,0.6315790324653852,5.0
2021-04-12 01:36:43.920,0.5031428490649427,0.3330920012748949,0.4913570162121892,0.9578175476228864,0.18753909890368223,0.821613969901956,0.15918523457325215,0.8167470272913756,0.20302846637432231,0.4308510544506244,0.7379518084616136,0.024390243415519656,0.3000020480052668,0.5483886951006904,0.6315790324653852,5.0
2021-04-12 01:36:43.940,0.5036562730381112,0.29206979245672715,0.49166143099284443,0.7263459024984075,0.17869380684326347,0.7080507382287848,0.16380589107860333,0.825379673244053,0.33190549106925477,0.4308510544506244,0.7439759060798538,0.024390243415519656,0.45000307200787115,0.3871029543893139,0.8157896509695525,5.0
2021-04-12 01:36:43.960,0.5027197900864318,0.3812788813640417,0.4948714587536561,0.6738399196900154,0.23276956013853245,0.855145379070032,0.19615048661611664,0.7726005004012745,0.16469625592840959,0.3085106228743601,0.7575301229473237,1.3309129077991437e-08,0.35000409601049,0.4193554780402687,0.9210525535733969,5.0
2021-04-12 01:36:43.980,0.5031083272687009,0.389866475727814,0.4960359881256978,0.6680627119300714,0.25245444523879135,0.876732237619891,0.21168705647640731,0.7533978984057523,0.14009342332012686,0.32446807804306277,0.7680722940874184,0.0,0.6000040960105045,0.6451627820939665,0.6578947581163463,5.0
2021-04-12 01:36:44.000,0.5062856682010424,0.36627376179636384,0.49722463657580585,0.6605441857841255,0.27630001542719707,0.8995568849500836,0.23095529747413235,0.7301527803604773,0.11406879370301676,0.37101062913292493,0.769578315718408,0.042682932631723965,0.5,0.5161262618254774,0.8947368279224358,5.0
2021-04-12 01:36:44.020,0.501545040424048,0.36282539088950305,0.5008436266722299,0.655847655711041,0.2986845231228483,0.9192659490306562,0.24932421606478647,0.7083041915236339,0.0915968011167215,0.4175531802227871,0.7710843373493975,0.0853658652634479,0.47500025600064744,0.5564510002114124,0.7960526546260418,5.0
2021-04-12 01:36:44.040,0.5005583539089199,0.37992764501888887,0.5005725211977937,0.6538480621546015,0.3137297401572155,0.9374749997777746,0.2571984556463489,0.6985692408585019,0.07662504920757694,0.43617020109411037,0.7597891578592039,0.1300813131888751,0.4500005120013094,0.5967757385973285,0.6973684813296479,5.0
