2021-04-07 23:16:40.340,0.9660487869068431,0.4711092896473212,0.106460463517514,0.37175734119139675,0.18920697391700336,0.6018957853984725,0.06864891144366059,0.797162734233432,0.5106706346720246,0.967807432938324,0.6656488674581901,0.5339981469212812,0.578198895730114,0.6180904768263411,0.6577180525417807,2.0
2021-04-07 23:16:40.360,0.36316607077989804,0.3194762072345016,0.8646468866969326,0.4192542043647338,0.17377068189444947,0.5777699378340103,0.06329650423234946,0.8156773145240914,0.542092855938621,0.971287720723902,0.9076335690417224,0.488667243545313,0.6113745524853353,0.5979897183202585,0.5973153882726027,2.0
2021-04-07 23:16:40.380,1.0,0.3995005678428065,0.15075986277046852,0.4557215781892977,0.16599240849666283,0.6301540704299332,0.0549860475648176,0.8250269919798281,0.4763051502667615,1.0,0.7198473469888119,0.46441520242880474,0.6208531035691013,0.5728644134036958,0.5973153882726027,2.0
2021-04-07 23:16:40.400,0.4871394433217768,0.2962381564603041,0.9254822660345012,0.49146713228573286,0.16326423226392162,0.6276280382177063,0.054750687631949,0.8284823969370859,0.4927668957470988,0.9901392399978995,0.7809160367825302,0.41636443119605326,0.6291468964308994,0.5559046074594021,0.5906039620413527,2.0
2021-04-07 23:16:40.420,0.8562927812364616,0.3627813668364981,0.04404292103942851,0.5272126863821678,0.16053605603118037,0.6251020060054795,0.0545153276990804,0.8319378018943437,0.509228641227436,0.9885441041397213,0.7969465680095857,0.39114911092905896,0.6374406892926975,0.5389448015151084,0.5838925358101028,2.0
2021-04-07 23:16:40.440,0.6954912489227232,0.32209803435165074,1.0,0.6022419570747357,0.1658658266597004,0.6177884492151072,0.05367338647912478,0.8282148717444135,0.4743503154908908,0.986948968281543,0.8129770992366412,0.3659337906620647,0.6362559310707311,0.5320352461806479,0.5822147222053081,2.0
2021-04-07 23:16:40.460,0.569865680942159,0.2953693487263816,0.0,0.6383391408590903,0.1746903774199093,0.6589839619295642,0.0553164438938949,0.8213935406239047,0.4568642873931768,0.9472157697715377,0.8648855024313851,0.3234360471804684,0.6350711728487632,0.5251256908461873,0.5805369086005134,2.0
2021-04-07 23:16:40.480,0.5760733971589993,0.3181578103327559,0.5694054814479574,0.6935615917663226,0.18856195813868482,0.6346737928337837,0.056959501308665506,0.8145722095033958,0.4393782592954628,0.9109628827858407,0.6725190902176446,0.3030371430730345,0.6271722454711732,0.5240090106276725,0.5741983336550415,2.0
2021-04-07 23:16:40.500,0.7798982413566252,0.39735982720080565,0.5888797005837959,0.7454521575138282,0.21296599130126045,0.6641620920284089,0.06491711787310324,0.7965393640869313,0.4415839228160763,0.8848607896755134,0.7385496183206106,0.2879646130718169,0.6192733180935847,0.5228923304091592,0.56785975870957,2.0
2021-04-07 23:16:40.520,0.983723085554251,0.4765618440688553,0.6083539197196344,0.766756875593518,0.22794979685663347,0.6844682545193733,0.0728747344375405,0.7785065186704666,0.4437895863366898,0.8587586965651861,0.8045801464235766,0.2728920830705993,0.6113743907159946,0.5217756501906444,0.561521183764098,2.0
2021-04-07 23:16:40.540,0.3563722525578392,0.2889846836537474,0.11865718178085527,0.7880615936732079,0.24293360241200654,0.7047744170103372,0.10058813343722756,0.7165896060470666,0.38324242975035205,0.7981438544272685,0.8003816575206864,0.2302810215787034,0.6018955160935433,0.5402011310825408,0.5302011946849313,2.0
2021-04-07 23:16:40.560,0.551450524334971,0.3648594772213818,0.6588362430037368,0.8432122185595897,0.2830385387954065,0.7017519167342046,0.12552822787423498,0.671997799849489,0.3731890433192814,0.7212876732464414,0.47251909209209836,0.19288303566225756,0.6042652751914906,0.5439698624984197,0.5302013321345889,2.0
2021-04-07 23:16:40.580,0.9627072642969291,0.5191347129688334,0.276954724462144,0.8693626108059388,0.32540732704828756,0.7258388493862402,0.146966094583525,0.6366489890587447,0.34880350226666784,0.7001160016799425,0.7687022838281569,0.16568446840604306,0.5834649192126604,0.5622557798035354,0.5316927449137934,2.0
2021-04-07 23:16:40.600,0.6855970391094655,0.478445917587416,0.4251147091176715,0.9048000122040675,0.356139478664532,0.7015120890224062,0.16535456797030024,0.6118113508109301,0.35526222282341363,0.6827146042948301,0.6711832045448255,0.15146189537082622,0.5626645632338289,0.5805416971086524,0.5331841576929984,2.0
2021-04-07 23:16:40.620,0.40848681392200187,0.43775712220599866,0.5732746937731991,0.9144005451150046,0.38885404947910013,0.720301280650154,0.183743041357075,0.5869737125631155,0.3617209433801595,0.6653132069097177,0.5736641252614941,0.1372393223356094,0.5418642072549986,0.5988276144137681,0.5346755704722029,2.0
2021-04-07 23:16:40.640,0.8624025986435251,0.6007320043730529,0.8060984117749821,0.9414643355203192,0.42701559369801717,0.6983609598141776,0.20213151474385027,0.5621360743153009,0.3681796639369053,0.553074258167049,0.4698473313683643,0.10448774309738572,0.5260661368073635,0.6507540164339126,0.5503355077410959,2.0
2021-04-07 23:16:40.660,0.0,0.5228345029453039,0.6902500559927421,0.9562940252191967,0.4622122392509469,0.6943729968723598,0.28742749062622824,0.4633131112959766,0.38261644494423,0.4521461853806833,0.38473283067565994,0.11763371015964703,0.47393337788461026,0.6884423597383805,0.5033556272095892,2.0
2021-04-07 23:16:40.680,0.18815231278716185,0.6561623996905497,0.6060031642315231,0.9608041272629965,0.4966840506804311,0.6833323468674893,0.3419243038767128,0.40878350958967025,0.3876452975214966,0.43474478680863443,0.466412219988637,0.14097913298601267,0.4881519324722998,0.7135679219413595,0.4697985991405822,2.0
2021-04-07 23:16:40.700,0.4416790294333573,0.7428859331881966,0.6315581701616605,0.9612423931158891,0.5299029817748923,0.6805132294390612,0.3754671568333636,0.37714328318375584,0.37078527723949684,0.43474478680863443,0.39389313601917136,0.1783771281784268,0.45023675752118375,0.7437188024140664,0.4697985991405822,2.0
2021-04-07 23:16:40.720,0.3137590088540425,0.7388417944009817,0.6174482623508908,0.9546260565734795,0.5722278658821432,0.6959412445408436,0.39586831431939434,0.35935309842502616,0.36663171132015504,0.4164733257856832,0.2526717619733698,0.21872165322093437,0.4265401371577545,0.7738694256003583,0.4697985991405822,2.0
2021-04-07 23:16:40.740,0.27353071283755154,0.7892180350341765,0.6115832868120004,0.9450368855220352,0.6035033439749682,0.696720940929959,0.416269471805425,0.3415629136662964,0.3624781454008133,0.39472158647264594,0.19465648854961826,0.25815952657981384,0.3886259328226936,0.7864322067018472,0.442952962940411,2.0
2021-04-07 23:16:40.760,0.35299147911481954,0.859508567340464,0.6251064533303488,0.9350900939840306,0.6168125460486552,0.6934022212725224,0.44466670662590796,0.3182525470184274,0.3649803465161045,0.392981447327603,0.22900763358778622,0.2960108513244293,0.37440737823500403,0.7989949878033374,0.3758389068023972,2.0
2021-04-07 23:16:40.780,0.44522678557655715,0.9019197505112806,0.646259751943137,0.9249459397958106,0.6250785509044334,0.692525121090624,0.4551893069069547,0.3098620822344451,0.36508959605995356,0.4187935136862802,0.23740458640085074,0.32955571878373735,0.36966834534713555,0.8040200487866502,0.40939600359623307,2.0
2021-04-07 23:16:40.800,0.49261329824689987,0.9204662776397001,0.6554813597798942,0.9169853284228914,0.6289199304379878,0.6883241747358798,0.46029236845084676,0.30598400205179443,0.3691719933105664,0.4576566212589067,0.25572519708787367,0.3633272630779047,0.3554502760674722,0.816582829888139,0.38255029867123286,2.0
2021-04-07 23:16:40.820,0.5531818183838297,0.9379576141424806,0.6679785134218466,0.9127054828043418,0.6282837968840507,0.6789813334253003,0.4584520455801747,0.3077090839498576,0.3762990729024662,0.49941996311381126,0.38244275433978203,0.3984587199657369,0.3649288271512381,0.8065327079215134,0.32885902627089036,2.0
2021-04-07 23:16:40.840,0.6596831916377585,0.9760272250639058,0.6900303770332393,0.9128983960550352,0.6227224293524501,0.6716238517188038,0.4566117227095032,0.3094341658479207,0.3834261524943661,0.5423433977320777,0.5763358841107744,0.4385765796755857,0.36966834534713416,0.7788946152268786,0.30201345879554814,2.0
2021-04-07 23:16:40.860,0.696489529118078,0.9778519836425668,0.7047015530908717,0.9175777341877873,0.6120075871230621,0.6723056782682819,0.43972161728370407,0.3231373529302124,0.3881453490594433,0.582366590946447,0.6595419847328243,0.484587457529284,0.36966834534713555,0.7562815835155567,0.2885905376082193,2.0
2021-04-07 23:16:40.880,0.5827222943560372,0.9497476297169152,0.7059309033900213,0.9256139853525766,0.5954145577467476,0.6745925701878217,0.4190339187362226,0.34014252255204586,0.3875047478523572,0.6000580127093365,0.567175578767263,0.5373979673645096,0.3838864146267961,0.7261307030428484,0.2751677538705474,2.0
2021-04-07 23:16:40.900,0.4241636330264065,0.9112626960522402,0.6887445994213816,0.9341898851165041,0.5723723642607519,0.6695923534760336,0.39150066931729643,0.36401649990419394,0.3954606294159965,0.5843967651516958,0.4290076398359653,0.5877152898881985,0.3886256901686791,0.7072865313906145,0.2785234498049658,2.0
2021-04-07 23:16:40.920,0.40162918026927885,0.9026016372254384,0.6779491145013345,0.9408439621012857,0.5434529570222825,0.6573973054102915,0.35847355697188893,0.39447287995068686,0.412129556804598,0.5565545340832619,0.38931298334741565,0.6276064983648603,0.39336496571056206,0.6884423597383805,0.2818791457393836,2.0
2021-04-07 23:16:40.940,0.512550206421404,0.8975785370139214,0.6891072781457531,0.9455158315991267,0.5101518957708688,0.6452842815911025,0.3222646234174476,0.42996946378518774,0.42945719571932944,0.5493039424428845,0.46183206794169923,0.658431523940096,0.45023675752118375,0.6507540164339126,0.18120799280753488,2.0
2021-04-07 23:16:40.960,0.6220418436910214,0.8421923466733895,0.7123194603555197,0.9513516957932834,0.47464033683341644,0.6377557606886679,0.2853619974292892,0.46849377674440984,0.4419890161268993,0.5524942141592412,0.5297709986145912,0.68721665279693,0.4881516898182867,0.6055276957248515,0.24496642173595887,2.0
2021-04-07 23:16:40.980,0.6197093917102644,0.776902941016648,0.7206908313329093,0.9583691933747169,0.43688822665619614,0.6349715967743967,0.24815301725573252,0.5101253328556467,0.44924673002366144,0.5446635903804208,0.5515267269295205,0.7200815658145993,0.5260661368073635,0.5402011310825408,0.12080532853835627,2.0
2021-04-07 23:16:41.000,0.5869900437019543,0.7240233847579335,0.7143087631819839,0.9651138474211916,0.39699509482200385,0.6342990911620272,0.21138092479004764,0.5548121724574987,0.4540321835945133,0.5466937503424313,0.5887404705116253,0.7285811122846861,0.5165875857235976,0.49246240852503076,0.2550335095392124,2.0
2021-04-07 23:16:41.020,0.5672624537762352,0.6560978019027559,0.7216714335623905,0.972214612336532,0.3564495656348929,0.6363071006432846,0.17668990962551542,0.6009187908543591,0.4553627858332079,0.5487239103044417,0.62595421409373,0.737080658754773,0.5402846913950531,0.45477380793414646,0.22818787333904117,2.0
2021-04-07 23:16:41.040,0.5381530420486519,0.5585969033129978,0.732726885473502,0.9811532970686082,0.31638377795964023,0.6416486500719812,0.13107257264257127,0.6698354017355841,0.45035157630326633,0.5345127739532574,0.5809160430307092,0.7257479301279905,0.5734598628422455,0.41457280549481396,0.22818787333904117,2.0
2021-04-07 23:16:41.060,0.4885609375951348,0.4908905179494798,0.7313858428079668,0.9908221600436294,0.277405494957695,0.6469806921448268,0.09331388650243423,0.7361489123074433,0.447902746822108,0.5165313195040353,0.5809160430307092,0.7053490371517183,0.5734598628422455,0.3592966201055444,0.2617448326832196,2.0
2021-04-07 23:16:41.080,0.49708940830712467,0.4662360412807444,0.732357530419082,1.0,0.24043388489918838,0.6493985432307391,0.07405006892969146,0.7758069780804728,0.4472201761188172,0.5066705405109505,0.6587786322023775,0.6806436831797515,0.5971564832056748,0.32412067864952326,0.2617448326832196,2.0
2021-04-07 23:16:41.100,0.6083320180701705,0.43591170735798523,0.7362013776965187,0.8712524137992408,0.21209080829296384,0.6057252924094486,0.08756241966527487,0.7638436742560187,0.5612730254422866,0.504060331793386,0.7503816981338501,0.6534451344754735,0.6208531035691013,0.30904523841316983,0.2818791457393836,2.0
2021-04-07 23:16:41.120,0.6499546875595302,0.39415311375294876,0.7470630235064757,0.7840930868408374,0.17767698481009847,0.643808998619103,0.06694331781582809,0.8018270760600075,0.4916616901638616,0.4937645108924215,0.7658397024667124,0.6346894588583818,0.6255921364569698,0.2713568951087019,0.2751677538705474,2.0
2021-04-07 23:16:41.140,0.69157735704889,0.3523945201479122,0.7579246693164327,0.6969337598824341,0.1432631613272331,0.6818927048287581,0.04632421596638085,0.8398104778639961,0.42205035488543663,0.4834686899914569,0.7812977067995746,0.6159337832412901,0.6398106910446594,0.24623133290572286,0.32885902627089036,2.0
2021-04-07 23:16:41.160,0.6692806920202672,0.3121411856066309,0.7624411503711183,0.7119217210785851,0.11528626354671032,0.7070522676208821,0.03261739692180668,0.8756722226522228,0.39069526498911916,0.43880511148040136,0.7549618508056058,0.582728891147608,0.6161140706812328,0.21105539144970317,0.38255029867123286,2.0
2021-04-07 23:16:41.180,0.6741423915179091,0.28890250701637704,0.7712716326172799,0.7198850338726429,0.10103053676295891,0.7219270851052824,0.022970436821109382,0.9035937759848423,0.3616275232557772,0.4063225141062658,0.7282442935536975,0.5698095805130758,0.6398106910446594,0.18593008653314053,0.45637574667808234,2.0
2021-04-07 23:16:41.200,0.6797692095455925,0.2721528791291196,0.767318279434435,0.725706278611228,0.08886030759426941,0.735734655290774,0.018332767244077775,0.9183959959220123,0.3441500317167759,0.3691995456786823,0.6832061256147661,0.5623299703434311,0.6255921364569698,0.17336679085881887,0.4697985991405822,2.0
2021-04-07 23:16:41.220,0.6802476636663785,0.26244855818174884,0.7664881028353399,0.7289950204863065,0.07792622854344576,0.7466951452365115,0.014520122808069084,0.9317136478567494,0.33024378818711747,0.3381670618848761,0.6320610811986481,0.5589301610313645,0.6540282750162937,0.17085438901037067,0.516778548396918,2.0
2021-04-07 23:16:41.240,0.694971376385511,0.24293801949886812,0.7681850799853261,0.7304250257111732,0.06799464438372085,0.7536970331923233,0.0113963756967894,0.9438247393039892,0.3213746806879239,0.3196055824188304,0.5969465773818542,0.5548503787257228,0.6540282750162937,0.15326654692556904,0.48993284347191773,2.0
2021-04-07 23:16:41.260,0.7043578262706816,0.20691862038632425,0.781813657364848,0.7313703642024197,0.059353619035961494,0.7565159642020091,0.008958329170912391,0.9543723318826859,0.3178535865097409,0.31670534813655243,0.5625954323436863,0.5485040469843374,0.6350711728487647,0.15829160790888186,0.48993284347191773,2.0
2021-04-07 23:16:41.280,0.708799637304525,0.18355787081162195,0.7888028150273807,0.7323376583615445,0.056011653383752996,0.7552191732919109,0.00836906355517375,0.9572851393769564,0.3186190236044504,0.3238109163121446,0.5559796552208982,0.5440087306773157,0.6255921364569698,0.12562832558772533,0.45637574667808234,2.0
2021-04-07 23:16:41.300,0.7132414483383686,0.16019712123691968,0.7957919726899134,0.7333049525206697,0.05266968773154451,0.7539223823818134,0.00777979793943511,0.9601979468712268,0.3193844606991598,0.33091648448773675,0.54936387809811,0.5395134143702941,0.6398106910446594,0.1105528853513719,0.4026844742777399,2.0
2021-04-07 23:16:41.320,0.7335615394883784,0.1502015945384309,0.7977630225009885,0.7342722466797945,0.049327722079336014,0.7526255914717153,0.007190532323696469,0.9631107543654973,0.3201498977938693,0.3380220526633289,0.542748100975322,0.5350180980632726,0.6421802074885936,0.1105528853513719,0.4395971982811646,2.0
2021-04-07 23:16:41.340,0.7538816306383882,0.1402060678399421,0.7997340723120634,0.7393846464570701,0.04553726121518726,0.7480073001579436,0.005400624696143144,0.9739741919005492,0.33195636145641444,0.38428075160238806,0.5786259666948314,0.5138258992415765,0.6445497239325279,0.1105528853513719,0.4765099222845889,2.0
2021-04-07 23:16:41.360,0.7595261751745894,0.12594660507402514,0.8125954018541658,0.7444970462343462,0.041746800351038484,0.7433890088441713,0.0057479204544696755,0.9730899980553034,0.33727921039589515,0.41821346588027536,0.5801526842520833,0.49705346087393837,0.6635073114080886,0.08040200487866503,0.5234898715409246,2.0
2021-04-07 23:16:41.380,0.7162913395814411,0.11897059333135365,0.8051216493486403,0.7583192912403186,0.04265086698080809,0.7374482319036719,0.006095216212796681,0.9722058042100574,0.34260205933537585,0.44779583039645676,0.5702290201299458,0.48050767522364224,0.6516587585723594,0.07914580395444165,0.5201341068816783,2.0
2021-04-07 23:16:41.400,0.7060920886259167,0.1195351457089878,0.8036165152175626,0.7721415362462914,0.04355493361057771,0.7315074549631733,0.006442511971123214,0.9713216103648116,0.34792490827485656,0.5066705476325697,0.5938931360191714,0.446849472129695,0.6548183564849535,0.07579580617996942,0.5413869279786244,2.0
2021-04-07 23:16:41.420,0.6958928376703921,0.12009969808662194,0.8021113810864847,0.8047972154386533,0.05417048419803612,0.7223339440100629,0.0067898077294497455,0.9704374165195656,0.35324775721433727,0.546041195789167,0.6202290201299459,0.4238440323216289,0.6579779543975459,0.07244580840549572,0.5626397490755709,2.0
2021-04-07 23:16:41.440,0.6223642010059607,0.07904776470521507,0.8046564246121063,0.8154908704678098,0.058924781998172776,0.7212095127619939,0.009203645614806357,0.959764254759153,0.35899437366619147,0.5854118439457645,0.6465649042407203,0.4008385925135628,0.6611375523101399,0.06909581063102349,0.5838925701725171,2.0
2021-04-07 23:16:41.460,0.5634381699079882,0.08591380773902359,0.7984845398833755,0.8261845254969659,0.06367907979830943,0.7200850815139254,0.01161748350016344,0.9490910929987404,0.3647409901180456,0.6206496663806309,0.6442748154084843,0.37647322457458515,0.677724895379723,0.06030176094541373,0.6174495638791097,2.0
2021-04-07 23:16:41.480,0.5045121388100157,0.09277985077283209,0.7923126551546449,0.8489584591348078,0.07482769093071352,0.7199827376244754,0.012060675888372107,0.945500467542189,0.33342216003512165,0.6476217875207014,0.5885496308169688,0.36808700353557244,0.7085310356910087,0.05276378354082132,0.6442952688041094,2.0
2021-04-07 23:16:41.500,0.42056999754798446,0.046389925386415995,0.7929891822469591,0.689222672423766,0.06695530245677458,0.7927436504611306,0.0125038682765803,0.9419098420856375,0.30210332995219763,0.6529872232772242,0.42786260068914495,0.3501435171615647,0.7014215157431495,0.05276404082723775,0.6644294444106165,2.0
2021-04-07 23:16:41.520,0.3366278562859532,0.0,0.7936657093392735,0.5969611554709181,0.10807937269270024,0.7136340609412192,0.02583125212283473,0.8950312203357752,0.3720926185504281,0.6583526590337471,0.26717557056132113,0.33220003078755694,0.6872039317715151,0.05276378354082132,0.6442952688041094,2.0
2021-04-07 23:16:41.540,0.3653678041435547,0.0915723755150349,0.7404717382934634,0.6324433686785156,0.12999212442771504,0.6626794804696072,0.037084840129734876,0.8684677181869502,0.4365537433523253,0.6215197240837871,0.03893127896538648,0.2407071263497624,0.6824645753449611,0.05862648333122734,0.6286353086269403,2.0
2021-04-07 23:16:41.560,0.4817392559278354,0.15600382848957753,0.7244838075885912,0.6508458467397977,0.1470177465220819,0.6287318119389089,0.04735297404055286,0.8481970046901014,0.47350296896780314,0.6172982777909819,0.10653094386027087,0.1974412917840291,0.6777252189184085,0.06448918312163336,0.6129753484497718,2.0
2021-04-07 23:16:41.580,0.598110707712116,0.2204352814641201,0.7084958768837192,0.6692483248010799,0.16404336861644875,0.5947841434082098,0.05762110795137131,0.8279262911932526,0.510452194583281,0.6130768314981765,0.17413060875515535,0.15417545721829576,0.6729858624918545,0.07035188291203938,0.5973153882726027,2.0
2021-04-07 23:16:41.600,0.7724750260261507,0.3693348191347707,0.6797371156219,0.692788111331603,0.19937949855260298,0.5546505883608526,0.0678892418621893,0.807655577696404,0.5474014201987588,0.6088553852053712,0.24173027365003974,0.11090962265256248,0.6842417935625845,0.11275139777277507,0.5805368570568921,2.0
2021-04-07 23:16:41.620,0.6719926213181032,0.4159158024003225,0.6588783063256914,0.7163278978621267,0.23471562848875724,0.5145170333134952,0.11746498571457131,0.717795882243487,0.6323131590491476,0.584227583176634,0.29662849716569056,0.07489043674702761,0.6954977246333146,0.15515091263350927,0.5637583258411815,2.0
2021-04-07 23:16:41.640,0.5715102166100556,0.4624967856658743,0.6380194970294827,0.7581600398157693,0.3248697091245915,0.4731403215816512,0.16899389289591296,0.6373675529788451,0.6560589343198695,0.5595997811478968,0.3515267206813414,0.03887125084149272,0.6996444997372064,0.22707301454002746,0.5335569765253853,2.0
2021-04-07 23:16:41.660,0.3813042686200155,0.5001713455760679,0.6163677952331008,0.7810243916081782,0.3941605701755347,0.44709832237113456,0.2284347299088264,0.5580143834081547,0.6762478868256002,0.4878190402279375,0.17175571894266062,0.046917476107749594,0.7037912748410983,0.29899511644654564,0.5033556272095892,2.0
2021-04-07 23:16:41.680,0.34178233609080366,0.49914860855613974,0.6126758513627683,0.7902990060041468,0.43938520649711593,0.42134410709383896,0.273368897058334,0.5073479548267603,0.697684507919799,0.4422853897704873,0.08320610062204989,0.051677235117353705,0.677724895379723,0.3592966201055444,0.4295301792027396,2.0
2021-04-07 23:16:41.700,0.3604868428500476,0.5115458377303347,0.6130526879793289,0.7956223947176726,0.4845053651474332,0.3926458738308631,0.3222361191584585,0.457725268130587,0.7205705917262136,0.4054524459580681,0.07633587786259534,0.05462374641551081,0.6824644135756177,0.40954800179791756,0.3959730824089042,2.0
2021-04-07 23:16:41.720,0.3499558423077276,0.5365952898481551,0.6065197161967493,0.79712311361351,0.5293034316291386,0.3683037805254861,0.37360399059625865,0.4094467096449656,0.7365387531339861,0.3776102172635074,0.04656486675164601,0.060516750459888635,0.6161140706812328,0.4723619073053645,0.3489932018773974,2.0
2021-04-07 23:16:41.740,0.337756853068193,0.5994903299566883,0.5864587136538404,0.7944625316066274,0.5727832989522301,0.3476401950499293,0.4261826270537383,0.3636005747694936,0.7468785912884791,0.36368910505271285,0.025954185976924275,0.07003624992716047,0.6208531035691013,0.5075381060478006,0.3087247819395548,2.0
2021-04-07 23:16:41.760,0.37839582834954144,0.6807224965473201,0.5822991129259835,0.7890488836456602,0.6143326817268634,0.32918450655191966,0.47905150080251485,0.3207789470532072,0.7536659962001888,0.3691995456786823,0.07480913531262728,0.07978237984945068,0.5402846913950531,0.5577887158809259,0.30201345879554814,2.0
2021-04-07 23:16:41.780,0.4558537213769411,0.7362971774477577,0.5883285198482788,0.7831467551800547,0.654242827684928,0.315306050639719,0.5317368284349964,0.28061367684131805,0.7546412843158598,0.404727387268805,0.24503817418711027,0.09485491912663645,0.568720344646348,0.6030150365899877,0.2617448326832196,2.0
2021-04-07 23:16:41.800,0.482821558763507,0.776153351067418,0.6024339687705662,0.7787237342411804,0.6920859502434823,0.3076468501990251,0.5830406318888068,0.24344054834296153,0.7487608821299939,0.43706497470923145,0.32213741082833164,0.12171348504451421,0.5260661368073635,0.6256281969445171,0.2147650896013698,2.0
2021-04-07 23:16:41.820,0.4443077847916618,0.7964450498783602,0.5976900114922981,0.7749991101200958,0.7272613839089622,0.30646565444396623,0.6540152511105339,0.19505175052522064,0.7302153985982457,0.44866589996897827,0.3251908396946564,0.1477787701620822,0.521327103919495,0.6633167975354014,0.24161065707671253,2.0
2021-04-07 23:16:41.840,0.4186762837335457,0.8399424220925961,0.5877440106322643,0.7709174216873901,0.7586082544011827,0.30694218735363216,0.7162759585223072,0.15539229245486672,0.7119826685237933,0.45707657725109874,0.3549618383092477,0.17769718115756258,0.4881519324722998,0.7060302018231821,0.2147650896013698,2.0
2021-04-07 23:16:41.860,0.43012840618143855,0.8827716859129099,0.5881199154622119,0.7661630793912714,0.7858894793337406,0.3078244140509397,0.7655482074950217,0.16045190093123707,1.0,0.46606728904553496,0.39465649479779735,0.2105620848992637,0.4597157939129759,0.7211056420595371,0.19463091399486276,2.0
2021-04-07 23:16:41.880,0.4598006623310421,0.891761798830224,0.5499504613278154,0.8182274100808139,0.7803220686449125,0.0,0.7734995904177738,0.1400190702454238,0.8611181192035783,0.473607896755134,0.41603054059932404,0.24592018337327604,0.45023675752118375,0.7412061432792033,0.18120799280753488,2.0
2021-04-07 23:16:41.900,0.4757722869078735,0.9229183814126268,0.6018421842489053,0.7151198858919712,0.8260558308233952,0.278059166512483,0.7814509733405258,0.1195862395596106,0.7222362384071568,0.47752321161188543,0.42061069327107975,0.2723254420012761,0.4241706207138203,0.7713567664654938,0.1409396415945203,2.0
2021-04-07 23:16:41.920,0.49751639494976113,0.951306525012231,0.6158320758381651,0.6945987785762684,0.842096438568711,0.3247584129613216,0.799735896052693,0.10561856701231274,0.6732597903814821,0.481438526468637,0.42519084594283546,0.29873070062927615,0.4158768278520221,0.7788944865836704,0.15100672939777382,2.0
2021-04-07 23:16:41.940,0.5361111111391682,0.9655752116292252,0.6220415584199541,0.6883724795740781,0.8516248143554267,0.33309207641117805,0.813621306267607,0.09740949451428299,0.6618680244695472,0.48549884995346737,0.49083970340393923,0.35154122345085725,0.4075830349902254,0.7864322067018472,0.16107381720102734,2.0
2021-04-07 23:16:41.960,0.5747058273285753,0.9798438982462195,0.6282510410017433,0.6779012150674463,0.8575785916653261,0.35265008223396743,0.8206572229659079,0.09279467765116865,0.6493597977438437,0.48926915143439387,0.5230916121132947,0.3768698717461968,0.42180110426988604,0.7613066444988695,0.06711405613801381,2.0
2021-04-07 23:16:41.980,0.5650334084587141,0.9629226075115659,0.6394328357022516,0.6708793872668354,0.854499415476631,0.3719197099137953,0.8204175740744437,0.09184727399336887,0.6348329217932067,0.4930394529153203,0.5553435208226503,0.4021985200415364,0.42180110426988604,0.7814071457185358,0.12080532853835627,2.0
2021-04-07 23:16:42.000,0.5379655667975849,0.9560727335439575,0.6411116532787268,0.6638575594662246,0.8514202392879359,0.39118933759362257,0.8132085006626575,0.09443455605564709,0.6185931055997764,0.4858613807224228,0.5765267269295204,0.43914321740556034,0.3886259328226936,0.7688443646170455,0.020134175606507532,2.0
2021-04-07 23:16:42.020,0.5108977251364557,0.9492228595763491,0.6427904708552019,0.6577010206922503,0.8435476581630115,0.4099960292807915,0.7989574633873447,0.10075164956981443,0.6017074986512307,0.4786833085295253,0.5977099330363908,0.4760879147695844,0.4454977246333153,0.7562815835155567,0.1409396415945203,2.0
2021-04-07 23:16:42.040,0.4419226350928629,0.9319026309764151,0.6378921923414984,0.6515444819182756,0.8356750770380871,0.42880272096796107,0.761997562486264,0.1186173464122198,0.5693893759020512,0.4617894541022568,0.5912213818560252,0.5185856466562204,0.45734603481502856,0.7512563938890356,0.16107381720102734,2.0
2021-04-07 23:16:42.060,0.3973065282397724,0.8896922256226062,0.6495103974620028,0.6400427841545441,0.8187068649373828,0.46194307983336,0.7254647193196273,0.13798367005813306,0.5439395642157399,0.4448955996749883,0.58473283067566,0.5610833785428564,0.4834124142764052,0.7211056420595371,0.2147650896013698,2.0
2021-04-07 23:16:42.080,0.39495557908675205,0.8551291355406772,0.6617747097372833,0.6209204568134927,0.7838009601400648,0.5131558036581876,0.6889318761529907,0.1573499937040462,0.5184897525294285,0.41212297934739955,0.6229007633587786,0.6303263606560626,0.5165875857235976,0.6809046396202045,0.12080532853835627,2.0
2021-04-07 23:16:42.100,0.39635578134873944,0.824521645365522,0.6790847833955415,0.6104255548719021,0.7613822866382224,0.5415254738880936,0.6178784306673859,0.19868773863228978,0.4739742998147458,0.39530163309171423,0.6877862657901638,0.6779238208885492,0.5497629998248045,0.6557789487740172,0.1543623909697774,2.0
2021-04-07 23:16:42.120,0.3635238735364419,0.795095884384355,0.682086241799521,0.599930652930311,0.7389636131363798,0.5698951441179989,0.5855476480656394,0.21933069687134477,0.45379133688286616,0.3816705428848236,0.6770992491375795,0.7311876547103952,0.5829384139260114,0.6306532579278299,0.1879194534011986,2.0
2021-04-07 23:16:42.140,0.3306919657241443,0.7656701234031879,0.6850877002035006,0.5831518084266542,0.6956614105799702,0.6180172782211176,0.5532168654638933,0.23997365511039975,0.43360837395098645,0.34222738893051613,0.5938931360191714,0.7853580845600602,0.6208531035691013,0.5703520115552476,0.2550335095392124,2.0
2021-04-07 23:16:42.160,0.24684055034879912,0.698355259827785,0.6789952055367288,0.564042034748539,0.6464011619734047,0.6629246211155578,0.48423637223365495,0.2884267683171038,0.3940799335250757,0.28016242371677685,0.4847328306756599,0.8254759420436767,0.6540282750162937,0.5201006298628744,0.18791938467637007,2.0
2021-04-07 23:16:42.180,0.23917862813752633,0.663068992914995,0.6746278479801195,0.5411490637827777,0.5929521131298501,0.7041254933688526,0.4145347745299794,0.3426890416476369,0.3556610651950175,0.24231440205983817,0.4217557314390187,0.8397551912445844,0.677724895379723,0.4824120292719902,0.19463091399486276,2.0
2021-04-07 23:16:42.200,0.3283792573467641,0.6347775094449601,0.6846187062058647,0.5175818022102073,0.5384472557698564,0.7388322823199999,0.348890798052653,0.39972016427475576,0.32152467844962157,0.2842227507624168,0.5534351270001748,0.8155031631144318,0.6872039317715151,0.4396986249842094,0.2080535602828771,2.0
2021-04-07 23:16:42.220,0.4670835806795723,0.5722379695056514,0.7263132607106568,0.4986321274613124,0.4861612713440055,0.7651440760551188,0.2910553901686944,0.45592210459488597,0.29450733917847305,0.35382831419026295,0.7503816981338501,0.7821849242549482,0.7393366906942683,0.3919599024266995,0.16107381720102734,2.0
2021-04-07 23:16:42.240,0.6930303489542491,0.4751928995663261,0.7958112206638895,0.48770583240001875,0.43884766968962424,0.7879151254108792,0.24292954519723223,0.5079442371363136,0.2698576727867627,0.4379350419078799,0.9236641221374046,0.743426997916933,0.7109005521349444,0.351758899987367,0.32885902627089036,2.0
2021-04-07 23:16:42.260,0.7297961710095164,0.44202300198072614,0.8143215018104956,0.48706384761188026,0.39797954135762403,0.8108842446801918,0.21691581253787837,0.541146613850536,0.31702282341275706,0.49941996311381126,1.0,0.7101087776093861,0.7535542746659027,0.29648245731168105,0.3489932018773974,2.0
2021-04-07 23:16:42.280,0.7665619930647838,0.4088531043951262,0.8328317829571017,0.5598642075047385,0.37610263284542744,0.7740214297665063,0.177701611023423,0.5935513620888462,0.24198774723638689,0.519721591220392,0.9816794018093352,0.6824569123392622,0.7677728292535922,0.2763816988055983,0.42281864988424644,2.0
2021-04-07 23:16:42.300,0.579043004489463,0.34020575168971373,0.830183837550532,0.5386312757191185,0.3029263765805188,0.8874594714003358,0.13848740950896762,0.6459561103271563,0.1669526710600167,0.4979698495334817,0.9137404517670881,0.6579782073742501,0.7962084825048873,0.23618069636626582,0.4966442353407534,2.0
2021-04-07 23:16:42.320,0.4907585297231832,0.3637004222769273,0.8012401237528438,0.5493757810285232,0.27592790245743976,0.9120089555563736,0.10937323929591804,0.6943057853190369,0.12028328050602353,0.45330627339629925,0.8335877675150049,0.6341794865339749,0.815166069980448,0.20100501219666256,0.516778548396918,2.0
2021-04-07 23:16:42.340,0.4642172800065548,0.3877674480984748,0.7766847585057838,0.553423701697001,0.2580601623475938,0.928228551242085,0.09392845963783614,0.7233802191522642,0.09136354354969942,0.39646172538030167,0.7648855024313851,0.6149138571444129,0.8009480007007848,0.16834198716192247,0.5234898715409246,2.0
2021-04-07 23:16:42.360,0.4823404582921617,0.3706154013301248,0.7864084498200402,0.5574716223654786,0.24019242223774784,0.9444481469277964,0.0812006420118149,0.7495237577751969,0.06664973349476107,0.33410673721310913,0.6923664247100986,0.5967814727896246,0.8293836539520825,0.145729084093808,0.5906039964037669,2.0
2021-04-07 23:16:42.380,0.5182371329688534,0.35325749816131186,0.8042129494597098,0.5582621853162189,0.20959753951839524,0.9686459987314205,0.07069642298189197,0.7727943236723305,0.04775817507624901,0.2807424700984579,0.6450381804352894,0.5797823798494508,0.8056872762426677,0.11557794633468471,0.6342281810008559,2.0
2021-04-07 23:16:42.400,0.578540757455022,0.329701054958558,0.8364644215048875,0.5550656095740907,0.19271855524252812,0.9782589141947154,0.06213635425199647,0.7929585503172828,0.03509433270840933,0.25754060770959897,0.6465649042407203,0.5645965160687876,0.7819904132252267,0.08542732314839281,0.6912750118859586,2.0
2021-04-07 23:16:42.420,0.657690772482657,0.28880743772785034,0.8664469457679924,0.551937840617424,0.17891912738756421,0.9852347035266235,0.05552043582212841,0.8094956893527205,0.025825109640175932,0.2662413034348139,0.6816794080575141,0.545784184693135,0.7772508950293292,0.08040200487866503,0.6912750118859586,2.0
2021-04-07 23:16:42.440,0.7224922666970277,0.23717626006410172,0.8876396900140717,0.5510623418079562,0.16892454635559898,0.9917859241732447,0.051038873682177695,0.8215007912549617,0.017195677133395034,0.29901393349528216,0.6961832123550492,0.5290117500358842,0.7962084825048873,0.08040200487866503,0.7449662842863012,2.0
2021-04-07 23:16:42.460,0.7524068760348797,0.2179583285074646,0.8854974757400538,0.5530818130158921,0.16178509348602,0.9976091796317019,0.048022217338315076,0.830090609689331,0.00957008587625848,0.3332366676405877,0.6618320735650604,0.5167724068293463,0.815166069980448,0.06030176094541373,0.7449662842863012,2.0
2021-04-07 23:16:42.480,0.7774615130733556,0.2325500741321837,0.8689646647827906,0.557408854050797,0.15638847296555083,1.0,0.045707778066372155,0.8365900139683141,0.006352955491143946,0.36803945291532025,0.6427480978512325,0.5049863690574925,0.8317536557040442,0.051507711259803975,0.7617448326832194,2.0
2021-04-07 23:16:42.500,0.820155773486452,0.2514916208810321,0.8648761588470862,0.5645097778732632,0.15279432548347488,0.9989444038724766,0.04405692859949497,0.8409224350285912,0.007578410973278789,0.40574246772458483,0.6625954260955073,0.4938802968584393,0.8483412414276406,0.04271366157419568,0.7785233810801371,2.0
2021-04-07 23:16:42.520,0.8653713696464075,0.24357642995112652,0.8642226816287031,0.5749860479543568,0.15149302891395217,0.9974553841694139,0.043407990516339943,0.8424913281380768,0.009430622967859204,0.4422853897704873,0.6770992491375795,0.4832275338044574,0.8388624476898615,0.03768860059088285,0.7852348416738012,2.0
2021-04-07 23:16:42.540,0.8648490891321978,0.2308568318063185,0.8653644466183792,0.5883793761433367,0.15195646606872668,0.9955096385480403,0.04351001977982435,0.8419326305667638,0.011920912194256249,0.4720127715793843,0.6148855086795642,0.4732547316852919,0.8341231721479772,0.012562781101488809,0.7919462335426369,2.0
2021-04-07 23:16:42.560,0.8001844728552511,0.2077418778231614,0.8592059635606683,0.6030719289926686,0.1530741459700699,0.9916246719612697,0.04380451939022209,0.8405846243343453,0.016897579016373346,0.47534803590017694,0.518320623183381,0.4580688743978065,0.8388626903438746,0.01005037925304061,0.8255032616116438,2.0
2021-04-07 23:16:42.580,0.7409001801821311,0.2137292698641646,0.8469809758390627,0.6176826446722256,0.15432252435574872,0.982983697214951,0.04414044341438399,0.8377352842154844,0.03633324703202277,0.47389792231984756,0.5000000093722685,0.43653668815172614,0.8483412414276406,0.01005037925304061,0.8389261827989727,2.0
2021-04-07 23:16:42.600,0.7392952796742055,0.24290069807652084,0.8404484567889617,0.6317535528455183,0.1565542947663906,0.9698146112213831,0.045948066305701835,0.8305410433870317,0.06393413080143238,0.470707664846729,0.4832061149928617,0.4106980657695458,0.8672988289031985,0.0,0.8590603584054792,2.0
2021-04-07 23:16:42.620,0.7187631749370643,0.24093380082161178,0.8443935781371907,0.6458095237489877,0.16141023522644765,0.954811630851743,0.04669117500149891,0.8328418438734347,0.03196706540071619,0.4675899167321302,0.4673664193991463,0.3913191008381042,0.8625593107073039,0.017588099371218056,0.885905925880822,2.0
2021-04-07 23:16:42.640,0.6599069577485285,0.2119260924624394,0.8610297121218937,0.6593967186314155,0.16918927922817606,0.9388858777083731,0.0474342836972955,0.8351426443598378,0.0,0.46447216861753143,0.4515267238054309,0.37194013590666264,0.8578197925114064,0.012562781101488809,0.9060401014873285,2.0
2021-04-07 23:16:42.660,0.609369021343605,0.24477679182878578,0.8294360919542831,0.5080296247376442,0.1694442375981232,0.9885035561705303,0.05989837032893107,0.7927725218999258,0.12641689794433789,0.4599768091595037,0.4183206169352019,0.32887576063171126,0.8862559310707304,0.03266353960757149,0.885905925880822,2.0
2021-04-07 23:16:42.680,0.5565928430479381,0.24566534213547897,0.8187383919853085,0.5555765754370263,0.20932344786373577,0.8887616063143757,0.06837239349197194,0.7731216957814019,0.14835962740914235,0.4489559231598188,0.3916030596832935,0.3005439372095614,0.872037861791067,0.04271366157419568,0.926174414543493,2.0
2021-04-07 23:16:42.700,0.5102191048975787,0.2646188061783962,0.7979569551961462,0.5647774569266346,0.2285683687523184,0.872087847968059,0.0770001931363345,0.7552248581318277,0.16457583916814703,0.43503480999947497,0.3450381679389313,0.27311873207755405,0.9099525514341569,0.06532707921514298,0.8993287783433218,2.0
2021-04-07 23:16:42.720,0.4677867624858354,0.29678886325169646,0.7822421475986319,0.5720311699505355,0.25033679448065876,0.8540578932724737,0.08562799278069706,0.7373280204822538,0.1807920509271517,0.430394436572154,0.28854961832061066,0.2411604614675447,0.9336491717975848,0.1080403548597162,0.8389261140741436,2.0
2021-04-07 23:16:42.740,0.4100962899902457,0.23908597560838216,0.7770235266380815,0.579041993432686,0.2764123892672554,0.8325973676741516,0.10913747977063423,0.6937372906398506,0.2187275531250598,0.44982599748008634,0.26946565510314086,0.21509517634997674,0.9478672410772467,0.145729084093808,0.8120804778739724,2.0
2021-04-07 23:16:42.760,0.39484932104139187,0.1882928090587938,0.758570802529648,0.5874748767834147,0.30619462957190186,0.8100700608237751,0.13022077480969396,0.6589376427350778,0.24621470083413172,0.47099768803756953,0.29618321235504924,0.19288303566225756,0.9336491717975862,0.1884422310951723,0.8791945340119862,2.0
2021-04-07 23:16:42.780,0.41783708758899163,0.26651613356656556,0.74854493492247,0.5968035196021475,0.33768712393006706,0.7890807085962812,0.15440011188587655,0.622471655487151,0.27126577841192057,0.4846287827548189,0.29541985357642325,0.17067087642260195,0.9431278442083586,0.22236184298375966,0.8372482145633133,2.0
2021-04-07 23:16:42.800,0.38897465511284823,0.30603918350234843,0.750476503829235,0.6068157808759723,0.37096591878337365,0.7667799005176386,0.18206096448289447,0.5843358299289723,0.29725450749238697,0.4883990842357454,0.20458015267175567,0.15049861390134817,0.9526065166191298,0.2562814548723485,0.7953018951146404,2.0
2021-04-07 23:16:42.820,0.317462960283692,0.3006608066689672,0.7451550436332771,0.6167829125260765,0.40608542282592147,0.7369808645821639,0.21380485238390165,0.544568071537432,0.3313433741199477,0.4620069691215141,0.09618321860322827,0.1212601870306047,0.9810424125244419,0.33668345975101355,0.7785233810801371,2.0
2021-04-07 23:16:42.840,0.36740944339894516,0.37544067221789856,0.7236489305998224,0.6239081491387867,0.4441066765693329,0.7021368714367807,0.2510529926142,0.5021109195604814,0.3700419966121243,0.4135730950642147,0.08702288826700062,0.07955574939443241,0.9810424125244419,0.3743718030554814,0.6912750118859586,2.0
2021-04-07 23:16:42.860,0.5246256110898168,0.5101639966527989,0.6946655269038776,0.6259691745601133,0.4867012010795269,0.6742178685160647,0.29551803826763356,0.4553345988611359,0.3988600842699057,0.3770301711192137,0.19847328244274806,0.04125108396645374,1.0,0.45477380793414646,0.6577180525417807,2.0
