2021-04-07 23:00:58.300,0.8318735681606133,0.9144327792271275,0.17903890951177628,0.6409077010327892,0.8041902795949804,0.9194527257034464,0.11613924777895963,0.17648338276779652,0.9646304034136303,0.4058898616858876,0.5140654991583634,0.4516361858469999,0.9132419476424567,0.7171053473684208,0.13725474448289893,2.0
2021-04-07 23:00:58.320,0.5256044959073622,0.7582197371173859,0.5692193203262226,0.6415607528785925,0.8030799056796147,0.9256370226758173,0.10726867044995547,0.17702934797000244,0.9677576038243002,0.40941098913283686,0.5281309573579451,0.4512752613978112,0.9095890262358158,0.7121709473684208,0.12156867154478813,2.0
2021-04-07 23:00:58.340,0.6591455358627873,0.850302868173219,0.0,0.6438345121569926,0.8184162514754661,0.9200338478681639,0.11236620173771604,0.16276108584435728,0.9577722694342846,0.3930857658168517,0.5006762649106846,0.45283926570307104,0.9132419476424567,0.7220394105263155,0.12156867154478813,2.0
2021-04-07 23:00:58.360,0.45852767196688116,0.7338263432693028,0.46823329056396795,0.6444891383190141,0.8197828474182232,0.931456408390149,0.09766830394598026,0.1614938977071455,0.961606512435537,0.4016218303117812,0.5256965511310944,0.4510346459189642,0.9205479774877096,0.7203949473684215,0.12549018977931597,2.0
2021-04-07 23:00:58.380,0.6916046488732681,0.8722863443351895,0.030617519442104727,0.6463999367128026,0.8343634735825272,0.920698760414419,0.10931721654196981,0.14801695927798625,0.949757129526515,0.4101578948067107,0.5507168373515042,0.44923002613485746,0.924200898894351,0.7269734736842101,0.1490194999707856,2.0
2021-04-07 23:00:58.400,0.7651351406325299,0.8264146601507376,0.6429075087987358,0.6464083005626019,0.8308064362730044,0.9286226236445556,0.09979684206743324,0.15129728553133695,0.9547715185747597,0.4009816250991174,0.5013524888625877,0.45957651210928196,0.922374344675045,0.7253290105263162,0.15294121898961713,2.0
2021-04-07 23:00:58.420,0.4200994800892001,0.7709862730350127,0.11652961288827078,0.6485311519591037,0.8446554702819277,0.9381004292978902,0.08595181070107862,0.13855270361895858,0.9510163998499027,0.406209964554227,0.5248174605471176,0.45717035249561305,0.9315067417076331,0.7351974736842107,0.12156867154478813,2.0
2021-04-07 23:00:58.440,0.7122187555341174,0.8674604318227324,0.4612016524564634,0.6485369082002217,0.8423973346710547,0.937415549407904,0.08710916511575559,0.14062589312747784,0.9519517831588754,0.39052494566488316,0.4981066134506558,0.4716073114577815,0.9278540073329624,0.7450657684210522,0.10980391605690148,2.0
2021-04-07 23:00:58.460,0.5580553197545924,0.8361941817746756,0.01503362374058917,0.6511626852141353,0.8629644584523731,0.9431394944397389,0.0771442177185277,0.1218187087052684,0.9428000155561314,0.3888177309493118,0.5131187857363986,0.4672762239759253,0.9333332959269391,0.7450657684210522,0.09803916056901482,2.0
2021-04-07 23:00:58.480,0.90319494273069,0.9506833850193219,0.4398759443541173,0.6507990480498296,0.8620394149393036,0.9397001033793119,0.07535818596353328,0.12165603308569414,0.9431921659203232,0.38967133743373916,0.538815295798012,0.4699229996789765,0.922374344675045,0.7434211368421051,0.09411764233448698,2.0
2021-04-07 23:00:58.500,0.49736854655757806,0.7695848251013803,0.49569839353692857,0.6509634311978203,0.8646050679842151,0.9521928652172094,0.07357215420853887,0.12149335746611989,0.9435843162845149,0.3817754774527867,0.5151474574814081,0.4754571669972093,0.9333332959269391,0.75,0.12549018977931597,2.0
2021-04-07 23:00:58.520,0.6335452258575721,0.8858370249492712,0.0022027447485096514,0.6533451750432033,0.8859940363744457,0.9483311648368636,0.06750849923837084,0.10096230403540815,0.931489424182036,0.37665383854622303,0.5472004716946146,0.4605389763880327,0.9424656929595269,0.7582236631578944,0.12156867154478813,2.0
2021-04-07 23:00:58.540,0.9235815871169759,0.8765949570397565,0.5591575822575695,0.6532678212281365,0.8861374869705497,0.9498427893735085,0.0637104122139987,0.10070395830542415,0.9323805426835535,0.4029022396890788,0.5651880299222276,0.45765158453651494,0.9424656929595269,0.7565788631578949,0.1490194999707856,2.0
2021-04-07 23:00:58.560,0.4627258902952943,0.7345533661765515,0.41848931092349184,0.6531904674130697,0.8862809375666539,0.9513544139101534,0.04155017870001156,0.0982970061658709,0.9366726614502865,0.41101150111646634,0.5242088584369079,0.4639075999850321,0.9534246442114211,0.7582236631578944,0.10980391605690148,2.0
2021-04-07 23:00:58.580,0.7169510242784191,0.8636603891145497,0.042271028815451826,0.6537274963999903,0.8889546346267906,0.968858850203055,0.0426373713077933,0.09329001293582306,0.9328776820050569,0.40663676797111237,0.5434136197779462,0.4582531244645505,0.9643835954633148,0.7557566315789479,0.10784315693963756,2.0
2021-04-07 23:00:58.600,0.9606593976848832,0.8765329232532485,0.6153060295010676,0.6554641040174789,0.900116044333237,0.9659504053048723,0.04372456391557507,0.08828301970577522,0.9290827025598273,0.40226203482575834,0.5626183811189845,0.45259864894406904,0.9821917977316571,0.7685033263157895,0.12647056933794823,2.0
2021-04-07 23:00:58.620,0.5245095340705963,0.6602567832223237,0.4424404575342645,0.6562367834502092,0.9019262915999494,0.9893427523373064,0.014415232009959658,0.08666301943740341,0.9351767647531505,0.3618224258792989,0.5937923030877231,0.4258902779118111,1.0,0.7812500210526311,0.14509798173625832,2.0
2021-04-07 23:00:58.640,0.689033145376499,0.6952417853579738,0.4432870787543993,0.6579192824011892,0.9118871926325045,1.0,0.0,0.07777840952272619,0.9320797211421633,0.30964572951868097,0.5626183811189845,0.3438402169567367,0.9990868164063318,0.7976973473684206,0.12549018977931597,2.0
2021-04-07 23:00:58.660,0.9540003956639899,0.8309426237146683,0.5969090563314985,0.6603434620110106,0.9178979354206914,0.9984491653972375,0.001240497025326214,0.07243814913517896,0.9279283838709789,0.45582584347028726,0.5163646605948335,0.2798363764916268,0.9899542323417735,0.7680921263157899,0.13333342703267537,2.0
2021-04-07 23:00:58.680,0.9768637334765566,0.8616198523990802,0.6918215015638569,0.6631593176558069,0.9032595013927585,0.9885631644375168,0.015229514044670468,0.08547143473245462,0.9341421775165083,0.7080665543784005,0.4603733162702738,0.19562078656664394,0.9497717228047797,0.7417763368421056,0.12156867154478813,2.0
2021-04-07 23:00:58.700,1.0,0.6519858978633691,0.8503843121314815,0.6664396862313858,0.8570064626425705,0.9704052726669609,0.04353777263864795,0.12724956497132217,0.9555128981154764,0.9125053178790359,0.3826075595874445,0.1092396666870179,0.8986302620158922,0.6792762947368417,0.07843136861207249,2.0
2021-04-07 23:00:58.720,0.9762789414599373,0.47252175533197766,0.9251921560657408,0.6694167095501388,0.8007053991318639,0.9449559470478927,0.08915824312407815,0.19337387736918107,0.9824209744423363,0.9982927940180122,0.2792805419506595,0.04234843456733723,0.8630137639632223,0.6521381052631573,0.05294119891118682,2.0
2021-04-07 23:00:58.740,0.9525578829198743,0.2930576128005862,1.0,0.6723937328688917,0.7444043356211576,0.9195066214288246,0.1557581747523742,0.2719094870346176,1.0,1.0,0.17311338703686438,0.01082770885729424,0.8273972659105523,0.6249999157894739,0.027451029210301157,2.0
2021-04-07 23:00:58.760,0.8343345597886224,0.25708478409141516,0.9475772460446499,0.6786869668006434,0.6197628922300081,0.8397883944645371,0.2407566004846849,0.35334679956564813,0.9991250049359367,0.9760990114491691,0.08817965203588718,0.004331099298672072,0.7378994757400359,0.5542762105263156,0.023529310191469605,2.0
2021-04-07 23:00:58.780,0.7144190413281728,0.231753569326668,0.8300340726556837,0.6815689877634268,0.5609168723411411,0.7878544847620182,0.33693999868112035,0.43254295123086645,0.9770697847006046,0.9688433423578033,0.043143113592273546,0.0,0.6045661611099,0.46381583157894724,0.07647070988696071,2.0
2021-04-07 23:00:58.800,0.5800628322519842,0.05491888062475965,0.7408738417990559,0.6844510087262099,0.502070852452274,0.7359205750594995,0.4338262901817593,0.5090872819066857,0.9369489992533206,0.9718309964941997,0.020016268828115486,0.00601538943300955,0.5360730430915115,0.4136513263157892,0.1068627271849301,2.0
2021-04-07 23:00:58.820,0.4972394359220942,0.04605580042075763,0.6833090817156066,0.6875889032567744,0.4288632196408405,0.663391823694796,0.47988250923471504,0.5465902595569004,0.9093679933493808,0.9278702328520103,0.0,0.022617907202546205,0.4675799250731223,0.36348682105263114,0.13725474448289893,2.0
2021-04-07 23:00:58.840,0.41441603959220435,0.03719272021675546,0.6257443216321573,0.6907267977873387,0.35565558682940707,0.5908630723300925,0.5259387282876709,0.5840932372071153,0.8817869874454407,0.905249674988421,0.015823653204961628,0.05461982841983578,0.32511411989441247,0.26973684210526316,0.29019596347251664,2.0
2021-04-07 23:00:58.860,0.3343504162056207,0.02302620286870359,0.5136330052274123,0.6926581936160455,0.3078369627383595,0.5358581046482044,0.6500833710618843,0.68508652349409,0.7733618195657463,0.8826291171248316,0.03164730640992315,0.08662174963712536,0.24703191953061673,0.21422698947368382,0.40980387590004086,2.0
2021-04-07 23:00:58.880,0.25428479281903715,0.00885968552065172,0.4015216888226671,0.6945895894447525,0.2600183386473119,0.48085313696631643,0.7561502652659811,0.7694978774438401,0.6481801752333997,0.8476312329227874,0.058020048836594625,0.11982676548150574,0.16894971916682103,0.15871713684210542,0.5294117883275651,2.0
2021-04-07 23:00:58.900,0.1372702122464589,0.0,0.2578732076044585,0.6966029055492052,0.20730468756551376,0.4094546982837746,0.8358032730719892,0.8312391726645875,0.5197701783140214,0.8126333487207431,0.084392791263266,0.15303178132588613,0.12283100193306862,0.11842109473684295,0.6460784215301812,2.0
2021-04-07 23:00:58.920,0.09471743254431493,0.06603797977864645,0.23586826300874328,0.6983830309786428,0.14585156441231395,0.3106093340890866,0.8582746639874452,0.8472178813235339,0.4712289662231652,0.7200170311866487,0.12293756205670563,0.17998073859037209,0.07671228469931674,0.07812505263157954,0.7627450547327974,2.0
2021-04-07 23:00:58.940,0.06766507355172845,0.18977477922939634,0.1801620556284703,0.699458919975387,0.1244384282244794,0.2638972479775909,0.8807460549029011,0.8631965899824804,0.4226877541323089,0.5818395033539405,0.19793081105317667,0.22124640818038765,0.05205473789854044,0.05468753684210529,0.8431372125797792,2.0
2021-04-07 23:00:58.960,0.04061271455914187,0.3135115786801463,0.12445584824819733,0.700534808972131,0.10302529203664484,0.21718516186609507,0.9032174458183572,0.8791752986414267,0.37414654204145253,0.5403328875052408,0.26100747604530566,0.2607475227905892,0.027397191097764676,0.03125002105263105,0.9235293704267611,2.0
2021-04-07 23:00:58.980,0.027075143039427887,0.39771365638024897,0.08869304469090343,0.7016106979688753,0.0816121558488103,0.17047307575459938,0.9256888367338132,0.8951540073003731,0.32560532995059627,0.498826271656541,0.32408414103743466,0.3002486374007908,0.015525056252202763,0.02055932631578942,0.9558823074694373,2.0
2021-04-07 23:00:59.000,0.01353757151971399,0.48191573408035165,0.05293024113360953,0.7016552281033741,0.06155001883594139,0.1247236508892446,0.9498574089224597,0.9187610235817928,0.24811484047712334,0.4573196558078412,0.38716080602956365,0.3397497520109923,0.003652921406641379,0.009868631578947793,0.9882352445121133,2.0
2021-04-07 23:00:59.020,0.0,0.5661178117804544,0.017167437576315624,0.7016997582378731,0.041487881823072476,0.07897422602388993,0.9740259811111066,0.9423680398632124,0.17062435100365042,0.401195028961844,0.46177084835385956,0.39653512482824593,0.0,0.0,1.0,2.0
2021-04-07 23:00:59.040,0.03521561461463668,0.6728468709458035,0.04993825376925442,0.8327598848500137,0.0,0.0,1.0,1.0,0.0,0.34507040211584683,0.5363808906781554,0.4533204976454995,0.007305842813282226,0.011513094736841785,0.9725489707896988,2.0
2021-04-07 23:00:59.060,0.08560276524396015,0.7814719067547852,0.0069967498547147625,0.9619704022259984,0.00829675249957469,0.023691897445146153,0.9917486141704823,0.9806339583485205,0.06030112858339356,0.27016642961391896,0.637003018042299,0.5579884431542232,0.012785411955214383,0.03453945263157948,0.9235293302699005,2.0
2021-04-07 23:00:59.080,0.1400457250228042,0.804364461158999,0.022591876595689137,0.9652251319374502,0.011375869622651283,0.027408142167487354,0.9834972283409646,0.9612679166970413,0.12060225716678712,0.1988902654569233,0.7289694755011025,0.6616939208391515,0.031050299536376145,0.06743427368421084,0.8196077518000817,2.0
2021-04-07 23:00:59.100,0.17532913195154134,0.7736446973112193,0.0694290738636735,0.9712041207137235,0.03352061649193224,0.05360708454237774,0.9765318524783312,0.9322761591343944,0.17419831992288817,0.13017495394082693,0.7846903446358242,0.7442252206297969,0.06940644188603451,0.10855258947368432,0.7607842956155334,2.0
2021-04-07 23:00:59.120,0.20185045559340845,0.799426410647854,0.08615012863457988,0.9782223469233049,0.07512399634725703,0.09986216091746734,0.967452041095854,0.9015942577951599,0.22666709065335522,0.06935550065896633,0.8382472617006453,0.8537054776849283,0.08949779017051643,0.16118416842105274,0.6392155036001629,2.0
2021-04-07 23:00:59.140,0.22922985985118693,0.8458720067450737,0.07289866925241767,0.9832418206330105,0.12083018486933211,0.14207707072626374,0.9538917213432307,0.8562500005100463,0.2915810948814281,0.029982907678266224,0.9078983453515623,0.9862848719155648,0.13515977533345702,0.21381574736842116,0.5411765438154523,2.0
2021-04-07 23:00:59.160,0.23246416371116074,0.8572346696548874,0.06272220072871172,0.9877461893998349,0.18024220200215485,0.1898974419256249,0.9338653451137794,0.7967590761337522,0.3641857548385054,0.021126713328224037,0.98106576255654,1.0,0.1917807117482913,0.2746709894736839,0.3882351240415309,2.0
2021-04-07 23:00:59.180,0.22378850696078845,0.6445492198008016,0.13812968504116963,0.9899974144097273,0.2806438587672878,0.26242548477168,0.8910917725435852,0.6952567922164349,0.46926754134821935,0.01536490623939088,1.0,0.9954282906385217,0.2977168352806635,0.35690787368421106,0.24705876093195256,2.0
2021-04-07 23:00:59.200,0.4720765905461792,0.6822532450336626,0.2757605627681248,0.9902367859665987,0.37649476555875744,0.3464330916855338,0.8218640925190677,0.5978589166274144,0.5786272490422416,0.0,0.9814714648248528,0.9944658503872961,0.35890411048576987,0.4029604631578944,0.19215675270742602,2.0
2021-04-07 23:00:59.220,0.5754786567908665,0.6491033526501621,0.39011714163924205,0.9779466449921647,0.9459986969005129,0.9084627882785252,0.1539931673304369,0.1201643925228078,0.9113656573917339,0.0147246821621866,0.9433324848592541,0.9679980935537301,0.42009138569087623,0.44901305263157876,0.13725474448289893,2.0
2021-04-07 23:00:59.240,0.6788807230355538,0.6159534602666615,0.5044737205103593,1.0,0.7864003460154704,0.8532661421481641,0.34620907679719015,0.23007283554222624,0.8629770195482496,0.03457105213900483,0.8644847709603742,0.9328681381228199,0.5534247003210121,0.5337172210526325,0.07254899086812859,2.0
2021-04-07 23:00:59.260,0.9053102975245515,0.46796759488712675,0.9043833294155289,0.07988231475126432,0.6333358922189154,0.5953195419104884,0.5384249862639433,0.33998127856164473,0.8145883817047654,0.04289372060232103,0.7489857221893358,0.9193936397958843,0.600000009351598,0.5670230736842112,0.04803915052979881,2.0
2021-04-07 23:00:59.280,0.9372474566352454,0.4884226602060688,0.9639591781099205,0.07389158701769467,0.7375441095135549,0.6848782153059352,0.4148383236971239,0.23908989719087378,0.8548404462698763,0.07020910364996015,0.64849883075962,0.8989412920900206,0.6465753183821845,0.600328926315789,0.023529310191469605,2.0
2021-04-07 23:00:59.300,0.9231828947328785,0.46586106027104357,0.903455952450913,0.0671484399328376,0.8318875629794555,0.7424972222848438,0.3268821432353782,0.1502998331863021,0.8560662231377745,0.08365340752640668,0.5753313914147603,0.8756015448517089,0.6977168726870568,0.6661184000000006,0.05686271714571466,2.0
2021-04-07 23:00:59.320,0.909568801161304,0.5422981859981699,0.7747328955186846,0.06264142895697543,0.8890056161800894,0.7644414135591147,0.2879269114259101,0.0982512127530831,0.8406033091713172,0.11907808012357253,0.5350284427743494,0.8224254211217703,0.7214612358941654,0.7121709473684208,0.09803916056901482,2.0
2021-04-07 23:00:59.340,0.8952974766996912,0.5660331724689989,0.6918832886050658,0.06061383234177108,0.9139961203999115,0.7718898205193442,0.26809554389840506,0.06821108079577339,0.8266850914262353,0.18203154961650134,0.516229416136551,0.7338787122034225,0.7260274344104598,0.7253288421052629,0.09411764233448698,2.0
2021-04-07 23:00:59.360,0.8825758210914179,0.67321002102991,0.6583304521146349,0.05858623572656664,0.9389866246197335,0.7793382274795738,0.24826417637090004,0.03817094883846378,0.8127668736811531,0.26056335666411196,0.5027049363235959,0.6559191414689484,0.7305936329267536,0.7384867368421051,0.09019612409995914,2.0
2021-04-07 23:00:59.380,0.8698541654831448,0.7803868695908213,0.6247776156242042,0.05572997630190136,0.9750104765718919,0.7892591793421727,0.2258979684956882,0.00412683987247837,0.7939544126228003,0.3653435561209949,0.5043278742509607,0.5885466695289621,0.7452055055852888,0.7549342315789478,0.07843136861207249,2.0
2021-04-07 23:00:59.400,0.8333819404847462,0.9307434968456231,0.5335858276688411,0.052987599232249556,1.0,0.7977967163381181,0.2201763561700689,0.002063419936239237,0.7948038042653507,0.41138495543811243,0.5108534355528734,0.5608758357935287,0.7433789513659832,0.7434211368421051,0.08235308763090404,2.0
2021-04-07 23:00:59.420,0.7697037667814303,0.9288889353388644,0.46324532148850456,0.05166184725641199,0.999612847182735,0.8028984209695756,0.2144547438444496,0.0,0.7956531959079012,0.4574263547552301,0.5173789968547862,0.5332050020580954,0.7488584269919301,0.7302630736842107,0.07058833214301738,2.0
2021-04-07 23:00:59.440,0.7191018827309197,0.9388958705236408,0.4248865142640731,0.05033609528057433,0.9992256943654703,0.8080001256010332,0.20318926107345764,0.007191431119811406,0.8074953381991777,0.44067432662498623,0.5224506761619602,0.5007218459441735,0.7497716573435902,0.7331413894736838,0.07843146900422406,2.0
2021-04-07 23:00:59.460,0.6841347867955715,0.906402592248538,0.41437302885462984,0.04782911072680255,0.9911082011674813,0.8202013320150593,0.19535120149323915,0.010248631067829797,0.8137939291824287,0.42979084394853834,0.5234988232874097,0.4878488904994771,0.7506848876952508,0.7360197052631577,0.0862746058654313,2.0
2021-04-07 23:00:59.480,0.6634151219300619,0.909696030810514,0.401914129072068,0.04610878100427854,0.9872601139167999,0.8310765296756595,0.18993771191835557,0.011446499543016027,0.8172407468824099,0.41890736127209044,0.5245469704128594,0.47497593505478075,0.7598173782438238,0.7384867368421051,0.09019612409995914,2.0
2021-04-07 23:00:59.500,0.6538478776193846,0.9108321809551422,0.3875054604399695,0.045454087214287626,0.9857302063457283,0.8358335641386506,0.1845242223434719,0.012644368018202259,0.8206875645823911,0.4327784683907505,0.5228564109758995,0.46968238368806753,0.7634702996504652,0.7368421052631579,0.06274509488965799,2.0
2021-04-07 23:00:59.520,0.6522742306005549,0.9086085100524086,0.37126739954096394,0.044799393424296625,0.9842002987746566,0.8405905986016419,0.17807093526776294,0.015380635185179783,0.8258284927564334,0.44985059633257957,0.5196105355639677,0.47305100708812,0.7634702996504652,0.7286184421052636,0.0549018576362986,2.0
2021-04-07 23:00:59.540,0.6499381980952199,0.9110343630392028,0.3675954638354,0.04371415324434964,0.9796876417703775,0.8466169482491538,0.17161764819205397,0.018116902352157408,0.8309694209304759,0.4441421029679721,0.5153165134970588,0.47275023722257564,0.7561642698052123,0.7302630736842107,0.07058833214301738,2.0
2021-04-07 23:00:59.560,0.6464720178626217,0.9250686927316645,0.3567864943485671,0.042628913064402654,0.975174984766098,0.8526432978966658,0.1637211255540028,0.024476054516031995,0.8397049201938366,0.43843360960336464,0.5110224914301498,0.47244946735703136,0.7616439324631298,0.7302630736842107,0.07058833214301738,2.0
2021-04-07 23:00:59.580,0.6502531441784704,0.9369712120908756,0.339751570386622,0.04193051273324575,0.9726205274586027,0.85568741203902,0.1602515582249571,0.026775110007074308,0.843058789262716,0.4080238782462992,0.5040573846701994,0.4723291593714242,0.7579909175405031,0.7351973052631576,0.0666667135163374,2.0
2021-04-07 23:00:59.600,0.6597375459080994,0.9726970611604242,0.3274745632464234,0.04123211240208894,0.9700660701511077,0.8587315261813744,0.1585157925610959,0.027508690634940623,0.8443734017922543,0.39543318295034,0.500270530539543,0.4692011517456391,0.7543379026178769,0.7401315368421054,0.06274509488965799,2.0
2021-04-07 23:00:59.620,0.6583738967120781,0.9967283093126489,0.327588423622402,0.02496321353012334,0.9746619718521212,0.8435344855349477,0.19465068135410343,0.018132069671413217,0.8210865300847293,0.4061032636563378,0.4998647961684011,0.4667949918365499,0.7506849812112355,0.7351974736842107,0.035294065679356834,2.0
2021-04-07 23:00:59.640,0.6722705672030701,1.0,0.3205261076775909,0.013106143198922495,0.9701970499805669,0.852101772262783,0.1589247952855303,0.028759370759803116,0.8452677001939365,0.4198143177251153,0.5015215448505634,0.46823868776230865,0.7470320130466018,0.733963894736842,0.04950974496578564,2.0
2021-04-07 23:00:59.660,0.6771652995749825,0.9871306634340052,0.3170959470312837,0.0012490728677216519,0.9657321281090129,0.8606690589906185,0.1586938276772558,0.032282267254406326,0.8483033951206845,0.43352537179389267,0.5031782935327257,0.46968238368806753,0.743379044881968,0.7327303157894733,0.06372542425221388,2.0
2021-04-07 23:00:59.680,0.6820600319468948,0.9742613268680107,0.31366578638497655,0.0005551784466201565,0.9590670599366817,0.8622440395868692,0.15846286006898136,0.03580516374900953,0.8513390900474325,0.41602643947448414,0.5059508117355278,0.4735322392274954,0.7470320130466018,0.733963894736842,0.0553921227097284,2.0
2021-04-07 23:00:59.700,0.6894489967070744,0.96429042350935,0.31284128770070585,5.627276153001081e-05,0.9560674752137014,0.863439849987279,0.15759855062353206,0.038975067410340174,0.854307618913897,0.389884739054846,0.5063565461066696,0.4701636156304961,0.7506849812112355,0.7351974736842107,0.04705882116724349,2.0
2021-04-07 23:00:59.720,0.6938094964529264,0.9665725530494942,0.3176707403670983,0.0,0.9572327636571396,0.8634136106432384,0.157543872354816,0.03789143764490645,0.8534361620486081,0.3943661748448059,0.5098729106012153,0.46318575187444244,0.7397260299593419,0.7434211368421051,0.035294266463660545,2.0
2021-04-07 23:00:59.740,0.7052176649122684,0.9636488239759048,0.3221546618608266,0.0002317280235836697,0.9575719998952121,0.863182037764044,0.1577427135819578,0.03759645018977171,0.8531139918816999,0.41037129607847417,0.5139302544786822,0.4509143367516756,0.7360731085527005,0.7319078736842101,0.011764554703582947,2.0
2021-04-07 23:00:59.760,0.7129210279255549,0.9509274868435104,0.3386575907461459,0.000567980578505432,0.9554329912459337,0.8633864292914492,0.1579512929692053,0.03945666768586544,0.8545651012525745,0.4199743693776245,0.5160941710140723,0.4364773816299722,0.7452055055852888,0.7253290105263162,0.0,2.0
2021-04-07 23:00:59.780,0.7163268908597327,0.9435876032489109,0.3461945834720889,0.0011082808718535743,0.9515871696241115,0.8634238197528559,0.15870631407162086,0.04280611541182794,0.8570109371397184,0.4191207628931973,0.5159589262236917,0.4210779575027918,0.7324201871460596,0.7335526736842104,0.01960799274124605,2.0
2021-04-07 23:00:59.800,0.7160305416771179,0.9351790996170529,0.34830515044369137,0.0019358899431862456,0.9473995224740918,0.8626790056262822,0.16044379823432425,0.046461427694282305,0.8592958372344958,0.4161331401977017,0.5148769680113463,0.41025024076762034,0.7269405244881422,0.7384867368421051,0.035294065679356834,2.0
2021-04-07 23:00:59.820,0.7234494041007606,0.9294533743767924,0.35209876948291513,0.0030487632259862145,0.9431550090204885,0.8609557755541742,0.16333893686705797,0.05017431983054477,0.8611415229497349,0.42530940990529503,0.5127130513652569,0.4027911436905097,0.7251141573008067,0.7236842105263158,0.00784323725335939,2.0
