2021-04-22 01:47:21.860,0.0849977081621438,0.8257605228297634,0.7613895071959234,0.2002387693282696,0.5711447950331077,0.6581224827160997,0.9645443111308286,0.3211560964448646,0.5599860189484893,0.9791421869679239,0.4158607350096712,0.31202044729451095,0.5111104031602942,0.01812696485792985,0.0,2.0
2021-04-22 01:47:21.880,0.560526928297131,0.882168998316881,0.6426644575031282,0.18386981166921462,0.5491091368150421,0.6755754456291752,0.9987752722832157,0.3588628097314533,0.5871481060236807,0.9773795548807063,0.0967117988394584,0.41432223538609086,0.5111104031602942,0.010574037053329792,0.006827724443188986,2.0
2021-04-22 01:47:21.900,0.6142493225823523,0.8715287229906145,0.431908514406067,0.15357327956414796,0.499975855446191,0.7068246258467142,1.0,0.4094644144397011,0.630735893354357,0.9762044656202823,0.647001935027574,0.4117646886427563,0.5111104031602942,0.003021109248731493,0.013655448886377972,2.0
2021-04-22 01:47:21.920,0.6679717168675736,0.8608884476643481,0.22115257130900576,0.13552888592328569,0.4614221728924965,0.7208425337454717,0.9925946374422114,0.46260985824030976,0.6734739081496562,0.9441833172381064,0.700193423597679,0.3478260723938811,0.44444343308613465,0.012084436994922456,0.01155463541840292,2.0
2021-04-22 01:47:21.940,0.486649613861633,0.8292073490550437,0.9911703577722272,0.12024353439239628,0.43076799939954125,0.7424422913108225,0.9934101704174697,0.47544079181791044,0.6822383338225481,0.9615158658552914,0.9400386847195358,0.4168797779426663,0.3999995448887606,0.030211401852852305,0.017857129603841428,2.0
2021-04-22 01:47:21.960,0.36881963239401516,0.8019628467487158,0.09592682002531816,0.11152568690680081,0.4074154445216051,0.752850205034025,0.9942257033927279,0.4882717253955113,0.6910027594954399,0.9703290265318355,0.15087042202149814,0.4501278583920814,0.4222203512093426,0.009063482428965805,0.016806722869853824,2.0
2021-04-22 01:47:21.980,0.8929187493151989,0.8456991260649974,1.0,0.09747847395138633,0.3728030919198994,0.7735806262312146,0.9705072711513243,0.5271378775678555,0.7213692909351985,0.962397181971037,0.6963249579768779,0.4194373225926213,0.44444343308613465,0.02114822878943443,0.016806722869853824,2.0
2021-04-22 01:47:22.000,0.5802294460662987,0.7718951785364305,0.4663401703988284,0.09000970176740267,0.35921549794738067,0.7943692177030992,0.9070505753631559,0.5426606245315162,0.7435677206732487,0.9568155138631665,0.01547390364625643,0.5882352694896519,0.4666665149629202,0.0362539297158597,0.014705909401878775,2.0
2021-04-22 01:47:22.020,0.01771787100914035,0.6598255427457921,0.41923219143177576,0.07246538029327464,0.31048803549349036,0.8186666269810553,0.8719867859734756,0.5995861056237062,0.7816537344040472,0.951160402823799,0.10976789959875688,0.549232713577838,0.37777873856817856,0.03323266578435688,0.016806722869853824,2.0
2021-04-22 01:47:22.040,0.9722947750728566,0.7861353746895893,0.3461432531567282,0.056699613795051576,0.2630338246268471,0.8347575038687987,0.8616889191599365,0.6566462744110309,0.8122754096324977,0.9455052917844312,0.20406189555125728,0.5102301576660241,0.44444343308613465,0.024169183355391078,0.01155463541840292,2.0
2021-04-22 01:47:22.060,0.3543342920160279,0.6694854841140521,0.8333461247137747,0.04794477656720188,0.23312387019595607,0.8478627506635542,0.8360839866851033,0.693493022011102,0.8335666092260599,0.9294947165112923,0.0,0.6010229927394268,0.4222203512093426,0.04531710277927758,0.022058810321304884,2.0
2021-04-22 01:47:22.080,0.46514133904251126,0.6431239561508378,0.02846327958775782,0.04205486774830166,0.21578777058976364,0.848136395420215,0.8549972372213677,0.7151392474141872,0.8400507679231962,0.9198002352224799,0.3636363478044206,0.5780050908898319,0.3999995448887606,0.04229645757886886,0.02626049103876834,2.0
2021-04-22 01:47:22.100,0.9165524299708323,0.7215919229492518,0.8789390456072593,0.03419224093000617,0.1856558988156105,0.8594127366010368,0.8440899300066326,0.7341962493971774,0.8498044245999498,0.9009988335058307,0.5357833655705997,0.5549871890402367,0.5111104031602942,0.051359630642286734,0.022058810321304884,2.0
2021-04-22 01:47:22.120,0.35623221844328296,0.6023252978528575,0.36943456105320754,0.030612510745062438,0.16746814186458614,0.8698439999226486,0.8331826227918973,0.7532532513801676,0.8595580812767034,0.877497067533813,0.5164410026363193,0.5805626355397868,0.35555565669138656,0.054380275842695454,0.021008349805804082,2.0
2021-04-22 01:47:22.140,0.44882702384128326,0.604873812388779,0.38998915216409075,0.027032780560118704,0.1492803849135616,0.8802752632442605,0.7638919784797844,0.8001141835627746,0.8881189835969977,0.860605178501395,0.500483557411003,0.6144501073851397,0.44444343308613465,0.06344406763720743,0.02521008430478074,2.0
2021-04-22 01:47:22.160,0.5414218292392836,0.6074223269247003,0.41054374327497406,0.020619498807180187,0.11543789043243545,0.8971968478021253,0.72543720190779,0.8286959144105438,0.9036240069272373,0.843713289468977,0.4845261121856867,0.6483375792304925,0.45555497402453066,0.10271910660179863,0.029411765022244196,2.0
2021-04-22 01:47:22.180,0.5962907833207969,0.5807996630468688,0.42257238274330605,0.01725168575842045,0.0959829595466358,0.9074764484301762,0.6869824253357957,0.8572776452583128,0.9191290302574769,0.8065511272255798,0.47292069632495165,0.6956521761884561,0.44444343308613465,0.14501510013234648,0.04411762064260977,2.0
2021-04-22 01:47:22.200,0.6224718923298347,0.5584296482381365,0.4105284254131359,0.014420940641075472,0.07861770049306471,0.9170786390759175,0.6287116971316197,0.8933853431392788,0.9385512723449967,0.7927438407389563,0.445357833655706,0.7097186612963107,0.5111104031602942,0.14803636406385104,0.043067213908622164,2.0
2021-04-22 01:47:22.220,0.6297891357204479,0.5377779473723835,0.40964691759235455,0.01207685574712371,0.06305065164279827,0.9261335402083375,0.5899889221057104,0.9143421307050819,0.9498463081465879,0.7789365542523329,0.4177949709864604,0.7237851464041652,0.5555542913576618,0.1722052380536942,0.048319355141586424,2.0
2021-04-22 01:47:22.240,0.6413553502905863,0.4918257070240414,0.421123247372761,0.010394924578565971,0.04985280235684493,0.9345858440985865,0.5516300393930276,0.9322169818372593,0.9597827840340895,0.8002350277107708,0.3713733075435203,0.7851662284699834,0.5555542913576618,0.1963747307746332,0.054621795545511734,2.0
2021-04-22 01:47:22.260,0.6601983279049851,0.4691364098316538,0.4219548477842992,0.00875433134404168,0.03793582109693766,0.942718044322051,0.5131583246224724,0.9484403147082351,0.9689337358946445,0.8249118793363762,0.39458413926499036,0.8260869219354676,0.5777773732344539,0.2084591677695539,0.054621795545511734,2.0
2021-04-22 01:47:22.280,0.666494178171199,0.4199572343263821,0.41537052102668587,0.006330015687095544,0.02497771250666851,0.9507583296610387,0.47499529122543277,0.9661683796181203,0.978184060915187,0.7740893184170418,0.3404255319148936,0.8976981930680038,0.4222203512093426,0.22960739655898832,0.05882353004448839,2.0
2021-04-22 01:47:22.300,0.6909856353438494,0.39755943966626867,0.40273940805238306,0.0018908551588772504,0.005845915679158767,0.9627236824926413,0.43473049295290606,0.9856174055629265,0.9878192669055162,0.6689189227857075,0.24758220502901357,0.9514066307170589,0.4888895968397122,0.24773374268582407,0.061974804027964396,2.0
2021-04-22 01:47:22.320,0.6937763816626065,0.46556827648479765,0.38355473224854425,0.0009454275794386039,0.0029229578395793833,0.9673897967645732,0.38074816402424816,1.0,0.9971855772860001,0.5793184703749295,0.14313346228239843,1.0,0.4888895968397122,0.2930514641961975,0.07773106638231742,2.0
2021-04-22 01:47:22.340,0.7031953457458411,0.4510872401745985,0.3660400879982701,0.0,0.0,0.9720559110365047,0.3343753933277334,0.9891924906362649,0.9989820151882716,0.5684488841960688,0.07930367504835587,0.989769800466384,0.6444443433086134,0.33534730304397053,0.08928570180072018,2.0
2021-04-22 01:47:22.360,0.7126787175354025,0.3965566029663166,0.3657143257433627,0.0019064411981078106,0.013500724502670253,0.9777727441777985,0.3079671573016353,0.9747121377236136,0.9977021456951543,0.6233842725553718,0.12572537015518204,0.9514066307170589,0.4888895968397122,0.38670693368625725,0.09558824976767205,2.0
2021-04-22 01:47:22.380,0.7477532242284064,0.3145998798954326,0.37637375246476806,0.0031269280421355812,0.02555450276001803,0.9831976394318657,0.2812465800014102,0.9653774606815194,0.997740850820874,0.6774383184209323,0.1992263056092843,0.9283887079336679,0.5333334850370798,0.4018126346126825,0.0966386027201463,2.0
2021-04-22 01:47:22.400,0.7766496829434086,0.2640432168226536,0.383208231649722,0.002388337682308035,0.028036908288224145,0.9876770640008103,0.25969399437089435,0.9621458619027379,0.9988704254104372,0.6595182087023161,0.2205029013539652,0.9283887079336679,0.5777773732344539,0.4441087828260052,0.10294115068709815,2.0
2021-04-22 01:47:22.420,0.7810850780452419,0.254612870880005,0.3770424922615567,0.0021687961544447493,0.030272875525581267,0.9898719575930339,0.2381414087403786,0.9589142631239567,1.0,0.5834312497237464,0.19148934587018462,0.9130434400339378,0.5555542913576618,0.4743201846788557,0.11764706008897678,2.0
2021-04-22 01:47:22.440,0.779664500027672,0.2892529592154707,0.3599186098975254,0.0019492546265814635,0.032508842762938306,0.9920668511852574,0.19674268845587023,0.9405794204449069,0.9987113793479668,0.5041128057989503,0.11992261472898538,0.9002557377179587,0.6666651496291954,0.5015106319657514,0.13025204845985394,2.0
2021-04-22 01:47:22.460,0.7825412855486356,0.3026379183838165,0.3418487354630696,0.004375093957378064,0.053075286615558936,0.9963638511400522,0.17438721212873215,0.9151566130579145,0.9934945884883535,0.458871944415054,0.11218565498988566,0.8797954014521147,0.7555552015801471,0.5800604005293859,0.1580882302718734,2.0
2021-04-22 01:47:22.480,0.7912531767702558,0.27285383836756116,0.3486151150342706,0.009472939293449232,0.08602541787181857,0.9985078196237985,0.1529592081760394,0.8834621747270877,0.986043871789941,0.44212691794546766,0.1353965183752418,0.8414322317027896,0.6666651496291954,0.6283987672401681,0.1827730950752065,2.0
2021-04-22 01:47:22.500,0.8039836705213187,0.22824278056106864,0.35493629969462837,0.01379289793817061,0.11188825355833257,0.9993842705675826,0.13167590419629932,0.8490703786769697,0.9773067147282315,0.4388954570448173,0.16054158607350094,0.8030690410196685,0.7111113133827731,0.685800616379916,0.193277313003319,2.0
2021-04-22 01:47:22.520,0.8082701250727061,0.179823530061034,0.3434811964604959,0.0184904747559343,0.1391597318880698,1.0,0.11053457758052006,0.8132453724866224,0.9675682550640182,0.42596946916876016,0.16054158607350094,0.7442455140707033,0.7999990897775212,0.7220542367302277,0.21323528834404346,2.0
2021-04-22 01:47:22.540,0.8299315725335242,0.17769624465170136,0.33657022694014876,0.023647899955261804,0.16754892261155724,0.9998208401507283,0.09265618625859078,0.7764492169272849,0.9566281762693836,0.42450062111886666,0.1353965183752418,0.6777493322380772,0.7333343952595651,0.7764351313040191,0.23949579013911432,2.0
2021-04-22 01:47:22.560,0.8279365078058077,0.16225086569825006,0.33228722661706334,0.02924976816971135,0.1962119730196512,0.9989875154450801,0.07757458386483737,0.7398307770491929,0.9448719193882845,0.4388954570448173,0.17988394584139267,0.613810715989202,0.7999990897775212,0.8157100155858354,0.253151249781795,2.0
2021-04-22 01:47:22.580,0.8278269178331491,0.11417475680917887,0.33475913618664294,0.03504795543626171,0.22405687619954753,0.9982109610829475,0.0619531907638392,0.7047880366753682,0.9331085515654837,0.4200940288780346,0.23791100931312467,0.5421994657904617,0.7555552015801471,0.8308157165122625,0.2804621798234588,2.0
2021-04-22 01:47:22.600,0.8578054332798372,0.10003619454364837,0.3141639227420587,0.041873050698699676,0.2540634088456743,0.9965646838044917,0.04867435721879689,0.6676296579453315,0.9196501392679434,0.35619863375057526,0.21566729558004927,0.5345268318405967,0.8888891417284663,0.8731118647255833,0.3056722641282395,2.0
2021-04-22 01:47:22.620,0.8452932282525862,0.12259064419435683,0.3040826394082093,0.04998434349838193,0.2882683705348766,0.9937791132796208,0.03710255487842454,0.6260633758870809,0.9034019975265325,0.29083434248207063,0.2205029013539652,0.5549871890402367,0.8444452535310988,0.8912388295835132,0.3287815026961372,2.0
2021-04-22 01:47:22.640,0.8565653457805332,0.115541701312249,0.2865065711473452,0.05919270556019423,0.32655744826273786,0.9897989313322368,0.026734502775722143,0.5805697059810386,0.884236819482004,0.2567568561234745,0.1450676824272446,0.5549871890402367,0.7999990897775212,0.9244711860023221,0.35714285022809117,2.0
2021-04-22 01:47:22.660,0.853260371918722,0.11445141305586938,0.28916772284871034,0.06997553461590066,0.36941253676896724,0.9842800683095373,0.01779162489767905,0.5309975651466579,0.8616102230418374,0.27438312890449956,0.08897483910035867,0.5754475462398767,0.9111099480490483,0.9577038517866773,0.38445376951345234,2.0
2021-04-22 01:47:22.680,0.8499553980569106,0.11336112479948976,0.2918288745500756,0.08220114429231112,0.4151266902709846,0.9770110092364012,0.01137131119956376,0.4797473922575167,0.8360903834494802,0.3322562374091654,0.11218565498988566,0.5421994657904617,0.9777769181232144,0.9697885981471477,0.42226888521432077,2.0
2021-04-22 01:47:22.700,0.8378206985964489,0.06071731634355158,0.27919583107390167,0.09464376607754454,0.4597813617107674,0.9688487209398186,0.0037498136574991756,0.41056132116708605,0.7978868291527847,0.3754407211414411,0.1682784983167716,0.4654731262918114,0.8666660598516808,0.9637460702841385,0.44537815605112646,2.0
2021-04-22 01:47:22.720,0.8524974085101034,0.030358658171775778,0.26363087102182897,0.10655779950757509,0.4995397921841388,0.9606076395017579,0.00025351506673958283,0.3531060493328829,0.7627205570833745,0.3824912206356208,0.19729205380055212,0.4398976797922614,0.8444452535310988,0.9788517712105655,0.4705882403559072,2.0
2021-04-22 01:47:22.740,0.8671741184237578,0.0,0.24806591096975622,0.11890470084940423,0.5357150645963681,0.9516900674391773,0.00012675753336989054,0.335915477827964,0.7511240363561346,0.3625147332653841,0.17988394584139267,0.4271099544491067,1.0,0.9879155630050775,0.5073529385664854,2.0
2021-04-22 01:47:22.760,0.8640545912889357,0.026073807315105193,0.24007262810088878,0.13208704521060716,0.5707833407671105,0.9419050395130052,0.0,0.31872490632304484,0.7395275156288946,0.36692130146064034,0.18471952786739407,0.40537082586651,0.9111099480490483,0.9909365175710342,0.5168067174917025,2.0
2021-04-22 01:47:22.780,0.8474387931683827,0.06657015177880336,0.22637714680449042,0.15561836303780677,0.6250080454170017,0.9235840356904723,0.0016193163305657727,0.29335574036006296,0.7205959785254361,0.37132786965589654,0.18955510989339547,0.3836316972839132,0.9555561118026324,1.0,0.5420168017964833,2.0
2021-04-22 01:47:22.800,0.8603629726017621,0.03747665549668766,0.2313443801698232,0.17315836643228713,0.6574187656431745,0.9097916995384959,0.0032386326611315453,0.2679865743970809,0.7016644414219775,0.3980611398106013,0.27079303675048355,0.3401534384440161,0.8888891417284663,0.9879155630050775,0.565126040364381,2.0
2021-04-22 01:47:22.820,0.8692570362800592,0.00341830274499032,0.2392994940244082,0.19069836982676747,0.6898294858693472,0.8959993633865196,0.008601257399024724,0.2239764096541495,0.6653862971073259,0.39864869345790427,0.3384912959381045,0.263427092665227,0.8444452535310988,0.9788517712105655,0.6018907493312619,2.0
2021-04-22 01:47:22.840,0.8905661556054221,0.03225370349239898,0.20360113239562855,0.20750121619887657,0.7141511716972249,0.882712945647327,0.016404656464768137,0.19775666376876255,0.6410853689354081,0.36324916931311874,0.382011601457875,0.2583120096454558,0.7555552015801471,0.9667673342156431,0.631302514353506,2.0
2021-04-22 01:47:22.860,0.8706723347789305,0.04495232504767486,0.1899109382487297,0.22430406257098567,0.7384728575251025,0.8694265279081347,0.02532963653616304,0.17066526949469238,0.6139527257594724,0.29905999736200795,0.36557058378120977,0.2659846435953208,0.8222221716543068,0.9607251157181819,0.665966377583504,2.0
2021-04-22 01:47:22.880,0.8754780178853504,0.08245912194869272,0.1830270901130171,0.2515573964265838,0.7729639227670962,0.8477441012724423,0.03329840062343304,0.14371565174181655,0.5847938642514429,0.22767337137955804,0.3462282240133181,0.2352940952355832,0.6888882315059875,0.9305134044997834,0.6869747811708212,2.0
2021-04-22 01:47:22.900,0.8685963456854716,0.12029426925674598,0.16645888152039506,0.28586980885071916,0.8102398591490202,0.8197886248090518,0.04443047929522808,0.11598824324138342,0.5512976583488951,0.13777910607676477,0.3172147001934236,0.1713554915469855,0.6666651496291954,0.8670693368625743,0.7174369690615069,2.0
2021-04-22 01:47:22.920,0.8687922860613241,0.13524742706256607,0.15650066620647782,0.331468669706378,0.8512703456058739,0.7821932326887984,0.05911230449658961,0.08717493747526708,0.5115520148333245,0.042009448574397694,0.28820116054158607,0.04092073533307607,0.5777773732344539,0.851963635936149,0.7636554569536049,2.0
2021-04-22 01:47:22.940,0.820159316621037,0.15383482650654198,0.22303419653424936,0.39378878510281085,0.8951796466614482,0.7303425294150874,0.07868884506926598,0.05835509731641375,0.4641818215986343,0.0,0.25725336908101637,0.0,0.5111104031602942,0.794562096161949,0.7951680623345808,2.0
2021-04-22 01:47:22.960,0.8319691973262555,0.1405853216279486,0.1951452021508021,0.5103950811616496,0.9814732340295846,0.422310239354696,0.24418856879140283,0.007936515008361336,0.26783636356962753,0.04272752427945787,0.2389855866148901,0.005683432555455593,0.44444343308613465,0.709969799735307,0.8445378107647764,2.0
2021-04-22 01:47:22.980,0.843779078031474,0.12733581674935518,0.1672562077673549,0.5301073104823449,0.9907366170147924,0.425012325923912,0.16369039383208547,0.0,0.29255304279945793,0.08545504855891574,0.2207178041487638,0.011366865110911128,0.4222203512093426,0.6344409857376293,0.8623949538139961,2.0
2021-04-22 01:47:23.000,0.8524876138525633,0.13311953267427346,0.16342085387966976,0.5498195398030403,1.0,0.42771441249312797,0.18542502108410208,8.69052232621255e-06,0.2615121224948264,0.12818257283837362,0.20245002168263754,0.01705029766636672,0.333332574814601,0.546827734745029,0.8865546184772262,2.0
2021-04-22 01:47:23.020,0.8611961496736528,0.1389032485991917,0.15958549999198463,0.6273061641849672,0.9950289083336868,0.3621862968539742,0.20715964833611888,1.738104465277684e-05,0.2304712021901949,0.26410109637294177,0.18762087391660628,0.025575446499550052,0.14444320553051168,0.4728095527131043,0.9243697443965821,2.0
2021-04-22 01:47:23.040,0.8434680320390013,0.21749283324983265,0.14453076486653357,0.7047927885668943,0.9900578166673732,0.2966581812148206,0.22889427558813552,2.607156697898939e-05,0.19943028188556342,0.31139838349961035,0.17843326094282927,0.0274936049870163,0.22222171654306733,0.38972819761776184,0.953781512107902,2.0
2021-04-22 01:47:23.060,0.8279001463316689,0.21096946629955052,0.14024586096450134,0.7822794129488212,0.9850867250010601,0.23113006557566687,0.27746625229450456,0.012754210566317458,0.14533609252539978,0.3586956706262789,0.16924564796905225,0.029411763474482547,0.15555531535795697,0.3512084746360459,0.9616596621086081,2.0
