2021-04-07 22:46:12.560,0.4622603043825319,0.3217544813811502,0.7371833587030041,0.1291991326667531,0.21672276764299808,0.8635543845098337,0.07807858711951732,0.6879993355267708,0.31830218579821695,0.6348585168892158,0.41353380030933956,0.4027683800793547,0.539612581789311,0.18522065429467677,0.054398179451302334,2.0
2021-04-07 22:46:12.580,0.7788490369798301,0.35805133445935244,0.11412158679605881,0.13519306128535344,0.23302862461076515,0.8663513873383267,0.08597455859803316,0.6716407030147741,0.29449334189044896,0.6435881956845619,0.5373047644277672,0.3879135524245113,0.5334507327911184,0.1938579265947321,0.05092594842249598,2.0
2021-04-07 22:46:12.600,0.7143127827984659,0.3484969360688229,1.0,0.1331870459161502,0.24725147848842458,0.8448769433789424,0.09223266639762648,0.6525078816603072,0.344242561462772,0.6225165512656634,0.43435508399281336,0.37356514211218456,0.5633803832573083,0.2034548303019848,0.057870410480108686,2.0
2021-04-07 22:46:12.620,0.38130356431222157,0.29148980014215875,0.2147163274200661,0.13757257579588886,0.2608822652056254,0.8502610120572845,0.10105505376472916,0.6343111092153355,0.3351414295475751,0.6788079429813365,0.6200115349044713,0.34284266593433566,0.5669012853005126,0.2188099155426081,0.05092598397805077,2.0
2021-04-07 22:46:12.640,0.9024714337507486,0.4297699247465895,0.45460846511684355,0.14282074825602217,0.28024443360105483,0.8602332581969843,0.11445179318658387,0.608710140947953,0.31777083955011404,0.6779048737381969,0.4748409133773458,0.31212017593961566,0.5880281398135229,0.2360846566878105,0.06018521931412805,2.0
2021-04-07 22:46:12.660,0.5225956593468799,0.3652434299602679,0.9299386720830191,0.14409281525147627,0.29888547352260003,0.8446900131924779,0.1257383429563361,0.5843514981218492,0.35493244922748957,0.6685731430316301,0.6633892092450417,0.2974341545261735,0.5739438105138144,0.2533590047428295,0.05092598397805077,2.0
2021-04-07 22:46:12.680,0.41159095681709335,0.356839610920683,0.05110610007193574,0.15162048333982928,0.31835127854028167,0.8561684852577267,0.14873008682875494,0.5454268123863507,0.3429151261636097,0.5725466506581391,0.5014458869728956,0.297940570487003,0.5774647125570188,0.272552812157336,0.04398151006858635,2.0
2021-04-07 22:46:12.700,0.7012689033628611,0.5007343301061246,0.6866331911696633,0.15370647122776976,0.34006771132691954,0.8513575732895743,0.15970925033329714,0.5272850303018409,0.35251404631599254,0.4957856563327496,0.4545979986850796,0.2932140399417558,0.5739438105138144,0.29558534174572454,0.04398151006858635,2.0
2021-04-07 22:46:12.720,0.13990095550397896,0.46746774858214135,0.6595442721066562,0.15227798784154087,0.35800950764594613,0.8479100054813681,0.17068841383783953,0.509143248217331,0.3621129664683753,0.5231787965412296,0.634470754950645,0.29220120802009686,0.5774647125570188,0.32437624941257537,0.06018521931412805,2.0
2021-04-07 22:46:12.740,0.3417241342679714,0.5456120578711454,0.0,0.15007084975024387,0.3756869543558323,0.8723446567012746,0.1957649859575109,0.4754878146474565,0.32262375986349884,0.5081276194923903,0.4713706994301002,0.296083721175209,0.5915494024201737,0.35700568270821764,0.06481483698216677,2.0
2021-04-07 22:46:12.760,0.38210909773756646,0.539010785307432,0.7436819969381305,0.14193184869106173,0.40363073116528414,0.8701836478841131,0.21230535001009132,0.45400914581581797,0.31774896869794955,0.5346176877474275,0.5130132691640561,0.2873058629433258,0.5774647125570188,0.3800382122966073,0.05092598397805077,2.0
2021-04-07 22:46:12.780,0.3916191352309028,0.5209354689695371,0.0991491866965366,0.13787259188367867,0.43052461550645205,0.8958947446926685,0.22884571406267196,0.43253047698417946,0.3128741775324003,0.6496086630546213,0.7067668788515958,0.2709317929327423,0.5880281398135229,0.39539349408232227,0.04398151006858635,2.0
2021-04-07 22:46:12.800,0.7703507234984984,0.5903782856327953,0.840561990022114,0.1385962280916416,0.45505610937371427,0.8852094078224241,0.26103878092122873,0.3934639941300494,0.32047212652591495,0.7320890997800243,0.7432041300316914,0.25303847503967036,0.5809859751636697,0.4280227308328729,0.06944450205761182,2.0
2021-04-07 22:46:12.820,0.3685084521783868,0.5440065101258976,0.8142074898510537,0.1453639088271511,0.4788162584182148,0.8760398830411371,0.2839466510047513,0.36680204951793993,0.3462002560778587,0.7904876694891022,0.7489878199437674,0.2321066751984925,0.5845068772068741,0.44721693133756163,0.09027780526748899,2.0
2021-04-07 22:46:12.840,0.5263061593307595,0.6069168494047129,0.12648975644618615,0.1533425947465468,0.5001323427522254,0.8863231043218064,0.3128704878558483,0.338662008157497,0.3160623048596473,0.7784467298211601,1.0,0.21033083033343733,0.5598591206506575,0.4779271018188082,0.1226852000548693,2.0
2021-04-07 22:46:12.860,0.9128792319088724,0.680947776588922,0.7311661158160208,0.16132128066594248,0.5214484270862362,0.8966063256024756,0.33091889538666874,0.32095036475882927,0.3277353260540946,0.7706201141091743,0.9710815030994553,0.2234976314981332,0.5739438105138144,0.504798353581081,0.14120371813443036,2.0
2021-04-07 22:46:12.880,0.4093791494741558,0.6208457238684253,0.850474834483665,0.17587722207653603,0.5648775332158475,0.8889845587997048,0.34896730291748923,0.3032387213601615,0.3394083472485419,0.8549066917847687,0.8918449560380297,0.2435854001323048,0.6056337317198842,0.5278310797145612,0.14120371813443036,2.0
2021-04-07 22:46:12.900,0.35003245992238247,0.6202267470475709,0.2629678694719245,0.18963986515175243,0.5832017011288796,0.8898010243199048,0.39282720777309194,0.2650097516384897,0.3542428487160229,0.9563516060232689,0.7079236215680275,0.23852126815775207,0.5880281398135229,0.5451054277695803,0.13888890930041098,2.0
2021-04-07 22:46:12.920,0.44424237742295497,0.5171170913483197,0.5187035259249649,0.20340250822696884,0.6015258690419117,0.8906174898401047,0.42427827238689864,0.2396065596496489,0.3977476484394132,1.0,0.685945604636155,0.21725183925352642,0.5774647125570188,0.5642992351840868,0.13888890930041098,2.0
2021-04-07 22:46:12.940,0.5053738043601694,0.4286892855267585,0.5838940904368659,0.23131415482756695,0.632741505175307,0.8490006951885704,0.4557293370007053,0.21420336766080805,0.44125244816280346,0.984346793215146,0.7189126371349884,0.20003376566967906,0.5598591206506575,0.5911708800365418,0.11805558238683057,2.0
2021-04-07 22:46:12.960,0.5665052312973838,0.3402614797051973,0.6490846549487669,0.25922580142816504,0.6639571413087024,0.807383900537036,0.4963615502069347,0.18647723174002073,0.5127626257202493,0.9527393142672391,0.7056101408691805,0.1946319908152073,0.5246479368379388,0.6065257687320734,0.125000056296295,2.0
2021-04-07 22:46:12.980,0.5159784050248126,0.389189096642394,0.4968951429895397,0.3042313766899506,0.7127142963632744,0.745131475189763,0.536993763413164,0.1587510958192334,0.5842728032776953,0.8977272668474833,0.6596298060681759,0.18336427022892873,0.5193662232096857,0.653550754133687,0.12384262817558206,2.0
2021-04-07 22:46:13.000,0.3994725667055485,0.45824191786380264,0.4093084689668125,0.3289655717444954,0.7428304760915533,0.7164489553094978,0.5988337328519465,0.12395469694597104,0.6505839511713398,0.8427152194277274,0.6136494712671713,0.17209654964265017,0.49559851188254855,0.6818616986881202,0.11168984624142579,2.0
2021-04-07 22:46:13.020,0.31458776514186015,0.5037642477958554,0.39661581756280245,0.34869295478714574,0.7735833453803479,0.6951508967568283,0.6204288483130029,0.11340065589853504,0.6631517091770274,0.7676098791921887,0.5581260528452575,0.12947331220217909,0.4718308005554124,0.7101726432425532,0.09953706430726952,2.0
2021-04-07 22:46:13.040,0.24835104796887328,0.5202367950011124,0.4553824058804446,0.3672648794260409,0.8064085466236257,0.6701106396635946,0.6420239637740592,0.10284661485109903,0.6757194671827149,0.762191453877703,0.536726400170576,0.1163065248543543,0.43661961674269173,0.727447187842664,0.11111110847736616,2.0
2021-04-07 22:46:13.060,0.20319437712482716,0.532323582105653,0.5011808617195592,0.3856403540112774,0.8307398339669485,0.6364749491501962,0.689309010892651,0.0821315395644551,0.7007099175612741,0.7671583427226851,0.5740311953694502,0.1338622482265563,0.38732410363026054,0.7754319029240213,0.09027780526748899,2.0
2021-04-07 22:46:13.080,0.15803770628078098,0.5444103692101937,0.5469793175586739,0.4040158285965139,0.8550711213102711,0.6028392586367975,0.7384339433950835,0.06313544568283162,0.7347733752515639,0.7451334565623211,0.5894865000789423,0.1552629535262447,0.3415491319975894,0.802303154686293,0.09027780526748899,2.0
2021-04-07 22:46:13.100,0.15655545262271528,0.6433591628530548,0.5163011616858646,0.4343044884751054,0.8828025735265147,0.5475093254197636,0.8073943687826517,0.040820481963358364,0.7865553896093457,0.7231085704019571,0.6049418047884345,0.17666365882593318,0.2922536188851602,0.8253358808197744,0.10185187314128888,2.0
2021-04-07 22:46:13.120,0.1783923256714764,0.6963151040682363,0.49451978836809957,0.46459314835369675,0.9105340257427583,0.4921793922027297,0.8459656870578482,0.03070377980989975,0.8073476358029946,0.7010836842415932,0.6203971094979266,0.19806436412562162,0.2781689290220033,0.8445296882342808,0.08333335506172783,2.0
2021-04-07 22:46:13.140,0.2002291987202375,0.7492710452834175,0.47273841505033454,0.5064942106162825,0.9432298168582497,0.4211048686014993,0.8845370053330447,0.02058707765644094,0.8281398819966436,0.668723658062695,0.6340851803571897,0.22858990153075184,0.23239431795277857,0.8867562217822675,0.09722225547325015,2.0
2021-04-07 22:46:13.160,0.24354529582953638,0.795262016018293,0.49355258823865306,0.5286400784219423,0.9614093753807085,0.38546916888538396,0.9301236293609902,0.010751910196643927,0.8362383669971488,0.6363636318837967,0.6477732512164529,0.25911543893588207,0.17077456599879573,0.9001918476634033,0.08333337876543091,2.0
2021-04-07 22:46:13.180,0.2719569692497032,0.8091547358285138,0.5147156787947985,0.5483916276245908,0.9761750748368293,0.35430718783952997,0.9538807683549183,0.00630078304612528,0.8364390106766788,0.6462974095737607,0.6697512728823419,0.2930452254102319,0.13380257060102743,0.9155469329040267,0.07407407231824405,2.0
2021-04-07 22:46:13.200,0.3032688185515965,0.8107072611072484,0.5137347693684529,0.564938159249813,0.98381454212237,0.3275218296113138,0.9793091695825842,0.002149955926859353,0.8419691449406691,0.6610475606669898,0.6657026852098722,0.32579337924827,0.11707729434632981,0.9203453847576535,0.07523148858710543,2.0
2021-04-07 22:46:13.220,0.3492890728674219,0.8239837581920548,0.5059445386598068,0.5814846908750353,0.991454009407911,0.3007364713830973,0.9871542280408641,0.0010749779634295794,0.8488659906668958,0.6782058923020718,0.6662810494670633,0.35516540825828313,0.10035201809163116,0.9251438366112799,0.07638890485596667,2.0
2021-04-07 22:46:13.240,0.37129485440723364,0.8436014088383172,0.5056315187709863,0.6185996610187297,1.0,0.23723410618899932,0.9949992864991437,0.0,0.8557628363931226,0.7083082463997505,0.7044534028867653,0.38318701773420283,0.07746453227529661,0.94241838121139,0.07407407231824405,2.0
2021-04-07 22:46:13.260,0.40414156712319105,0.8395650817473959,0.5412383037295255,0.6473119727651748,0.9996634458182133,0.18133024936870287,1.0,0.00016580145440254663,0.8982643230254659,0.7546658665852393,0.7322151049966975,0.41340309176809337,0.0809857948819454,0.9366601996780205,0.06481483698216677,2.0
2021-04-07 22:46:13.280,0.3829349857232462,0.8307232422159517,0.5478893415448761,0.6760242845116198,0.9993268916364265,0.12542639254840643,0.9937457416993573,0.0021251266810519568,0.9373896137680439,0.7769416000431085,0.7281665267922608,0.4469952629962664,0.0915492221384515,0.9097887513706561,0.039351892400547636,2.0
2021-04-07 22:46:13.300,0.3892008742346299,0.8706448975989314,0.5325116112130197,0.7360353756160253,0.9897701791368447,0.007753864134539077,0.9874914833987143,0.004084451907701173,0.9765149045106218,0.7090608002011735,0.7058993300988008,0.5022788537236316,0.1065139572306848,0.9040305698372865,0.04224540344307184,2.0
2021-04-07 22:46:13.320,0.3954667627460135,0.9105665529819109,0.5171338808811634,0.7485841660010064,0.9721963625896857,0.0,0.9669146313615944,0.00793861187766437,0.9882574522553109,0.6371914427901002,0.6989589057548219,0.5429608263655082,0.12147869232291912,0.8982723883039164,0.04513891448559604,2.0
2021-04-07 22:46:13.340,0.3955454071550585,0.9562305586502807,0.4881864124148468,0.7149456885504074,0.9508654924025003,0.10028761366074286,0.9463377793244747,0.011792771847627566,1.0,0.5653220853790268,0.692018481410843,0.5836427990073849,0.1549294251140376,0.8886754845966632,0.06712964581618613,2.0
2021-04-07 22:46:13.360,0.36853483758700095,0.9517798423505102,0.46869159947708067,0.672687345739582,0.9325281922747439,0.2141191341547143,0.8970335296128942,0.02065826029073621,0.9633329739358967,0.48193857817852803,0.6703296276715002,0.6520931606404983,0.1971831341400579,0.8886754845966632,0.07407407231824405,2.0
2021-04-07 22:46:13.380,0.34148237778258683,0.9332783767345131,0.4706889773199022,0.6268688823228571,0.909463475712896,0.33420356524754996,0.8547950397536399,0.029701787264289143,0.9189741344636837,0.4352799369652525,0.6408328138539287,0.6915935088671015,0.2764082977186789,0.862763765969043,0.07175928718792794,2.0
2021-04-07 22:46:13.400,0.3586754851293097,0.9259329753690294,0.4863713475160089,0.5831613810952835,0.8817691140903303,0.4457071818194192,0.8072873315773259,0.04187582051233737,0.8659150650165944,0.3997591624809117,0.645459770517606,0.7164078218633914,0.3160210597897131,0.8507676363349763,0.08912041270233086,2.0
2021-04-07 22:46:13.420,0.3922137732921024,0.8958355666091672,0.509352711278489,0.5451475135543129,0.8511098820787837,0.5420447689169032,0.7576420917391095,0.057007511335793425,0.8070471636861374,0.3946417655859481,0.6766916865747838,0.7398717015087167,0.3556338218607463,0.8387715067009102,0.10648153821673394,2.0
2021-04-07 22:46:13.440,0.3987312269177783,0.7698213413384618,0.5333177411247022,0.5156461817031193,0.8187432683673047,0.6195413509703401,0.7079101158963065,0.07484020891660653,0.7479710863978586,0.38260082222213837,0.735974515274588,0.8038487474854331,0.41197186018647713,0.8042226140457804,0.10648153821673394,2.0
2021-04-07 22:46:13.460,0.3491370382245687,0.7004372024356174,0.5347052570182597,0.492370315490826,0.7821606775886905,0.6852929656157736,0.654269947566141,0.09725121183108466,0.6862127272647138,0.30072242632035295,0.6876806974077283,0.8875759744838866,0.4612677338623527,0.7715929842050464,0.1273148414266111,2.0
2021-04-07 22:46:13.480,0.26238668232935825,0.6747168113622373,0.5180251967040683,0.4713522558972965,0.739039535782346,0.746674607844434,0.5939383416423737,0.12666870559662224,0.6147108129521343,0.21282358152784653,0.5887796046452441,0.9393990650344374,0.5369719953977683,0.7236084656687813,0.1655092820027429,2.0
2021-04-07 22:46:13.500,0.1603566121833987,0.6341956090156989,0.48789772194250525,0.44979275183114975,0.68915193798029,0.805255892087408,0.5278760243712957,0.16462822473722283,0.5304395638090534,0.13214927096916412,0.4933487220427925,0.9797434030174332,0.6232393236262436,0.6468328429205739,0.17361113662551372,2.0
2021-04-07 22:46:13.520,0.11021137933524572,0.5454075683278207,0.4597286577665066,0.4273007521756592,0.6335741315136076,0.858909648684366,0.4589772996586693,0.21167340135603382,0.43626790734996673,0.0653220459564386,0.3614805816326222,0.9994935702222993,0.6901407892084804,0.5796545169698017,0.1759259454595331,2.0
2021-04-07 22:46:13.540,0.11266197247865876,0.4326614238583529,0.4541342683153818,0.40495243333549863,0.5739001334150334,0.904203911308049,0.3576821035821608,0.2989802571385529,0.2968091270626222,0.024984927635773917,0.2631578673293785,1.0,0.7218310709779967,0.5297505390740487,0.18981484587105543,2.0
2021-04-07 22:46:13.560,0.1778945015156363,0.32682074209796286,0.48254778027898637,0.38299128207273686,0.5122554116933168,0.937305053384385,0.2654371369031822,0.3980202945787611,0.18366232923339543,0.0,0.25853090593168476,0.9819378675754041,0.7359155805594294,0.5028790907666854,0.19328705912208446,2.0
2021-04-07 22:46:13.580,0.36746026569347695,0.3035297982706814,0.5501060631639642,0.3618382517429437,0.45105629385775386,0.9585405622208147,0.214024050147758,0.4667896026634519,0.12683456225731932,0.02468391153581046,0.35627526071175364,0.9586428024616027,0.7500000901408621,0.4760076424593219,0.1967592723731135,2.0
2021-04-07 22:46:13.600,0.4666314846901923,0.27429743699546977,0.566039314052914,0.3410223521719602,0.39254957071933405,0.9729310710754581,0.17159164215627792,0.5343779236505224,0.07607614365173744,0.11167965875019199,0.4476575707905883,0.9318028256219948,0.7376760315810306,0.3934740347228349,0.23611114106995806,2.0
2021-04-07 22:46:13.620,0.46907256448361934,0.1770389755582202,0.5589485267103785,0.3224812778422139,0.3378825185482036,0.985485829637388,0.13769829840914918,0.5982396179445006,0.035161851258505794,0.23178803932964936,0.4904568766133528,0.91374070701427,0.7614436527673056,0.3589251420677051,0.241898175006858,2.0
2021-04-07 22:46:13.640,0.4401253392092669,0.1278336608078121,0.5361230389406954,0.3087707981529117,0.28822998286804724,0.994917895469023,0.11011088682504494,0.6589121444807093,0.006682729003699806,0.350692330870136,0.46211679557077845,0.8985482834568695,0.7852112739535807,0.32437624941257537,0.24768520894375795,2.0
2021-04-07 22:46:13.660,0.4111781139349145,0.07862834605740404,0.5132975511710123,0.30122019284703166,0.24247866451125233,1.0,0.09394450084069429,0.7006945343711712,0.003341364501849903,0.408488851131905,0.42394443741706006,0.8796421198252674,0.7746478466970756,0.23320527110348765,0.21990743182441638,2.0
2021-04-07 22:46:13.680,0.44661640384719015,0.06094476914939106,0.5199944046122429,0.29905363622073916,0.2004643494282739,0.9977416197280172,0.07777811485634385,0.7424769242616333,0.0,0.43226969958435524,0.41584727627417,0.8517893386977426,0.7676056820472215,0.19529742284180074,0.2164352067215358,2.0
2021-04-07 22:46:13.700,0.48205469375946575,0.043261192241378074,0.5266912580534735,0.29880979760797916,0.16213270009315928,0.9906196994507702,0.053641062017764835,0.8172066662520628,0.014419345678958995,0.4416014352187457,0.43840366693126664,0.8134706231074513,0.7605635173973662,0.15738957458011493,0.2129629816186552,2.0
2021-04-07 22:46:13.720,0.6018581591156675,0.058709967802826404,0.5553252656752183,0.29807627662635183,0.11294411981023982,0.9777920947128282,0.048238478941773355,0.8381654505562471,0.020791895661950756,0.44220347973823104,0.4524291149680511,0.7823683280505449,0.7271127846062487,0.11132431885824619,0.22800929829903877,2.0
2021-04-07 22:46:13.740,0.6773790926947035,0.0865293882210117,0.5489571757104957,0.2958362830825585,0.07299617453998815,0.9673085465823312,0.04283589586578188,0.8591242348604315,0.02716444564494252,0.44280552425771635,0.4664545630048355,0.7512660329936383,0.7112676437214906,0.06525906313637521,0.23379630853223562,2.0
2021-04-07 22:46:13.760,0.7450190561920726,0.08449670233846814,0.551684157496959,0.29325560123485606,0.05284852142114206,0.9624385359167658,0.03515549632849,0.8949920990007422,0.038276898541186544,0.44099938577143677,0.5309427055244836,0.6838284963737483,0.714788545764695,0.04030707418849925,0.22453707319615818,2.0
2021-04-07 22:46:13.780,0.8216757692270028,0.07963156414028809,0.5691804908242902,0.28942059905104967,0.03849612176566729,0.9597535474076998,0.028519503596633706,0.9341758993584406,0.049507253023310535,0.4256471876948107,0.5812608124935618,0.6387575863948918,0.7007042164649845,0.026871448307363398,0.23379630853223562,2.0
2021-04-07 22:46:13.800,0.828239264889631,0.09407107405023037,0.5453658659361209,0.28460896176080613,0.028471481260852808,0.9614495793687354,0.025773467294367067,0.9589217964744371,0.04715505242542931,0.37567728314502763,0.5517639939419738,0.6041525832450597,0.686619887165276,0.015355085240623288,0.2291666908641969,2.0
2021-04-07 22:46:13.820,0.7545895578607242,0.14542920064422946,0.5193800863487361,0.27726629311547446,0.019860662873891856,0.9628085618243309,0.024859128265232507,0.9713330148488614,0.043379909100286225,0.31155927694932434,0.4684788535272589,0.5822079514822228,0.6795773619519744,0.01151616652164841,0.2291666908641969,2.0
2021-04-07 22:46:13.840,0.717375838112533,0.18528918308584955,0.5093169866501579,0.26667344822539396,0.01184147498348623,0.9600126374392212,0.023467994824920763,0.9829017957603163,0.04936017922596013,0.2895845349523007,0.46038168859715567,0.5570560342932531,0.6549296053957597,0.0019192628143957374,0.22453707319615818,2.0
2021-04-07 22:46:13.860,0.8238185636224501,0.17503830909981327,0.5438095264150152,0.2570206780623163,0.009597651678371972,0.956243537727592,0.02224690356569752,0.9892837412132877,0.05993686684890144,0.3075707027487818,0.4797570502168369,0.5422856076865796,0.6690142952589146,0.005758181533369497,0.2129629816186552,2.0
2021-04-07 22:46:13.880,0.8733835250711203,0.12403425130385375,0.588002939506044,0.24736790789923868,0.0073538283732577205,0.9524744380159629,0.021560303913684874,0.9889680437718462,0.07018860660375574,0.32555687054526283,0.4991324118365181,0.5275151810799062,0.6707747462805169,0.006717911213113216,0.21759259928669392,2.0
2021-04-07 22:46:13.900,0.838250437241869,0.11704979988881463,0.6036099478025779,0.2351029089250812,0.008169239107980912,0.946558936403666,0.020873704261672444,0.9886523463304046,0.08044034635861004,0.3862131176740357,0.500867517981688,0.5211005964107693,0.6725351973021191,0.007677640892856935,0.2222222169547325,2.0
2021-04-07 22:46:13.920,0.8051235424101849,0.13820530637370823,0.5844696130502608,0.22283790995092367,0.008984649842704105,0.9406434347913694,0.01967646479986758,0.9862214752118577,0.10089355530344991,0.44852497059998886,0.4771543898155779,0.5155300360402031,0.6690142952589146,0.005758181533369497,0.22453707319615818,2.0
2021-04-07 22:46:13.940,0.7621234653298593,0.11223256824098907,0.5852878558149801,0.2099253743949918,0.011938172783772434,0.9302906179643553,0.018797269431739334,0.9827622428340228,0.11849177493733878,0.5177603736906558,0.45286289171145677,0.5016880361619573,0.6531691543741576,0.006717911213113216,0.23263890411522595,2.0
2021-04-07 22:46:13.960,0.7332849044882567,0.1052118600175829,0.5784084262988098,0.20507459751779178,0.01657653432779015,0.9211015613751236,0.017730097746235914,0.971356987499346,0.15132194250067735,0.5600541742743023,0.43551182079172446,0.47484806402008556,0.6549296053957597,0.0,0.20833336395061647,2.0
2021-04-07 22:46:13.980,0.716450144061754,0.18822370038056777,0.5530808755127945,0.20218877898866922,0.023112646238805806,0.9116891471784756,0.01722474156245383,0.9562255315840461,0.1849034772510219,0.5310054085573479,0.3979178328127178,0.44648884703543695,0.6707747462805169,0.012475994473937421,0.21412038603566488,2.0
2021-04-07 22:46:14.000,0.679117843877752,0.2445883148307018,0.5360079019867531,0.19940800766340952,0.0303432707960861,0.9022669071643342,0.017190080975825677,0.944944083773624,0.208281482814671,0.4927754238796759,0.37709654912924395,0.4267386798305709,0.67605645990877,0.02303252958838852,0.1967592723731135,2.0
2021-04-07 22:46:14.020,0.6436469032750147,0.28355484255992763,0.5285887207448366,0.19288019023623867,0.04256328622918369,0.8874263279376652,0.017483910966300403,0.9323391087816184,0.23238982366343436,0.455147487417357,0.37767491812045156,0.4080013307304928,0.6813380833961609,0.03214971586458895,0.1990740930589844,2.0
2021-04-07 22:46:14.040,0.6245995516742551,0.316797575415326,0.512300302754797,0.1831692820191582,0.05677132906152014,0.8738928220917354,0.01839873306981312,0.9182329723381332,0.2529131057221593,0.4364840309320468,0.40023131351156466,0.39399053428265557,0.6866197068835528,0.041266902140789374,0.20138891374485532,2.0
2021-04-07 22:46:14.060,0.6313209503351304,0.32555647336035803,0.5112127879853907,0.17533814017484126,0.06786211161620291,0.8673872921216499,0.02006739274033895,0.9023384309350135,0.26892579240460573,0.4446116652079076,0.4031231584676027,0.38740714613549165,0.7042254790716354,0.07869488556260276,0.16666666271604932,2.0
2021-04-07 22:46:14.080,0.6038060100091036,0.37964638967304104,0.517613701671573,0.16786839056335234,0.0787449969362472,0.86085396227768,0.021970705790023273,0.8867753066993663,0.2850220086310573,0.444912691163518,0.35916711986984107,0.38200538509789106,0.7051056144415748,0.0916507448764126,0.1678240789849107,2.0
2021-04-07 22:46:14.100,0.5562365113009435,0.46349025207532735,0.5363566151669478,0.16029356231465358,0.088754754695009,0.8510947686197324,0.023597096452466104,0.8724929891387646,0.3085465397671259,0.4208308068998103,0.35222668250731687,0.383355822593917,0.7059857498115154,0.10460660419022244,0.16898149525377193,2.0
2021-04-07 22:46:14.120,0.5714916511871315,0.5462497494651681,0.5460224846147976,0.15179331097969453,0.09721679729764474,0.8411884273534654,0.02503315580994051,0.8604449649960624,0.3322600257626843,0.4009632589116177,0.39560436158190376,0.39702902175750987,0.7253523335846455,0.13627630780612215,0.17129632779149437,2.0
2021-04-07 22:46:14.140,0.5369522780013609,0.6697345464701507,0.5067376228222182,0.1435775719945832,0.10223180471253368,0.8362436446133141,0.026068021896409034,0.8533167370903108,0.3441510245122015,0.412101118248817,0.421630966186246,0.41542875561141135,0.7218310709779967,0.14011522652509592,0.18287039566529426,2.0
2021-04-07 22:46:14.160,0.3667854334562858,0.6709763084456134,0.4425153170568847,0.13680601785953553,0.10561137661912845,0.8348606008875635,0.026973786355332433,0.8485182517955833,0.34765017811686794,0.4575556778148571,0.35049158026771055,0.44783928729483713,0.7323944982345008,0.1497121302323497,0.1550926185459527,2.0
2021-04-07 22:46:14.180,0.21836881996607202,0.7180406940075337,0.40871281807881765,0.13269755772424924,0.10553654947925245,0.8290482703589498,0.026451703721208863,0.8486244849119693,0.36109507890060677,0.5033112460891251,0.3464430020632737,0.4802498182874193,0.7323944982345008,0.1439541452440708,0.15046300087791395,2.0
2021-04-07 22:46:14.200,0.3610265996987912,0.7966380503619448,0.4323870384775053,0.13110451569638384,0.10126210079003868,0.821634667094593,0.024548390671524756,0.8546943805554958,0.3779249529875109,0.5493678402450862,0.5089646857522012,0.4900405008416824,0.7288732356278499,0.15738957458011493,0.18055561053497815,2.0
2021-04-07 22:46:14.220,0.5996725324546253,0.8267526865199899,0.5065253069803121,0.13117637638362756,0.09499891932143464,0.8199519599006948,0.022584572555984367,0.8636003059793457,0.3813579707300683,0.5725466506581391,0.6685945301659102,0.49105332999996715,0.739436662884356,0.15163119650165374,0.18287039566529426,2.0
2021-04-07 22:46:14.240,0.7110702551662287,0.8195535464188689,0.5448616542988485,0.1317874812091959,0.0882410932513852,0.8248675048424501,0.02109791115740468,0.8732250940648738,0.36944034153921457,0.515051159801457,0.6888374448581764,0.5016880361619573,0.741197234093774,0.1503516879587236,0.18827163208047487,2.0
2021-04-07 22:46:14.260,0.6530125412867936,0.8347459050707432,0.5336695904876517,0.13000702545446083,0.08011383492063247,0.8324757072239984,0.019947711063166437,0.8823255480254318,0.3559536095319663,0.4437085898049885,0.6518218282373855,0.5072163956630168,0.742957805303191,0.14907217941579237,0.19367286849565532,2.0
2021-04-07 22:46:14.280,0.6314060793198354,0.8178861091639256,0.5177215661136672,0.12709204894703463,0.07549257432361989,0.8360615075085538,0.018797510968928413,0.89142600198599,0.3424668775247181,0.37236601980852,0.6148062116165947,0.5127447551640764,0.7447183765126091,0.14779267087286227,0.19907410491083596,2.0
2021-04-07 22:46:14.300,0.6097996173528772,0.801026313257108,0.5017735417396825,0.12417707243960842,0.07087131372660732,0.8396473077931095,0.017324737958719,0.9048216669056539,0.3262208712955771,0.2760385147845423,0.6015037224518115,0.5172180846373443,0.781690011346931,0.149711933687258,0.18634262076817484,2.0
2021-04-07 22:46:14.320,0.6151395022180064,0.6555279578484468,0.5178540143487449,0.11439575504613216,0.06106165913938197,0.846363757323589,0.015851964948509586,0.9182173318253176,0.30997486506643607,0.24352793825851057,0.5737420108738465,0.527177572742165,0.7764082977186779,0.1545104838134302,0.19733799235939567,2.0
2021-04-07 22:46:14.340,0.5612328811955674,0.6067376860980903,0.5262200347810377,0.10158729479525228,0.05250599734616867,0.8525230111059537,0.014917095258306234,0.9271579635634941,0.3047406792329799,0.23720646464413506,0.5135916369717595,0.5495442173451308,0.7711265840904259,0.15930903393960236,0.20833336395061647,2.0
2021-04-07 22:46:14.360,0.5742266856210203,0.5694379990393356,0.5352193435275604,0.08704639069228992,0.04351027652323033,0.8564615822039394,0.013982225568102665,0.9360985953016707,0.29950649339952384,0.2658371423150587,0.5168047976395226,0.5525358137368113,0.7676056820472215,0.15930903393960236,0.2118056009053486,2.0
2021-04-07 22:46:14.380,0.5872204900464733,0.5321383119805807,0.5442186522740831,0.07227602315595309,0.03272166280580845,0.8549118350965162,0.013047355877899309,0.9450392270398473,0.29427230756606776,0.2944678199859824,0.5200179583072857,0.5555274101284918,0.7781689290220033,0.14299431729178066,0.20717594768175526,2.0
2021-04-07 22:46:14.400,0.6703000457614325,0.4538078495397616,0.5679739632665206,0.05826637303729426,0.02320478878192346,0.8515100891494021,0.010385978360393516,0.9665114714065639,0.30333534615501084,0.32309849765690607,0.5232311189750488,0.5585190065201723,0.7869718151160451,0.13387713101558135,0.20196761002743438,2.0
2021-04-07 22:46:14.420,0.7336422778828199,0.37113642599727165,0.5839555377327303,0.045138844034404005,0.015838710565083135,0.8470616300197226,0.00903306818024837,0.9771341001726169,0.31349262509299697,0.4199277339608029,0.5332561862233304,0.5538487405769975,0.7957747012100869,0.12475994473938204,0.1967592723731135,2.0
2021-04-07 22:46:14.440,0.7794362805410031,0.27247730680521043,0.6005094468987305,0.03662990796985217,0.012454666406218609,0.8428774494325086,0.007982562560788898,0.984488905189451,0.32527750078620854,0.45906078972954845,0.52472524123601,0.5490378010388794,0.7781689290220033,0.1285988634583558,0.20254634186556808,2.0
2021-04-07 22:46:14.460,0.7853124277192991,0.24031984691478994,0.606517225278598,0.02812097190530033,0.009070622247354082,0.8386932688452944,0.007039963680536056,0.9893137613830483,0.34062138627880617,0.498193845498294,0.5161942962486896,0.5442268615007615,0.7728873055346124,0.12284068192498518,0.20196762780521169,2.0
2021-04-07 22:46:14.480,0.7911885748975951,0.20816238702436946,0.6125250036584653,0.011497679539622777,0.0059814227931064496,0.82317632587664,0.005858544904613463,0.9913611591404206,0.3694004324255384,0.5332630828971532,0.5177848121580146,0.5381498875873182,0.7676056820472215,0.11708250039161569,0.20138891374485532,2.0
2021-04-07 22:46:14.500,0.8075415904477204,0.15637173668804494,0.603282183129396,0.007640113282538027,0.007096644638393846,0.8171971661479589,0.0054978694970703405,0.9897510202443629,0.3835201673652966,0.5683323202960123,0.5193753280673398,0.5320729136738748,0.816901555723097,0.10652586700461929,0.20717594768175526,2.0
2021-04-07 22:46:14.520,0.8180978190562836,0.1361910165411217,0.5885381946271742,0.003782547025453276,0.008211866483681236,0.8112180064192782,0.0051371940895270024,0.9881408813483055,0.39763990230505475,0.6229680877351671,0.5216888026119652,0.5126603520433757,0.8221830890696268,0.10508627248500316,0.2158565104389567,2.0
2021-04-07 22:46:14.540,0.8092232522250931,0.10508460364623433,0.571140901006155,0.0009712194449362125,0.011843184173853213,0.8042713931053626,0.005014312044599773,0.9828992980856885,0.4141070840680288,0.6812161395386163,0.5170618497355011,0.472653600291127,0.8274646224161567,0.10364667796538814,0.22453707319615818,2.0
2021-04-07 22:46:14.560,0.7828325321694394,0.0672801407449011,0.5638291483241841,0.0,0.017822010883783195,0.7975483770529485,0.005243893142788233,0.9742731537388003,0.4301077430277505,0.7489464128512314,0.5621746310496943,0.44378796928001085,0.82218326935135,0.10460650591767715,0.21990743182441638,2.0
2021-04-07 22:46:14.580,0.7796854386846912,0.004633949456627938,0.5797467705276218,0.002394825592479574,0.03445315403758435,0.788442839912413,0.0070378502301318745,0.9503122431989498,0.452030676560616,0.7962070985839924,0.6142278402583788,0.41559755632606415,0.8556340021424685,0.11516304103212825,0.24305559127571924,2.0
2021-04-07 22:46:14.600,0.7733117590503382,0.0,0.6010229725759844,0.009193909255658576,0.058143568631873865,0.7815217497585726,0.010906128697004662,0.9162646605087659,0.4690952307888158,0.8156231174944165,0.612781920147368,0.36934502061933133,0.8661970688355282,0.11708250039161569,0.24074073503429352,2.0
2021-04-07 22:46:14.620,0.7612450803310422,0.02776565426417945,0.6192050182107512,0.014834623381555282,0.07767967912179397,0.775981666270758,0.015075785191509478,0.8882972165503131,0.4828460842774325,0.8816977652985575,0.5720069086342401,0.32089802035462767,0.9049295152548976,0.1343568484466347,0.2569444679835385,2.0
2021-04-07 22:46:14.640,0.7145035200969769,0.04876796112557512,0.6065373269416552,0.021794726899881742,0.09976728914527175,0.7697856495517219,0.020797921968609162,0.8568186276967074,0.4982712731885585,0.9355809530652159,0.5465586682870889,0.2719446248544013,0.9154929425114038,0.16314775611348556,0.2731482009327834,2.0
2021-04-07 22:46:14.660,0.6807572675265112,0.044909506103651645,0.5863171355753152,0.03209155118477462,0.12511248940153405,0.7607584792970503,0.034124857142829625,0.7997443095738993,0.5344309885145565,0.9756171045641525,0.5384615024101824,0.2275489453678981,0.9330988949812095,0.1938579265947321,0.2592592531138546,2.0
2021-04-07 22:46:14.680,0.6398030473307271,0.033144378141390124,0.5500562771953801,0.04567620217190643,0.1552628141800014,0.7491878602360381,0.05481849543006814,0.7304816670463802,0.5815062177287705,0.9858518983540799,0.5049161018669446,0.20138418520377246,0.9647888161872793,0.23992318231660198,0.2731482009327834,2.0
2021-04-07 22:46:14.700,0.5448880010271268,0.0799903320625948,0.5157702837904665,0.06194762356697152,0.18991004077639875,0.7353383944441664,0.06395750785986173,0.7060893121683779,0.601265432056259,0.948223949572202,0.4031231584676027,0.19361915889354833,0.9894369333069403,0.2783107971456149,0.24768520894375795,2.0
2021-04-07 22:46:14.720,0.4469345767279379,0.16804719718689992,0.4893801341002895,0.0801696869415068,0.22559530015281945,0.7182717642816099,0.07309652028965533,0.6816969572903755,0.6210246463837474,0.8780854735425279,0.297859997333802,0.17370020479090065,1.0,0.3282151681315502,0.266203727023319,2.0
2021-04-07 22:46:14.740,0.311427206938283,0.23525552714060943,0.46552603956872785,0.09822626895357317,0.25989124484998205,0.6959137157100537,0.10463626528242038,0.6130633496382173,0.6988246622320995,0.7992173335009778,0.24696352610753264,0.1352126746690853,0.9823944080936386,0.3915545753633474,0.23842594990397742,2.0
2021-04-07 22:46:14.760,0.21469430464011532,0.25709145864699134,0.4465368981724983,0.1144100115899821,0.29416096387484697,0.6697954945415424,0.14365641701994697,0.5427356608455914,0.7796781204970124,0.686032505550146,0.1295545972223064,0.10871034070939638,0.9964787373933491,0.4587329013141195,0.23148149969821627,2.0
2021-04-07 22:46:14.780,0.09410222838304885,0.2801737695292029,0.39848870810062326,0.13268714923046407,0.350726644908402,0.6309096420699133,0.17568726750234034,0.4940922019101812,0.8286325468226579,0.5316074543087891,0.0,0.08153274862361168,0.9401406990676183,0.5182341760073086,0.16435187758573322,2.0
2021-04-07 22:46:14.800,0.0,0.40942600605696683,0.332281134485386,0.1399233541433583,0.4105206028493999,0.5968872097765059,0.21188034721067542,0.44525461050414,0.864480077953731,0.41180010214885376,0.024869824015779113,0.03696825460558465,0.8591550844673951,0.6410747596597485,0.14120374183813342,2.0
2021-04-07 22:46:14.820,0.14521397893508092,0.598850455273633,0.32396449512829695,0.13681936182234244,0.4544374160503957,0.5879641692218585,0.25394018408805175,0.39416753859475445,0.8731099025571883,0.3642383904604826,0.18507802984626948,0.004220100767546541,0.801056504979201,0.6919385163715179,0.129629662112482,2.0
2021-04-07 22:46:14.840,0.3338571664917279,0.6703653569117682,0.3742153250851146,0.13377972674443875,0.47798697165444076,0.5905261912198027,0.2907953444044964,0.3557067117914672,0.8553978174358118,0.39524382242499223,0.35338342522374855,0.0,0.7429579254910068,0.7428022730832873,0.11805558238683057,2.0
2021-04-07 22:46:14.860,0.37104702054477,0.6778063793267953,0.39219227779784555,0.13074009166653505,0.5015365272584857,0.593088213217747,0.3276505047209409,0.31724588498817996,0.8376857323144352,0.4891631395153815,0.4545979986850796,0.023463852011583138,0.6654930326522659,0.8138195177530342,0.13425929163237227,2.0
2021-04-07 22:46:14.880,0.4082368745978122,0.6852474017418223,0.4101692305105765,0.1254730490583898,0.5487743632296955,0.6064932644740043,0.3775681622778232,0.274588795457842,0.8133927933330944,0.6068633272334268,0.489300138157536,0.06718432863947513,0.5704225479071635,0.8694816771821567,0.1319444827983529,2.0
2021-04-07 22:46:14.900,0.25601404064515426,0.6665024397648884,0.4028592038482976,0.12853756210950537,0.611538210610752,0.6194005781606873,0.4274858198347054,0.2319317059275041,0.7890998543517536,0.7254665903543915,0.4927703521047816,0.11293042766007175,0.5035210823249266,0.9136274735445392,0.14120371813443036,2.0
2021-04-07 22:46:14.920,0.21145985870248613,0.6825963560538715,0.40045078212567825,0.13815282777736088,0.6371157470692812,0.6124039849873011,0.4598706340100014,0.20917291329336732,0.7940531546499718,0.8037326735568973,0.4997107799992728,0.15361240852298677,0.4225352874429812,0.9251438366112793,0.09722225547325015,2.0
2021-04-07 22:46:14.940,0.166905676759818,0.6986902723428546,0.3980423604030589,0.14776809344521635,0.6626932835278103,0.6054073918139149,0.49225544818529743,0.18641412065923046,0.7990064549481901,0.8081727719073848,0.4693464079608735,0.18078999715455366,0.38908455465186376,0.9318617478243931,0.09143520968449867,2.0
2021-04-07 22:46:14.960,0.18603654039790737,0.730317246051663,0.392764580165855,0.18314032785062084,0.7009567138173249,0.5596528735195846,0.5445343491485767,0.1553766128411592,0.8481784235715363,0.8126128702578722,0.43898203592247426,0.20796758578612046,0.3556338218607463,0.9385796590375068,0.08564816389574718,2.0
2021-04-07 22:46:14.980,0.16619023561783347,0.816633142841732,0.3472494856511058,0.21930069766415153,0.7302137185587456,0.510181799671808,0.5865452143608739,0.13308180751927243,0.8973114948053967,0.7057495528800922,0.40543663206542485,0.26291356555053896,0.1690139346954703,0.9692897312462081,0.032407442194786466,2.0
2021-04-07 22:46:15.000,0.22055370502962865,0.9040465303198736,0.335648385017592,0.23763591703210643,0.7450226968336829,0.4888816800940054,0.6081455953326513,0.12239621790438926,0.9143604595101094,0.6161950604039056,0.46038168859715567,0.2997974336156682,0.11267607665146165,0.980805996040403,0.04861112773662508,2.0
2021-04-07 22:46:15.020,0.30976343011571833,0.9659568469203064,0.3500101472051065,0.24899634134092108,0.7575645884694634,0.4829283371016542,0.6258807049755599,0.11363851406409328,0.9138644787539074,0.5972305754990733,0.5101214232612148,0.328663060481723,0.07042236762544135,0.9884836369332599,0.04166670123456699,2.0
2021-04-07 22:46:15.040,0.38228223677025874,1.0,0.3733866864092811,0.25458250644196034,0.7675919032177091,0.49090905779325344,0.6393989738340831,0.1068312034775321,0.8992798814679223,0.5891029412232125,0.5494505179771434,0.3607359700105365,0.038732085855925094,0.9904030962927474,0.0,2.0
2021-04-07 22:46:15.060,0.4279862885210502,0.9930089534662069,0.4018612113037079,0.257669442623282,0.7747846491192374,0.505059912562686,0.6512706293290107,0.10067245792117506,0.8696467208144222,0.5779650744942778,0.5725852728914311,0.39618499055050366,0.01760559190636136,0.9980805406405137,0.039351892400547636,2.0
