2021-04-27 15:32:17.280,0.34076893161771327,0.2884726748387769,0.09923037008882113,0.656838100601042,0.03861724497895516,0.4374558449475451,0.7676044368362419,0.9253547683998556,0.9504645617552673,0.6511513477583236,0.3431602594026913,0.3644996329254282,0.5704056188515708,0.7699115028208939,0.18526315489932416,6.0
2021-04-27 15:32:17.300,0.7416782850230131,0.4078613874616646,0.2808825587293501,0.6585802188614697,0.057197530421907575,0.4314574509695237,0.8027740652854909,0.9193666110467033,0.9409560742627602,0.6456051524157193,0.3751630406472651,0.351107863283999,0.5775655537163747,0.761061966149271,0.18315791872283613,6.0
2021-04-27 15:32:17.320,0.4118585892822849,0.34816847848481003,0.569104004847113,0.6593347281090506,0.06515686612153487,0.42555057531091733,0.8173790948901417,0.9116182662273701,0.9362097701835373,0.6472198673481657,0.36733627320259804,0.3528122703292718,0.5704056188515708,0.768141522990979,0.18631582688230416,6.0
2021-04-27 15:32:17.340,0.35314042355995223,0.3594034238535427,0.09181471793403954,0.6622761632982843,0.08289231822295795,0.4222185688688282,0.8338010688208617,0.887749328783234,0.9290052874486866,0.6559954925384242,0.34898685317972983,0.3357681998765437,0.556085993513364,0.7575220064894423,0.18736839107581205,6.0
2021-04-27 15:32:17.360,0.7455077931293769,0.41153537197742984,0.35247325198094387,0.6628426530709962,0.08585567872696265,0.41658027058909924,0.8637228901969182,0.8837706161913604,0.9193391037331989,0.6640690672178957,0.37698928552306277,0.3240808352874206,0.5489258142571587,0.7557520266595276,0.18315791872283613,6.0
2021-04-27 15:32:17.380,0.39389042581285366,0.3491853144754638,0.6103472890461861,0.6642306632562804,0.08708551283525295,0.4142338673350822,0.8759871625283899,0.8821202632170436,0.9151422823555087,0.6701769019623675,0.36690145289577714,0.33162892163780494,0.5226729234123787,0.7504424496477343,0.18473681890783408,6.0
2021-04-27 15:32:17.400,0.3271674628208228,0.3690852608725019,0.14641840737164624,0.6670276568714113,0.09712913316377729,0.4113677403193054,0.8897227767346738,0.8686607641116204,0.9088670005068566,0.6677899320622291,0.34681274986609767,0.32895056970248576,0.5178998371620103,0.7398229331461976,0.18526315489932416,6.0
2021-04-27 15:32:17.420,0.6930966581096352,0.4448454000884907,0.35255922437620096,0.6678012757122948,0.09767623715862056,0.40599740866274103,0.9172627466829688,0.8679285939885691,0.898882363964661,0.6623841472883863,0.37368465065024714,0.33674214675955677,0.510739657905805,0.7327433763044895,0.18526315489932416,6.0
2021-04-27 15:32:17.440,0.4241336495533276,0.36095016635851895,0.6352780336047739,0.6693997580693949,0.10098170939474296,0.4036085515974393,0.9288826638930184,0.8635070497830936,0.8939100536544796,0.6599269723911851,0.3834246278293043,0.36936936734049336,0.5131263843245403,0.7522124294776491,0.19263158930650395,6.0
2021-04-27 15:32:17.460,0.2879788648137557,0.34336219890965036,0.21098673351400477,0.6722656006963749,0.1151278630091977,0.4019502338355814,0.9350587974939655,0.8446286901428042,0.8889280829348862,0.6496770428200028,0.3423775827222875,0.3925006058120529,0.48687337128405894,0.7380529533162827,0.18947373504177206,6.0
2021-04-27 15:32:17.480,0.6228568423038626,0.4426041427024571,0.2588017896087515,0.6735042865412554,0.1257257703498576,0.3963393622609042,0.9608512369905905,0.8305347831837219,0.8763096480766551,0.6395675232429464,0.36368378195619966,0.4127100034352767,0.5011932410136672,0.7433627115670517,0.18526315489932416,6.0
2021-04-27 15:32:17.500,0.4988109148669603,0.40590656942439235,0.6731596939295581,0.6751744391914966,0.13833768523131176,0.39363049156387037,0.9715809574251418,0.8138204621466909,0.8690167665326647,0.6401291637940856,0.3806417766982802,0.4358412421061329,0.5011932410136672,0.7451326913969665,0.194736879377728,6.0
2021-04-27 15:32:17.520,0.256337039849246,0.31674465382821215,0.43364240798139275,0.6776498325437664,0.15705476160648282,0.392497337063164,0.9732867926922044,0.7891391203635515,0.8639919735798369,0.6457455624098449,0.376815357371862,0.4460676863707365,0.5250595276354126,0.7628317647402102,0.19052629923527994,6.0
2021-04-27 15:32:17.540,0.3855350945505921,0.3368309028327524,0.38767923178230623,0.6798082130824304,0.1750375723324988,0.3907445268671159,0.9776476526268124,0.7655751112265661,0.8575833457451981,0.653257497440356,0.369858231323829,0.4411979499627046,0.503579967432402,0.7557520266595276,0.18947373504177206,6.0
2021-04-27 15:32:17.560,0.4148372320510717,0.3226098786381122,0.434337416096464,0.6817854180470827,0.19067346282645936,0.3888075060395635,0.982964058618438,0.7452135312935336,0.8509817464687508,0.6666666515345868,0.36942341115937016,0.41684927782758974,0.5059666938511372,0.7327433763044895,0.18210524673985612,6.0
2021-04-27 15:32:17.580,0.39209271779122895,0.27998463701364323,0.4414799645495573,0.6838683035067896,0.20317994714225152,0.38709244250321967,0.9876758997136786,0.7290169518650458,0.8452393519739623,0.6771974028179285,0.3752500047228655,0.39201363237054637,0.5178998371620103,0.7469024899879056,0.18210524673985612,6.0
2021-04-27 15:32:17.600,0.36072968844582076,0.28831783127744065,0.4398633649304774,0.6859968398208945,0.21236914681718486,0.3858886332100558,0.9907098381575892,0.7171695550944528,0.841080334959943,0.6497472478170658,0.37124965681815997,0.37046505658739964,0.5083531758784711,0.7398229331461976,0.18526315489932416,6.0
2021-04-27 15:32:17.620,0.3385470041240953,0.381340895722304,0.40598546594709534,0.6887162223960994,0.22227222790301163,0.38459752358544297,0.9953363941109938,0.6946074387240189,0.8333209099197945,0.6032013347643684,0.36681448867781447,0.3781348892876107,0.49880651459493197,0.7380529533162827,0.18315791872283613,6.0
2021-04-27 15:32:17.640,0.31838627951310267,0.46352244706715096,0.38126320025035604,0.6926404411749949,0.23769630152114357,0.38289965624655925,0.9988389526092206,0.6567721662455825,0.821547558784515,0.5760319980278495,0.3660318119974108,0.4127100034352767,0.503579967432402,0.7504424496477343,0.19684211555421588,6.0
2021-04-27 15:32:17.660,0.3104890623444109,0.5080219220518387,0.39389544740968824,0.6976792667650483,0.25981255789441005,0.3808982614873576,0.9973133015594906,0.626770264601341,0.8130613265193782,0.5476691803637129,0.36420556648098323,0.4801558272761927,0.5011932410136672,0.7946901330058458,0.22000001530610497,6.0
2021-04-27 15:32:17.680,0.2884091902103606,0.5713810369554586,0.4335312485423337,0.7065083289441958,0.308202305366253,0.3776767025989487,0.9957876505097606,0.5967683629570996,0.8045750942542413,0.4776747988666456,0.3629880693513963,0.5975164207003631,0.5369926709462857,0.8159291660089202,0.23473685178362308,6.0
2021-04-27 15:32:17.700,0.3088269827348865,0.6477543344636703,0.43783911879348486,0.5996970563198278,0.31185253256538864,0.40536899274587135,0.8742320122384382,0.5921688342308215,0.8581745651109457,0.35242907950935864,0.312288010429112,0.7229120798953246,0.5608592019594325,0.8672565874477144,0.27684211426074223,6.0
2021-04-27 15:32:17.720,0.2309842872792097,0.8313714839403209,0.4663454199475244,0.607518944015056,0.43446429318370633,0.38398375462479745,0.9204101066234395,0.4480933079184135,0.7859650546324735,0.20766635028169372,0.22158447601882675,0.7835402793417859,0.5894986970272477,0.9362830822297533,0.3547368552328862,6.0
2021-04-27 15:32:17.740,0.1620361865650038,1.0,0.5055346492932734,0.6321798325982424,0.584718559302371,0.35069705954806707,0.9280757021357541,0.34199844420279785,0.7065911004381967,0.06929233152643854,0.1289677390634416,0.7121986681681146,0.6229116449325323,0.9911504633283771,0.44421054608097477,6.0
2021-04-27 15:32:17.760,0.20567347736874986,0.9570110070857497,0.5020552727747557,0.6716721940651595,0.7068688297265452,0.31589691461028574,0.9357412976480688,0.23590358048718213,0.6272171462439201,0.0,0.06217932473145902,0.5987338523111628,0.6420047231082091,1.0,0.5736842201139056,6.0
2021-04-27 15:32:17.780,0.2984699716194328,0.6974469199900696,0.4984465179983429,0.7368019515009131,0.7956007170055006,0.2553859052284351,0.8926824115683897,0.11358597388174056,0.4512765621849215,0.00589723009672992,0.004956951597412566,0.4433893324424506,0.6670643729393227,0.9194689988014659,0.7505263198230692,6.0
2021-04-27 15:32:17.800,0.3643220590156336,0.3973572762728701,0.5498641106841282,0.8144452182579335,0.7989105498259252,0.17978997886002576,0.8451232520557036,0.1112692796922414,0.3188055962191617,0.10369273986273962,0.0,0.2566349996880011,0.7064438925000435,0.7823008179133698,0.8768421045596898,6.0
2021-04-27 15:32:17.820,0.45605797463085673,0.17181985545223685,0.5295408343340409,0.8710970340133558,0.7319780746834585,0.12166874337585125,0.7871782835260941,0.16100635769418475,0.20695045842944512,0.23574836634592888,0.03661185945612261,0.1141952979418454,0.7398565960139272,0.7008848267998794,0.9357894720276565,6.0
2021-04-27 15:32:17.840,0.5606972816129067,0.01665450642643865,0.4858006540488102,0.9028833552145106,0.6520273737770259,0.08573131819167897,0.7258258211116849,0.22808036754880334,0.12618126510435032,0.35839650138652474,0.07148446587267385,0.008035043848157297,0.7661096090544078,0.647787606770145,0.9652631557616399,6.0
2021-04-27 15:32:17.860,0.6215007079602409,0.057777657486843347,0.4708848452786186,0.9197136170116381,0.587517546685095,0.06259681421434557,0.6656472110836701,0.28790557612486256,0.07261856212387557,0.48104464217348003,0.09566049027856334,0.0,0.7995225569596931,0.6230087953462176,0.9831578928533629,6.0
2021-04-27 15:32:17.880,0.6162424399554332,0.23720450327992718,0.4763560912251011,0.9293889775636459,0.5526769261160068,0.04524022699316077,0.6029807646045229,0.3222061222032913,0.04207316751358947,0.5754001513303756,0.1066179723459464,0.014365702573675428,0.8377087133110468,0.6176990370954497,0.9926315763717674,6.0
2021-04-27 15:32:17.900,0.5938533024901762,0.33906048383940185,0.506298832488372,0.9362108873359738,0.5450638685971968,0.03004546342536237,0.5372295569900388,0.3298789229069787,0.028632783678557466,0.6303004636306447,0.10966171855101545,0.005113235086585405,0.8902147393920081,0.6194690169253635,0.9915789475045762,6.0
2021-04-27 15:32:17.920,0.5643684051302447,0.3566713659021443,0.4922144461768374,0.9422092639523686,0.5530899272100505,0.015315628908854106,0.46961948982676716,0.32179164655327513,0.025833326375297783,0.6475006873364173,0.11740150917866657,0.020939881900380687,0.9140810260137542,0.6176990370954497,0.9873684191010748,6.0
2021-04-27 15:32:17.940,0.5075379885990954,0.38385162374859416,0.3573457627513338,0.9489828908212882,0.5611513931700973,0.0,0.39977204662937627,0.31373911522837034,0.026602538640107396,0.6480623273129205,0.15436125198600584,0.0852203721933075,0.9546539087838425,0.6106194802537416,0.9873684191010748,6.0
2021-04-27 15:32:17.960,0.5666682093737025,0.5538782710899559,0.1768332735563684,0.9558885215425185,0.5618765941799668,0.9920985261612109,0.33569230351409113,0.31301839517162783,0.027634060180689687,0.6232799633497196,0.20627880440764143,0.17652788251094595,0.9642005700673816,0.591150427080582,0.9884210501240555,6.0
2021-04-27 15:32:17.980,0.6805327271942528,0.6552312831570852,0.11893499235423925,0.9631481599884397,0.552342415539402,0.9798161309444595,0.2794127769590922,0.3225419908150127,0.02656140827773857,0.6048511513333925,0.27358900105779377,0.24981738346471005,1.0,0.58230089040896,0.9905263132479114,6.0
2021-04-27 15:32:18.000,0.6793342934562785,0.5848412364982951,0.12052661208330924,0.9710104172371113,0.5349401001318583,0.9692194773993972,0.20626629217945947,0.3465509732185461,0.024025995428391615,0.6555742625330614,0.3308113599556218,0.30898465461478514,0.9928400651351962,0.5699113940775086,1.0,6.0
2021-04-27 15:32:18.020,0.671497638772052,0.5878543231338017,0.12394409069164436,0.9796525408591205,0.5225619245158067,0.9597449651856664,0.17544186122984823,0.3518167773550279,0.026598910934062463,0.6804970382545203,0.377858926279067,0.35816898017881016,0.9904533387164616,0.5876104674207534,0.9915789475045762,6.0
2021-04-27 15:32:18.040,0.7394388335756855,0.6710355032691859,0.08057707474701697,0.9892818548892317,0.5185546072761456,0.9513207012280608,0.144617430280237,0.3570825814915097,0.029171826439733307,0.6835860575506516,0.41664490186141834,0.37229120798953247,0.9713602605407847,0.591150427080582,0.9915789475045762,6.0
2021-04-27 15:32:18.060,0.7401179242262743,0.5918136510292431,0.09094500416843433,1.0,0.5183920709763346,0.9443264162523521,0.10134663527551363,0.3568778681847787,0.038245788947851765,0.6732659235570425,0.44725625576095274,0.3635256860424152,0.9498807003377739,0.5999999637522049,0.9873684191010748,6.0
2021-04-27 15:32:18.080,0.7524036586320836,0.5584152189932535,0.10952578139660371,0.500429241892472,0.5182956751829425,0.936901946818076,0.07229396953060968,0.35820078754920015,0.04453775564587405,0.6636478372355185,0.46864941978227614,0.3725346947102857,0.909307817567685,0.594690205501436,0.9799999976286317,6.0
2021-04-27 15:32:18.100,0.7733372545051975,0.6147559493492366,0.10794156920140287,0.0,0.5116848501787606,0.9324196986914258,0.05932901843351953,0.36425293127081537,0.045163949966678205,0.6656135771532794,0.49665185497285275,0.40321402152519625,0.8568017914867236,0.5929202256715213,0.9810526286516122,6.0
2021-04-27 15:32:18.120,0.8156540230342136,0.6287109916778565,0.11410298729340068,0.010545284288531099,0.5051622374056506,0.9309781474960231,0.051013584674174446,0.3711059455133339,0.04432491482642788,0.6793737565776062,0.5370031917459317,0.4409544632419514,0.8257755700001738,0.5999999637522049,0.9810526286516122,6.0
2021-04-27 15:32:18.140,0.8049258435955178,0.5861493235425144,0.10999875279130804,0.022241846310701658,0.501363003664847,0.9305714987953578,0.048031966403277296,0.37511763238184986,0.04335842926385493,0.6916596333621562,0.5863987909578319,0.482590696476692,0.7780427523652809,0.6123892788446809,0.9684210499084765,6.0
2021-04-27 15:32:18.160,0.7609121322749963,0.5402069306147799,0.09790934678623395,0.035352116835451336,0.4996635704676321,0.9313863615202546,0.05103169707051756,0.3769166806791389,0.04175656246393584,0.7070345294428373,0.6334463537222224,0.55417579237815,0.6945107491891704,0.6247785939371567,0.9726315761561884,6.0
2021-04-27 15:32:18.180,0.713589668835468,0.5210609490497566,0.12129649200768527,0.05052043178219247,0.4999861342379295,0.9328711547791663,0.05761276191704252,0.3765750092647427,0.04015873190201974,0.7154591290903843,0.689451202749048,0.645239829925802,0.6276848533786015,0.6407078686894623,0.958947366390072,6.0
2021-04-27 15:32:18.200,0.7158339431145002,0.47537612160086495,0.17313275679337645,0.06742016476397428,0.5014716748017198,0.9355039172082475,0.06961453693188417,0.37500235402355925,0.037763267954477195,0.6914490177963315,0.7442385774954173,0.7433649803823319,0.5119330211151727,0.6637167909029628,0.9373684191010747,6.0
2021-04-27 15:32:18.220,0.6611138399718038,0.4017626411325694,0.23264444101727944,0.0855375501358028,0.49640025552426664,0.9393513427722904,0.08519390751551674,0.38038022403891286,0.03166637165751124,0.6568379525204179,0.77232798886238,0.8239590989024274,0.40095464168921385,0.6690264585342438,0.9210526301606649,6.0
2021-04-27 15:32:18.240,0.5926753641893213,0.3681728210954266,0.18983773500615495,0.10410814682246025,0.4802909280298553,0.9439016824740588,0.10145454053887927,0.39763300927053363,0.02084578922732807,0.6591547174234933,0.8312896363903255,0.8909179371447399,0.3365154722973795,0.6814157736267198,0.8768421045596898,6.0
2021-04-27 15:32:18.260,0.670624114612848,0.27170687839543334,0.20638720858193868,0.12246310472257832,0.46733464645659295,0.9507966253077434,0.130406279080876,0.4116951503716748,0.009431897133604612,0.6941168082593573,0.9114704813506037,0.9654248776811704,0.2625298860134074,0.7185839001431242,0.8347368420825706,6.0
2021-04-27 15:32:18.280,0.7239717327143732,0.3198401050285501,0.2930503810165408,0.14163563209459779,0.4671677346389719,0.960218168090091,0.17517334851949445,0.4118773105174948,0.0017327875785219785,0.7308340194247062,0.9763457401170074,1.0,0.2267302116893876,0.773451281241748,0.7726315826235567,6.0
2021-04-27 15:32:18.300,0.6493803547442347,0.39811000556055637,0.31617903866496955,0.16188418869669705,0.48031682273252635,0.9710955176931737,0.22959153398478946,0.39760528742765244,0.0,0.7648132311075145,1.0,0.9237886743409304,0.1861575733107,0.8017698710865294,0.7199999991376842,6.0
2021-04-27 15:32:18.320,0.4810739128165329,0.39562355148964107,0.26154008415158486,0.18153581493312215,0.5077065188779026,0.9822230954491544,0.2860086638172478,0.36842732394051403,0.006373739494131517,0.7762566576961207,0.9259065335601127,0.7345994544492811,0.16229128668895393,0.8230087228506273,0.6505263214399113,6.0
2021-04-27 15:32:18.340,0.1662663990943661,0.19479309092835562,0.44269415006977864,0.1974563052626358,0.5504045688888168,0.9900641086652092,0.32582169743449724,0.32448955496715004,0.022825913313179336,0.7845408565437171,0.8337245991874564,0.5570976290412557,0.14558469054061096,0.8283184811013962,0.6105263166971745,6.0
2021-04-27 15:32:18.360,0.0,0.0,0.7438800519541711,0.20882946358095716,0.6040745956793807,0.9953762857560784,0.35198548689742837,0.27208528152961214,0.046877503340925185,0.7481746588709639,0.6986259116571751,0.3553688759147643,0.12649161236493411,0.8389379976029329,0.5726315804677673,6.0
2021-04-27 15:32:18.380,0.10278864766326191,0.19738334650094275,0.9192016278573562,0.21631787238691005,0.6585624410957114,0.9987554280040467,0.36756084178553877,0.2222971747577556,0.07345026967324472,0.65810164246755,0.5690929306598076,0.25346967630414213,0.10501180777052196,0.8159291660089202,0.5621052702379611,6.0
2021-04-27 15:32:18.400,0.21146235821043285,0.47283280761003066,0.9875430210208952,0.22143303599972133,0.6994976502349346,1.0,0.37307887868130507,0.1872775597293247,0.0945430258524912,0.6430777725214551,0.48056350454583097,0.23886048700971355,0.0811455211487766,0.8070796293372973,0.5463157941143046,6.0
2021-04-27 15:32:18.420,0.2494318032749973,0.49472743958864873,1.0,0.22518602823517675,0.7225970989002769,0.9984591625669864,0.3677816571605958,0.1684533994624713,0.10688440963863789,0.676846377832614,0.40255672232596235,0.24689553683677087,0.05966583875006515,0.8053096495073825,0.5357894731055513,6.0
2021-04-27 15:32:18.440,0.3420671520402438,0.3371612713654045,0.9713857752919957,0.22848117869921156,0.7417932272748633,0.9934525869501603,0.336408631980993,0.14260252972045973,0.12619345754575725,0.7337826258535319,0.3382033063816568,0.26856585498381086,0.04534609121615752,0.7805310193224306,0.5273684206101275,6.0
2021-04-27 15:32:18.460,0.4409952477384052,0.35205149209879716,0.8787428493546909,0.2326260537872691,0.7701964606003362,0.9845055328737377,0.2843929901847824,0.10150322261338558,0.16263389324558145,0.8007582033949779,0.2913296746157107,0.3082541924595587,0.03341294790528484,0.7628317647402102,0.5189473681147037,6.0
2021-04-27 15:32:18.480,0.49555318191688735,0.3979757705873333,0.8054456588815652,0.24651280600795294,0.8418954874568015,0.9598292550644717,0.24012769219047972,0.06480067516386813,0.20428674344803946,0.8570626133379611,0.2628924154880774,0.3725346947102857,0.011933143310873027,0.7646017445701251,0.4968420972300056,6.0
2021-04-27 15:32:18.500,0.5639602692528027,0.49762239398607905,0.7080365170704368,0.27947476286471296,0.9336276508712513,0.9154739530018867,0.1922320679203046,0.030148072448936365,0.2587990767997697,0.8854956285288932,0.24254282322120266,0.43511078194387315,0.011933143310873027,0.7433627115670517,0.47789475606267007,6.0
2021-04-27 15:32:18.520,0.636509789586992,0.6047554984605155,0.598824180790686,0.3235280151225265,0.9830077587189548,0.8645566328615477,0.14441848934200077,0.007083008625644902,0.3213365657421233,0.8887250480503393,0.22306287171033207,0.4833211546459851,0.01909307817567685,0.7362831547253436,0.451578948151313,6.0
2021-04-27 15:32:18.540,0.7125008671486351,0.6289746735866051,0.5082603788871427,0.3811393675685114,1.0,0.8004159511950002,0.10153082041729149,0.0,0.3862053834453242,0.9011513262094758,0.216105745662299,0.526905279653785,0.0,0.7327433763044895,0.4336842142932742,6.0
2021-04-27 15:32:18.560,0.7955016010827706,0.6463259942445239,0.46700145814839794,0.43986110063802825,0.9798172147595088,0.7352569091495427,0.06652984710519437,0.008462161335573993,0.454429852626037,0.9313394749465193,0.22375858858600084,0.577550509598596,0.007159934864803823,0.7185839001431242,0.4073684279398115,6.0
2021-04-27 15:32:18.580,0.869861827619064,0.6543754077645223,0.42795997231568156,0.4879700660334649,0.9241794444355755,0.6809997196114163,0.03940554544732848,0.0349774998420081,0.5273623387905465,0.9649676817562713,0.24028175583197006,0.6264913544207679,0.007159934864803823,0.7097343634715013,0.3884210652145815,6.0
2021-04-27 15:32:18.600,0.9203780441035976,0.6306753797220354,0.3840380967252485,0.521466768087524,0.8405519197524657,0.6417874250905323,0.019480462923104614,0.0834224073514356,0.603209250369206,0.9898202438209038,0.2612400959162368,0.6710494263115808,0.01789971496630954,0.6690264585342438,0.32684210402074243,6.0
2021-04-27 15:32:18.620,0.9544930880608878,0.6242617637807949,0.34221207712321383,0.5429068888291884,0.7384670571968136,0.6148099147930094,0.006442135228230925,0.15592250432404497,0.6785702889714283,1.0,0.2835029078116736,0.7121986681681146,0.03341282570958448,0.6349556607909589,0.2926315823001883,6.0
2021-04-27 15:32:18.640,0.9727078999306354,0.6186304913527979,0.29016192354725007,0.5557239754720558,0.6270609827565322,0.5963042878321446,0.0,0.25065039846350384,0.7488992070299416,0.9900308708794472,0.30428731689749583,0.7397126895358664,0.04892593645285942,0.6008848630476745,0.2584210605796342,6.0
2021-04-27 15:32:18.660,0.9948147819192638,0.5959603162095345,0.25721288430867884,0.5624056354520373,0.5145889097229576,0.5831986889520665,0.0004906034914975014,0.3612158041735718,0.810323317908206,0.9660909628585496,0.3208974553371747,0.7455563668480113,0.08353224756751122,0.5557520991551178,0.21684212870453143,6.0
2021-04-27 15:32:18.680,1.0,0.5606127341048527,0.2550076321885848,0.5647427516151405,0.40621833956326925,0.5732861684571593,0.008198436643484462,0.48016529062074925,0.8612966731594087,0.9294439578395355,0.33524652923486464,0.7363038595015873,0.08591872959484546,0.5115042345580307,0.19263158930650395,6.0
2021-04-27 15:32:18.700,0.9945569651188196,0.5467923080022675,0.25077896611828293,0.564262428475215,0.3565481408581627,0.5692681575646875,0.015661895062133908,0.5392144909933443,0.8812723268489409,0.8754563191206232,0.34689971536531994,0.7268078913429772,0.09785192721491862,0.5071778185726572,0.18830409950512764,6.0
2021-04-27 15:32:18.720,0.9891139302376394,0.5329718818996821,0.24655030004798106,0.5637821053352895,0.30687794215305614,0.5652501466722158,0.0231253534807834,0.5982636913659394,0.9012479805384729,0.8073574662232584,0.34889988910412945,0.7197467704622326,0.1097851248349921,0.5028514025872827,0.18397660970375132,6.0
2021-04-27 15:32:18.740,0.9794669388021847,0.7153759789913772,0.32674428114455467,0.5967814828757687,0.3478911938044818,0.5656448108643295,0.03718960886728321,0.5547358814281385,0.8845649904938221,0.739820262496572,0.3386381267596589,0.7100073016321022,0.1217183224550649,0.4985249866019091,0.17964911990237498,6.0
2021-04-27 15:32:18.760,0.9643323636995242,0.5989057422286781,0.3216569435343765,0.6124004200956655,0.2712888691023228,0.5608614713521609,0.03903508683911007,0.6423694903614968,0.9159472779778363,0.6821117526123309,0.3313766268029299,0.670562454863041,0.1527446254054148,0.5132742143879455,0.1726316300509244,6.0
2021-04-27 15:32:18.780,0.9543987283101444,0.46365581667386496,0.3174978522080558,0.5958976534336915,0.16455525034286214,0.5503050102848747,0.08173708842087848,0.7792923983452463,0.951143850794867,0.6754422778913562,0.34168186940567336,0.6194302335400231,0.1551311074327487,0.5185839726387145,0.17789477438688034,6.0
2021-04-27 15:32:18.800,0.9454592827315939,0.33265582498769464,0.31484760517001575,0.5830206288991527,0.10549270398832031,0.5411158621476558,0.12963042062739935,0.8574791462227547,0.9697715222517453,0.6742487923666511,0.34733453503151107,0.5924031935856446,0.16945097716235702,0.5150441942178604,0.1684210499084765,6.0
2021-04-27 15:32:18.820,0.8952645708866769,0.3250476755654785,0.31477234584025543,0.5705677885942823,0.06120199536156284,0.5310889668140504,0.21938692533341858,0.9386533324562526,0.9881241347711764,0.6623139428659595,0.3452473972171012,0.5668370918924859,0.16229128668895393,0.5256637107193971,0.1715789580679444,6.0
2021-04-27 15:32:18.840,0.8649437075438848,0.3448014866826709,0.3172234180789971,0.558030702651001,0.029142223936522556,0.5202235695744817,0.3008385356981223,0.9798300322006493,0.9970605909077843,0.6525554473548,0.34507346906590036,0.539566585147021,0.16945097716235702,0.5274335093103363,0.16736843182023248,6.0
2021-04-27 15:32:18.860,0.8598519056163846,0.3301667129186658,0.3228665388122987,0.5450663402505379,0.011470629008162838,0.5088919231009082,0.3419516115209225,0.9889229641692369,0.9989945205672772,0.6490451978464369,0.35176970359894305,0.511565614253363,0.17899763844589547,0.5327432675611051,0.1715789580679444,6.0
2021-04-27 15:32:18.880,0.8679259200069456,0.3114642735621368,0.31686239937951005,0.5380272290917683,0.007657029232774751,0.5024877648698681,0.3820478954001573,0.9940073200501236,0.9997175210828185,0.6455349474186564,0.35898772187377737,0.48916483594406324,0.18138412047322935,0.538053025811873,0.1726316300509244,6.0
2021-04-27 15:32:18.900,0.8329599258382284,0.2929770531624504,0.3284335319557225,0.5309881179329986,0.0038434294573866505,0.49608360663882795,0.41925569399291784,0.9955171135897547,0.999393005237651,0.6437798219174481,0.36577091977060955,0.4657901107517504,0.1909307817567685,0.5522123207342637,0.1757894843156563,6.0
2021-04-27 15:32:18.920,0.8069420668325151,0.3051846923339876,0.33014560375722685,0.5217663829998306,0.003508218499262189,0.48745744996324425,0.45405506961032976,0.9952189213195234,0.9982836460886549,0.6395675232429464,0.37081483615543354,0.45093741879283494,0.19331726378410238,0.5345132473910189,0.1726316300509244,6.0
2021-04-27 15:32:18.940,0.7751808293538106,0.3020577396080618,0.32025990729082054,0.516239478613455,0.006130324454501719,0.48216734756844176,0.4866745582248499,0.9916468117092948,0.9964362154925182,0.6336000979179647,0.37307590247694966,0.44728511997450277,0.20047744304030762,0.5522123207342637,0.17894733858038822,6.0
2021-04-27 15:32:18.960,0.7552687002491022,0.2877273278677691,0.3229723853218037,0.5137323085736273,0.008621651707796692,0.47975659414215116,0.5014567134152235,0.9882545411238164,0.9952298480481693,0.6364785033721793,0.37620660955447005,0.43949354291743176,0.20047744304030762,0.5575218977460571,0.1747368662274123,6.0
2021-04-27 15:32:18.980,0.7353565711443938,0.27339691612747635,0.32568486335278696,0.5112251385337996,0.011112978961091667,0.4773458407158605,0.516238868605597,0.9848622705383381,0.9940234806038206,0.647009252931613,0.37933731627608486,0.42098855214018416,0.21479706837851456,0.5646016358267397,0.16631581373198848,6.0
2021-04-27 15:32:19.000,0.711966726055895,0.2525002932597234,0.3305502215438372,0.5066352120562755,0.014088838811195398,0.4728051025970368,0.5439691307719396,0.9808124526757513,0.9914097422174316,0.6512215527553866,0.37907642404928366,0.3976138269478714,0.21718379479724917,0.5592918775759719,0.1610526693960327,6.0
2021-04-27 15:32:19.020,0.6797131154037475,0.2803442071146114,0.3350589209673282,0.5025622644452326,0.015706839589918104,0.4683985686122269,0.5707657590097992,0.978611204348125,0.9885433780618951,0.6470794573540399,0.37507607657166464,0.37545653535932483,0.21002385993244535,0.5646016358267397,0.16315790557252058,6.0
2021-04-27 15:32:19.040,0.6505666714919945,0.3300264397990432,0.31734321297388485,0.49899811177721515,0.0180289955858492,0.46388175199175546,0.5980499448412335,0.9754529003735832,0.9851185810347188,0.6410418287559031,0.37229322544064053,0.36109082082784927,0.21002373773674463,0.5601768674909288,0.18105262865161223,6.0
2021-04-27 15:32:19.060,0.6203656250623292,0.34630967607802304,0.30819971854228595,0.4959095051088415,0.02226318715733852,0.45936903036954135,0.6250475819680927,0.9696968192337949,0.9811036502108145,0.6394973188205195,0.3729019739698434,0.3598733852311163,0.20763713351371071,0.5716813739074234,0.18000001056336823,6.0
2021-04-27 15:32:19.080,0.6004846611360369,0.328763277777734,0.31042176083437545,0.4930363546751986,0.027998792118148305,0.455025964664889,0.650738915990193,0.9619055934973769,0.9766819774628249,0.6392867026800589,0.3726410824548531,0.366204039970701,0.20047744304030762,0.5646016358267397,0.18315791872283613,6.0
2021-04-27 15:32:19.100,0.586417689727316,0.3318375681574739,0.30646969507890454,0.49020709609588,0.0345755956046684,0.45078333403353615,0.6755399819281478,0.9529804642246925,0.9718758516014678,0.6427267475361407,0.37185840506263845,0.36985634078199986,0.20763713351371071,0.550442340904349,0.18315791872283613,6.0
2021-04-27 15:32:19.120,0.5755873511303312,0.3241110103809391,0.30911420395690886,0.48739553962308946,0.041084350082462084,0.4466224244732078,0.6995891083702264,0.9441574642790833,0.9667710787737037,0.648343147301172,0.37333679434784545,0.3720477212687792,0.20286392506764153,0.5575218977460571,0.18315791872283613,6.0
2021-04-27 15:32:19.140,0.7241634477635028,0.2907033117624852,0.29702461972814137,0.5765249498462774,0.0,0.4976706344544321,0.3908234547342335,1.0,1.0,0.6471145598525714,0.3733802769550944,0.377160943401081,0.21479706837851456,0.5522123207342637,0.1757894843156563,6.0
2021-04-27 15:32:19.160,0.6328953598043388,0.32111873562792204,0.2981440877486319,0.5480713273813091,0.01311874768558627,0.46805804924178107,0.5729032560781224,0.9821324287629398,0.9885149684896846,0.6410418287559031,0.37324983027224506,0.3817871900989096,0.19331726378410238,0.5592918775759719,0.18526315489932416,6.0
2021-04-27 15:32:19.180,0.5869211252085743,0.356229015544859,0.29428381969591105,0.5339262429908793,0.033291597663282324,0.45154727901900954,0.6710990220090369,0.9547221784386469,0.9727796455531691,0.6383038332958144,0.3734237584234459,0.379352322891377,0.1957039902028377,0.5486723610744352,0.17894733858038822,6.0
2021-04-27 15:32:19.200,0.5602537443534239,0.3753178295175788,0.3003874190216183,0.5251822751282551,0.05198678151589528,0.44042629518855037,0.7654240730841101,0.9148456773941782,0.94961755807647,0.637952808885136,0.3729019739698434,0.37496956191781833,0.1957039902028377,0.5663716156566545,0.1757894843156563,6.0
2021-04-27 15:32:19.220,0.5248367045850576,0.3900143835322574,0.3136811485977724,0.5169455243268134,0.07356562574093534,0.4292675591079456,0.8228922719997438,0.8836657469842595,0.931726716591524,0.6424459275478891,0.37359768700173324,0.3710737763787329,0.20763713351371071,0.5752211523282774,0.19263158930650395,6.0
2021-04-27 15:32:19.240,0.5055791900104077,0.398601425718632,0.3206677606053634,0.513952170680637,0.08593378097319668,0.4241666252275205,0.8402404739466065,0.8720405437156711,0.9252866361268384,0.6478517123217318,0.3751630406472651,0.37083028965797965,0.18377084689196468,0.5663716156566545,0.18736839107581205,6.0
2021-04-27 15:32:19.260,0.5033415358916659,0.41583898284359316,0.31294689983992724,0.5114196908231231,0.09831500302485668,0.419154188032984,0.856754323975537,0.8621118286937991,0.9189716848145513,0.6503790927906319,0.3760326814032692,0.37545653535932483,0.18854405533803387,0.5663716156566545,0.19368420739474798,6.0
2021-04-27 15:32:19.280,0.49949282632491254,0.4349405200100227,0.31032482107448384,0.5087409871674708,0.10899517906045025,0.41438428654410686,0.8724101476157247,0.8528039537354148,0.9127064502536322,0.6506599127788834,0.3764675010694603,0.3822741655333827,0.18377084689196468,0.5734511724983626,0.20000002371368378,6.0
2021-04-27 15:32:19.300,0.4882785943182998,0.4452382461411845,0.3063473457634657,0.5073761832393527,0.11478165576254275,0.41217010002221927,0.887001353529803,0.8428110609124143,0.9064210056311814,0.6512215527553866,0.37698928552306277,0.3900657386045204,0.20047744304030762,0.58230089040896,0.19263158930650395,6.0
2021-04-27 15:32:19.320,0.4805101158021303,0.4459423079688908,0.3104797503239635,0.5060113793112346,0.12056813246463524,0.4099559135003316,0.9004139395650864,0.8319721553530638,0.9001547316956692,0.651572577740701,0.37742410661287584,0.39663987906837495,0.19809071662157232,0.5734511724983626,0.19052629923527994,6.0
2021-04-27 15:32:19.340,0.47758090955460625,0.44683228826875543,0.3212573158326,0.5032656259273457,0.13330657149163774,0.4058286947345395,0.9127305422565212,0.8204802969005783,0.8939259214399338,0.6508003227730091,0.3775110699766653,0.4044314551289626,0.1957039902028377,0.5787609307491305,0.19263158930650395,6.0
2021-04-27 15:32:19.360,0.47404650283167865,0.4605658862812525,0.3263085992896339,0.5014493277523191,0.14251754422106622,0.4032435824319376,0.9240874629894117,0.8082955239860224,0.8876944492303794,0.6507301177759464,0.376815357371862,0.41173605615367037,0.19331726378410238,0.5610618574058867,0.18947373504177206,6.0
