2021-05-01 19:26:41.440,0.22596199127656832,0.3031039221942005,0.7482726408847926,0.5630371207369517,0.04493054179509963,0.45093344897337584,0.984577654139301,0.9522866823031843,0.45095186637236745,0.9375561542810825,0.652819010323056,0.6672566390655446,0.8635138404398205,0.44482296712223723,0.008402471586081234,2.0
2021-05-01 19:26:41.460,0.6841855836945756,0.38186974551815317,0.5574940855849728,0.570722331232657,0.03610047942377582,0.46695151530678153,0.9776860491344456,0.959512619004049,0.46816196494962864,0.9432839180237734,0.3041543412289971,0.6389380522896669,0.8489041012567333,0.44065868140559794,0.007628544982152956,2.0
2021-05-01 19:26:41.480,0.7301636528080377,0.3716374736394327,1.0,0.5831523388844112,0.03043419863378637,0.4863834305325091,0.9707944441295903,0.9667385557049138,0.48537206352688983,0.9185759207266482,0.921364990892907,0.5486725925250728,0.8096886720417824,0.43100505446592224,0.010945285949951231,2.0
2021-05-01 19:26:41.500,0.4852045070827996,0.3047004980758659,0.7853011019026381,0.5959755020406914,0.024354061722256588,0.5072566067684481,0.9449395129870052,0.9797758193819719,0.5362820105539304,0.9208221026333914,0.9851632058288504,0.6353982367294058,0.7958476613641888,0.4344121656074776,0.004975162396968967,2.0
2021-05-01 19:26:41.520,0.24024536135756142,0.23776352251229912,0.5706022038052764,0.6140691598073292,0.011751560072990047,0.5445963111123285,0.9215383257091622,0.9869784212714328,0.5618291478807009,0.9134097036097212,0.47032646023404473,0.6796460217759672,0.775086676835805,0.4327086972598619,0.0009950630465568433,2.0
2021-05-01 19:26:41.540,0.5149536446970256,0.29810768373806257,0.6232632071519415,0.6318124800889332,0.005821664233900483,0.5770026982061711,0.8981371384313191,0.9941810231608937,0.5873762852074715,0.9166105123166395,0.5845697692798537,0.609734519229361,0.8027681667029857,0.4378193639721944,0.014925436245635056,2.0
2021-05-01 19:26:41.560,0.7896619280364898,0.358451844963826,0.6759242104986066,0.638719233292082,0.005280667410822091,0.5889215367070861,0.8832939077676119,0.9949304027842552,0.6059228298492881,0.9198113210235578,0.6988130783256628,0.5398230166827547,0.7871970739813594,0.43185687586289206,0.011442842945865502,2.0
2021-05-01 19:26:41.580,0.36432700366167037,0.23377338698044273,0.7663309744982212,0.6456259864952308,0.004739670587743699,0.6008403752080012,0.8684506771039044,0.9956797824076166,0.6244693744911048,0.9354222825452135,0.916913964785648,0.5008849701878588,0.7716259812597333,0.42589438775358973,0.00796024964609595,2.0
2021-05-01 19:26:41.600,0.4432879460288368,0.26769568847594166,0.5251737200453825,0.6654536515990717,0.00034485726421066795,0.6416357748194325,0.8155863814655121,1.0,0.6655224439693802,0.935646899577617,0.6839762841545132,0.5610619578511824,0.7577851477448081,0.4275979433243669,0.008706521458377768,2.0
2021-05-01 19:26:41.620,0.5222488883960033,0.3016179899714406,0.28401646559254373,0.6737293082583389,0.00017242863210530535,0.6578662911907465,0.7577129869327879,0.9983575362192917,0.7082183023910523,0.9095911967767256,0.3160237765659168,0.49380532458040893,0.743944314229883,0.4293014988951446,0.009452793270659586,2.0
2021-05-01 19:26:41.640,0.9671510735112838,0.4049261596147392,0.7012728271069966,0.682004964917606,0.0,0.6740968075620605,0.7323923857415,0.9956207830845261,0.7253097863787673,0.9271114104279115,0.6350148512456335,0.4017699461704886,0.7387541566791216,0.43270865364828015,0.01069657113358383,2.0
2021-05-01 19:26:41.660,0.6598663647461465,0.31882485689935425,0.8380303208365543,0.6948783334849729,0.004038438114444889,0.6951032007268559,0.7070717845502122,0.9928840299497603,0.7424012703664824,0.9439577705918041,0.9228486751676565,0.38584074355372655,0.7335639991283601,0.4361158084014162,0.011940348996508074,2.0
2021-05-01 19:26:41.680,0.36520007282784595,0.2552784751624296,0.4328337268749474,0.7077933022593206,0.007561059293703172,0.7194122114910292,0.6734249661148279,0.9907609226145028,0.7590062609378845,0.9432839180237734,0.7240356284166171,0.3982301088798361,0.695501662671649,0.4250425663566194,0.012935361097793216,2.0
2021-05-01 19:26:41.700,0.5349121981092655,0.2978214098966824,0.3246537802704157,0.7251015632150036,0.011814985341178419,0.7565028773668717,0.6397781476794437,0.9886378152792454,0.7756112515092864,0.9229559747369652,0.697329398908548,0.4044248132732824,0.6678199956417998,0.42035767950802866,0.011940348996508074,2.0
2021-05-01 19:26:41.720,0.7046243233906851,0.3403643446309351,0.21647383366588396,0.7356814008225568,0.01824266152962558,0.7768493698060699,0.6123909994249165,0.9842547960924716,0.7894647514607431,0.9084119505540642,0.6394659016410644,0.477433651356645,0.6401383286119497,0.41567279265943835,0.010945336895223076,2.0
2021-05-01 19:26:41.740,0.6908895794566745,0.3553703757554106,0.4165131245303002,0.74626123843011,0.0246703377180728,0.7971958622452682,0.5850038511703891,0.9798717769056975,0.8033182514121998,0.8938679263711632,0.5816024043735809,0.5504424894400077,0.6089966746567039,0.41908007824731763,0.011940348996508074,2.0
2021-05-01 19:26:41.760,0.7449878503023929,0.3877589319573882,0.44115528728486997,0.7565861799952387,0.035693105672541886,0.816957243568686,0.5429234368347553,0.9713343630335156,0.8231961596533096,0.8520889513261841,0.5281899453574422,0.6654867305610676,0.595155782087556,0.42191936660633406,0.014262060881263876,2.0
2021-05-01 19:26:41.780,0.7990861211481112,0.42014748815936576,0.4657974500394396,0.7669111215603674,0.04671587362701097,0.8367186248921041,0.5043655603181265,0.9597745992561325,0.842330899993341,0.7913671792665432,0.5022255494858874,0.7309734525507031,0.581314889518407,0.4247586549653505,0.01658377276601968,2.0
2021-05-01 19:26:41.800,0.8140555202595486,0.4351566540682388,0.4585753045491425,0.7809326726146911,0.070408157277771,0.8633817217207499,0.47631615431620844,0.9479750111949158,0.8566301236952486,0.7306454072069024,0.47626115361433263,0.7964601745403385,0.5674739969492592,0.4275979433243669,0.01890548465077548,2.0
2021-05-01 19:26:41.820,0.8290249193709863,0.45016581997711186,0.4513531590588454,0.7859344074523549,0.08522401610877682,0.873052775484588,0.44826674831429036,0.9361754231336991,0.8709293473971567,0.6818096758536293,0.5849406757756379,0.8924778788358481,0.5397919755940709,0.46678033201438396,0.023880596102472746,2.0
2021-05-01 19:26:41.840,0.8439943184824239,0.4651749858859849,0.44413101356854817,0.7909361422900189,0.10003987493978264,0.8827238292484263,0.3590189857724902,0.8749470935553031,0.9191854181888318,0.6329739445003562,0.6936201979369432,0.9884955831313579,0.5501727040751546,0.4906303716747557,0.028855741517684528,2.0
2021-05-01 19:26:41.860,0.8589637175938614,0.4801841517948579,0.43690886807825097,0.7959378771276828,0.11485573377078846,0.8923948830122647,0.3337677448763011,0.8532838903270759,0.9312172191703454,0.5999176603020375,0.696340276058715,0.9923303887542386,0.5605534325562395,0.5144804113351269,0.033830886932896306,2.0
2021-05-01 19:26:41.880,0.9002839044730452,0.39454356943637753,0.4710019220574955,0.8009396119653467,0.12967159260179428,0.9020659367761028,0.3085165039801121,0.8316206870988487,0.943249020151859,0.566861376103719,0.6990603541804866,0.9961651943771194,0.5743942070169417,0.5587733795143145,0.04875626374238093,2.0
2021-05-01 19:26:41.900,0.8882732322983655,0.4761412176429792,0.4547662259112617,0.810139509061867,0.17560527666796766,0.9226433084755167,0.28326526308392297,0.8099574838706215,0.9552808211333724,0.5338050919054004,0.7017804323022584,1.0,0.588234981477644,0.6030663476935026,0.06368164055186569,2.0
2021-05-01 19:26:41.920,0.8941484302991285,0.5012024794954062,0.410289933367776,0.8193394061583873,0.22153896073414106,0.9432206801749305,0.24531798210940287,0.7651416390452489,0.9693195880235842,0.3574798279454462,0.5514342481295192,0.8914454243611508,0.5916952341470423,0.6196762543722792,0.07114432046572948,2.0
2021-05-01 19:26:41.940,0.9000236282998917,0.5262637413478333,0.36581364082429046,0.8264096163038457,0.28144185599567306,0.9597713691562674,0.20737070113488273,0.7203257942198763,0.9833583549137962,0.27212493644839,0.5546488909146304,0.7775811217601779,0.5951554868164407,0.6362861610510554,0.07860700037959327,2.0
2021-05-01 19:26:41.960,0.9058988263006549,0.5513250032002603,0.32133734828080485,0.8305107592896617,0.3296034681356847,0.968254548638363,0.12228003123780533,0.5769640176621049,1.0,0.18677004495133373,0.5578635336997415,0.6637168191592051,0.5986157394858391,0.6528960677298316,0.08606968029345705,2.0
2021-05-01 19:26:41.980,0.9255393526342858,0.5751061562532895,0.30877968135776435,0.8346119022754777,0.37776508027569644,0.9767377281204589,0.09937607284143371,0.5203389688350034,0.9918656607374119,0.11152295116736137,0.6038575834862193,0.5123894015434286,0.6020759921552375,0.6695059744086082,0.09353236020732084,2.0
2021-05-01 19:26:42.000,0.9451798789679168,0.5988873093063188,0.29622201443472385,0.8379875447340146,0.4318781281819431,0.9827547242421608,0.07647211444506206,0.4637139200079019,0.9837313214748239,0.05379608298498844,0.6275964663041447,0.46548675663753714,0.6020759921552375,0.806218031620955,0.1631841243121688,2.0
2021-05-01 19:26:42.020,0.9463853044190893,0.7526900793258549,0.2989135695913672,0.8413631871925517,0.4859911760881897,0.988771720363863,0.05356815604869044,0.40708887118080045,0.9755969822122359,0.020327993662397927,0.5771513661222359,0.43362833691708536,0.6089966746567039,0.9250424500590704,0.26965177429390236,2.0
2021-05-01 19:26:42.040,0.9445126993571215,0.8100747268769534,0.2821081249713312,0.8447388296510888,0.5401042239944362,0.994788716485565,0.033849318629830503,0.34028570220196497,0.9509288790353453,0.05048295951088272,0.5867952823334832,0.4477876353754488,0.5709339838746547,0.9608177276075326,0.3233831104299389,2.0
2021-05-01 19:26:42.060,0.9576919316801984,0.784063946699709,0.2758291104535216,0.8479517026796974,0.5876054912571947,0.9960915373641738,0.01413048121097057,0.2734825332231296,0.9262607758584547,0.08063792535936767,0.5964391985447305,0.4619469338338123,0.5420990272391546,0.9738784850716885,0.3557766965266527,2.0
2021-05-01 19:26:42.080,0.9708711640032754,0.7580531665224649,0.269550095935712,0.8511645757083062,0.6351067585199529,0.9973943582427826,0.0,0.18756277088730314,0.8703417451063049,0.1781222016900021,0.6075667881010497,0.497345147384134,0.5132640706036554,0.986939242535844,0.38817028262336656,2.0
2021-05-01 19:26:42.100,0.9716037410220072,0.8219736524916634,0.28508720374737057,0.8543774487369149,0.6826080257827114,0.9986971791213912,0.0008101800855151935,0.15818104696023835,0.8376402079696724,0.15584756736423697,0.5420376118211245,0.4611602904475094,0.4844291139681553,1.0,0.4205638687200804,2.0
2021-05-01 19:26:42.120,0.9723363180407388,0.8858941384608621,0.3006243115590291,0.8575903217655235,0.7301092930454696,1.0,0.001620360171030387,0.1287993230331736,0.8049386708330398,0.13357293303847168,0.4765084355411995,0.424975433510885,0.4602075519721464,0.9965928597840575,0.4605307026689429,2.0
2021-05-01 19:26:42.140,0.9570370624922786,0.9746022449669214,0.3034851444850597,0.8657501310742006,0.7925655294895175,0.9937479699414059,0.002430540256545588,0.09941759910610887,0.7722371336964075,0.11129829871270655,0.4109792592612743,0.3887905765742605,0.43598598997613647,0.9931857195681155,0.5004975366178056,2.0
2021-05-01 19:26:42.160,0.9643093685292168,0.9816868050612368,0.3025344227853792,0.8739099403828775,0.8550217659335655,0.9874959398828118,0.0032407203420607815,0.07003587517904403,0.739535596559775,0.09535040434962905,0.3449555312717015,0.37492626576402865,0.3875433384179025,0.9914820767741759,0.5432835969929452,2.0
2021-05-01 19:26:42.180,0.9715816745661552,0.9887713651555521,0.30158370108569865,0.9049190533778966,0.9315341277109729,0.9428080408111714,0.03387653237189803,0.03501793758952196,0.645651306119276,0.07940250998655156,0.2789318032821287,0.3610619549537969,0.3806226559164361,0.9761498149676925,0.5920398114882301,2.0
2021-05-01 19:26:42.200,0.9810544497107702,0.9925142434370348,0.3164762626575282,1.0,1.0,0.7867199195161722,0.06451234440173528,0.0,0.5517670156787771,0.11182240708274128,0.2776953976958233,0.31917405660536124,0.36332156973211266,0.954855108663487,0.6258706585139967,2.0
2021-05-01 19:26:42.220,0.990527224855385,0.9962571217185173,0.33136882422935776,0.523290312009604,0.9983171770714842,0.5701716663296307,0.09349042200140786,0.006367321216933072,0.5067056843832907,0.144242304178931,0.2764589921095178,0.27728615825692554,0.34602048354778914,0.9335604023592816,0.6597015055397634,2.0
2021-05-01 19:26:42.240,1.0,1.0,0.3462613858011873,0.046580624019208025,0.9966343541429685,0.3536234131430891,0.12246849960108044,0.012734642433866255,0.46164435308780416,0.1715147046343098,0.3199802641196212,0.1386430791284628,0.27681649313583223,0.8739352595967721,0.7243781199839604,2.0
2021-05-01 19:26:42.260,0.9885587628589246,0.964273644478592,0.38176044352105837,0.16601219476519097,0.9160092840600218,0.16378162932924775,0.151446577200753,0.019101963650799327,0.4165830217923177,0.19878710508968875,0.3635015361297246,0.0,0.23529399259105696,0.7972741250106775,0.777114436376921,2.0
2021-05-01 19:26:42.280,0.9724103477188188,0.9371481683656293,0.39259892793209505,0.17921840189181637,0.8814569405539924,0.14918423540160472,0.1804246548004256,0.025469284867732398,0.37152169049683126,0.19238548914667208,0.3545994535549918,0.030088508318589443,0.2283733100895916,0.7512776884838738,0.8089552311802181,2.0
2021-05-01 19:26:42.300,0.9562619325787132,0.9100226922526665,0.4034374123431317,0.19242460901844177,0.8469045970479628,0.13458684147396185,0.2826836488586691,0.0864601267334568,0.26093786382482664,0.16632978174946775,0.37833831208474517,0.06194692803904123,0.14532866332537817,0.700170323575252,0.8417910503116653,2.0
2021-05-01 19:26:42.320,0.9719629458183641,0.8928354236908127,0.40747932115758584,0.20446964701285014,0.7998801891928438,0.12688045198783485,0.29675827193814314,0.09866420734749592,0.24767428733302224,0.1387017584347844,0.3872403946594779,0.057522149534385045,0.1591693196776347,0.6422487363835196,0.8716417964586617,2.0
2021-05-01 19:26:42.340,0.9537291483121739,0.8140351154353137,0.38370945967122666,0.2158833448337776,0.7497424005045693,0.12316175576411617,0.31083289501761724,0.110868287961535,0.2344107108412179,0.11107373512010109,0.3961424772342107,0.05309737102972894,0.12456732447165625,0.5655877762437491,0.8965174168892848,2.0
2021-05-01 19:26:42.360,0.9326071105484091,0.7563487643395533,0.37511880280246945,0.22729704265470513,0.6996046118162949,0.1194430595403975,0.3249075180970913,0.12307236857557408,0.22114713434941352,0.0,0.328635057683437,0.07256635298943334,0.10957298481893042,0.5286769112789844,0.9071310151570505,2.0
2021-05-01 19:26:42.380,0.9114850727846441,0.698662413243793,0.36652814593371236,0.2423690199031493,0.6322868659781069,0.11780437489617565,0.40483691320962834,0.222711108923788,0.1475717766410901,0.06278079921310532,0.3438427656368223,0.1265486760983616,0.09457864516620458,0.49176604631422016,0.9177446134248161,2.0
2021-05-01 19:26:42.400,0.9030254557769302,0.6255402925527215,0.36247058639952306,0.2574409971515936,0.564969120139919,0.11616569025195382,0.4485660540847404,0.2947425523509181,0.11554121671230864,0.12556159842621065,0.35905047359020764,0.18053099920728982,0.07958430551347875,0.4548551813494554,0.9283582116925818,2.0
2021-05-01 19:26:42.420,0.8945658387692161,0.5524181718616501,0.3584130268653338,0.26634159087004583,0.5282494797571505,0.11918987856753145,0.4922951949598524,0.3667739957780482,0.08351065678352712,0.29526056947482426,0.49258163934668314,0.16106199551719413,0.020760984528383812,0.3160136142562654,0.964676618010366,2.0
2021-05-01 19:26:42.440,0.8499463567400339,0.5440031635345901,0.3293313367691646,0.27524218458849803,0.4915298393743821,0.12221406688310925,0.5403093639047376,0.44485318423164444,0.06805009875201525,0.3473720210397364,0.3635015179135956,0.17522125775823866,0.0,0.23168652321325237,0.9781094535727333,2.0
2021-05-01 19:26:42.460,0.7871497820592745,0.43315231767187484,0.3041832841930165,0.2841427783069503,0.4548101989916137,0.12523825519868687,0.5577600499234049,0.4799710994626988,0.06539752913946198,0.39482259986987767,0.20178045537602177,0.16725666731505331,0.006919973850790178,0.17717204716307533,0.9810945255382788,2.0
2021-05-01 19:26:42.480,0.7636993439108773,0.45821197004433917,0.2704098270072004,0.2983827092005075,0.4026743026423063,0.13106370030575515,0.5752107359420721,0.5150890146937531,0.0627449595269087,0.4422731787000189,0.04005939283844798,0.1592920768718679,0.04844265155823399,0.13458254733150393,0.9791044809575999,2.0
2021-05-01 19:26:42.500,0.7495111228324578,0.4561146339474339,0.22986194438509758,0.31262264009406476,0.3505384062929988,0.13688914541282357,0.5975916298132855,0.5797106174589787,0.062183621961944435,0.5252695549540404,0.0,0.13982302972098942,0.11072666811940071,0.09199322194625545,0.9820895529231455,2.0
2021-05-01 19:26:42.520,0.7232196139935267,0.42401950870020383,0.24376599404483684,0.321173108056135,0.322071358996271,0.14068254564394095,0.6089366775574974,0.61829630454116,0.06489518400646402,0.6217430377244276,0.19287836065720304,0.1761062134591699,0.1176466419701909,0.040034035640663455,0.9900497516239697,2.0
2021-05-01 19:26:42.540,0.7105614468045827,0.3989400161284041,0.2571285200696897,0.3297235760182053,0.2936043116995431,0.14447594587505833,0.6202761147489425,0.6530812053877972,0.06972407512237928,0.7889712607610417,0.4050445294487285,0.35221241243141216,0.16609000217910108,0.008517865077050291,0.9860696522735576,2.0
2021-05-01 19:26:42.560,0.9951140180473562,0.371577558211589,0.3378391085321181,0.034383208492454125,0.2898859064137398,0.0,0.1059450376401163,0.6579347254429645,0.0,0.9057726875536473,0.45994066788198207,0.509734527197171,0.16609000217910108,0.008517865077050291,0.9950248783592485,2.0
