2021-04-23 17:00:46.920,1.0,0.618111838244461,0.5943246521338754,0.5971287531593154,0.23000792308383913,0.9876313466451874,0.0564557483219476,0.7096244147139326,0.9639017636794693,0.5430124470417409,0.5842151260294592,0.5417266124457812,0.8584687282088206,0.0864192926687271,0.026217180775715138,4.0
2021-04-23 17:00:46.940,0.14428421871862196,0.34317025478204966,0.5753032609043114,0.6112568570102825,0.21838085391903758,0.986975400262606,0.05211112541892892,0.7167839444987578,0.9664378216985337,0.5430124470417409,0.6201917193546653,0.5395683391598048,0.8352669349023581,0.08950614747751562,0.018726639879925986,4.0
2021-04-23 17:00:46.960,0.9514055723136945,0.588890409262162,0.5389481587137629,0.6251873953919522,0.2084741001362965,0.9819522544740212,0.0806163725481885,0.7290794082438212,0.96801138770046,0.5501553049108726,0.5768704228497324,0.5535971155186512,0.86310927693969,0.10493820917542086,0.041198454327595516,4.0
2021-04-23 17:00:46.980,0.15982348236361935,0.327205234238268,0.6528738504116931,0.631863709185431,0.200823742226546,0.9823468733530429,0.08118067880235018,0.7386146528559256,0.9708201854517782,0.5509317023671934,0.6079920459399991,0.5327338100318321,0.8584687282088206,0.08333338600823954,0.028089911879813325,4.0
2021-04-23 17:00:47.000,0.9435763495740611,0.5400151158782874,0.3949942961086058,0.6446455803066337,0.19196887667074577,0.9742190891214344,0.12516723594387344,0.7496945458075961,0.9705794087789386,0.5641304590865175,0.5772438833212974,0.5471222956607221,0.8700698624490235,0.08179027465327983,0.0430711854316937,4.0
2021-04-23 17:00:47.020,0.21870327857967223,0.344152536072062,0.8167272969909566,0.6525672772890848,0.18022132855677428,0.973964687172094,0.13047599676520927,0.7644641864179758,0.974413395317784,0.560403750953013,0.6046309098474043,0.5330935222461615,0.8793504847368201,0.07947537058376278,0.04400750304366741,4.0
2021-04-23 17:00:47.040,0.7392993370474156,0.4579791555026428,0.23766575369741957,0.6616592370064501,0.17503629467349174,0.9641792300025777,0.1818044137232696,0.7710082447388492,0.9718999046236355,0.5689441236080317,0.5829702615949379,0.5535971155186512,0.8886311070246152,0.07716046651424573,0.04494382065564113,4.0
2021-04-23 17:00:47.060,0.36228621796990407,0.35423751448058904,0.9550115676149915,0.6698316004775753,0.16193367294123528,0.9635980698324911,0.1894048352683024,0.7876129129747798,0.9758809739221476,0.5742236266923073,0.5997759372689117,0.5453237345890751,0.8897911254138474,0.07947529157140303,0.036048683491702614,4.0
2021-04-23 17:00:47.080,0.5094638994403559,0.35219772578466746,0.13928663999201998,0.6711939701937673,0.16435700196595393,0.9538375606504632,0.23792106469637078,0.7845345844308377,0.9705808137485834,0.5560559255789106,0.5967882614440946,0.5571942376619452,0.8909511438030782,0.0817901166285621,0.027153546327764098,4.0
2021-04-23 17:00:47.100,0.5972328212246869,0.4531200796773877,1.0,0.6806211234715688,0.15260842712854567,0.9530239968276963,0.2464069139721784,0.7994885901838672,0.9739041816322277,0.5434782855155335,0.5996514504790212,0.5568345239754728,0.8816709966892264,0.10493820917542086,0.041198454327595516,4.0
2021-04-23 17:00:47.120,0.29870606767579233,0.3494994962048094,0.17855221294425172,0.677857300205063,0.16519062086932548,0.9479998648472985,0.2669766024685669,0.783476435681591,0.9674820653868659,0.5428571675504767,0.6284078293503698,0.5535971155186512,0.9048727899956889,0.09876544770614479,0.04681645587958855,4.0
2021-04-23 17:00:47.140,0.7729036495019913,0.5209985497634577,0.9077310355239588,0.688595020557898,0.15522029076082985,0.9485397826534528,0.2680952833848301,0.7961575926446983,0.9708986003200663,0.5529503357536274,0.6184489106136035,0.5615107833506121,0.9234340345712806,0.09567890894678992,0.03370791343180636,4.0
2021-04-23 17:00:47.160,0.10162990379352552,0.2715009493808199,0.3608783915719517,0.6889820167594926,0.15646961186512195,0.9539010056571071,0.24053916849741078,0.7945655385177716,0.973113095911728,0.5686335643713074,0.610357288121045,0.5633093441278305,0.9187934858404099,0.11419750940405182,0.03932591498379912,4.0
2021-04-23 17:00:47.180,0.6242402136058189,0.37012493575980954,0.6236057673235963,0.6964638549986046,0.14534900926623937,0.9524076002906654,0.2522025393812376,0.8087663934060442,0.9758616555895347,0.5706521977577415,0.6091124232789491,0.5636690569310171,0.9419952791468723,0.10493820917542086,0.041198454327595516,4.0
2021-04-23 17:00:47.200,0.5544575110774889,0.32807032782918355,0.6553621874750865,0.7032790157688963,0.13432063059018193,0.9517129836390156,0.25974250506681346,0.8229151370932335,0.9788927019765045,0.5566770435439672,0.6048176400831867,0.5638489125965389,0.9280745833021513,0.11728404816340489,0.04681645587958855,4.0
2021-04-23 17:00:47.220,0.47552342537482567,0.35546897638034797,0.5861454268925578,0.7101450517673332,0.12557421521387513,0.9509325505304028,0.2668613217457746,0.8341821079171734,0.9811325748323714,0.5607143103168353,0.601767720710584,0.5665467543512237,0.9605569988964088,0.12037027087332611,0.04494382065564113,4.0
2021-04-23 17:00:47.240,0.4678126723186092,0.3740453369017579,0.5907670231887642,0.7173930494395796,0.11737395631046167,0.9498235822788581,0.27544784828190577,0.844781512821323,0.9830020625656868,0.561490707646058,0.5975351802474584,0.5697841645746168,0.9234340345712806,0.10185198646549966,0.028089911879813325,4.0
2021-04-23 17:00:47.260,0.46365518757837787,0.32170646001000447,0.5903141925604465,0.7236308293654519,0.10897805626275328,0.948705756070217,0.28951005445297,0.8610940100301,0.9856827007422383,0.5555900871051181,0.5923067480125498,0.5690647407348152,0.9373552055899464,0.09876544770614479,0.03183518232770818,4.0
2021-04-23 17:00:47.280,0.4696574018305551,0.3097424602437596,0.5995735416852015,0.7295584558822409,0.1006388877178873,0.947181352296244,0.3078095542658167,0.8767169045772406,0.9876616443919267,0.5635093411595902,0.5895680452580455,0.56618704302018,0.9280745833021513,0.10802443188534208,0.04868918698368674,4.0
2021-04-23 17:00:47.300,0.44834210388041495,0.34306967912360264,0.5938316034867299,0.7359604541552124,0.0928244151129019,0.9451991245211006,0.3221879625267726,0.888579604221791,0.9890224013980011,0.5858695866306485,0.5890700993212071,0.560431646707624,0.9466358278777429,0.09876544770614479,0.026217180775715138,4.0
2021-04-23 17:00:47.320,0.4523245083582082,0.286732882728135,0.5823264207831162,0.7444603269075226,0.0777768470160739,0.9418832455686292,0.33803083199329026,0.9043128164401194,0.9910410354401487,0.6080745589653447,0.5850865318265006,0.5489208567323691,0.9187934858404099,0.0771603084895298,0.03932591498379912,4.0
2021-04-23 17:00:47.340,0.4493820677836097,0.25130342156529273,0.5882171844267204,0.7476242560210005,0.06723120450885395,0.9400093745083755,0.35244584172903504,0.9200540412579717,0.9930126908098055,0.6222049901284221,0.5817253967528422,0.5352517925878522,0.8955916925339489,0.05864170803226969,0.01310863832793295,4.0
2021-04-23 17:00:47.360,0.44643962720901115,0.2158739604024504,0.5941079480703247,0.7507881851344783,0.05668556200163399,0.9381355034481219,0.3668608514647798,0.9357952660758241,0.9949843461794625,0.6251553017334215,0.583219234563357,0.5316546704445582,0.9002322412648182,0.055555485322348476,0.014981273551880375,4.0
2021-04-23 17:00:47.380,0.4581359225201703,0.2722591973466472,0.5846131141167268,0.5419726130432665,0.07041401193229789,0.9414582324356194,0.2924255491041116,0.8653707957274911,0.9864497702628761,0.6071428807467792,0.5857089642475486,0.5356115048021816,0.8723898992274864,0.05864170803226969,0.02434464143191875,4.0
2021-04-23 17:00:47.400,0.44834686855694383,0.2240319353537045,0.5512288400457082,0.3905880721941215,0.016233544391434648,0.9308971309627811,0.40755466815456975,0.9781716024865817,0.9994194841049814,0.5627329435761713,0.5859579372159677,0.5492805689466985,0.890951618977023,0.055555485322348476,0.03370791343180636,4.0
2021-04-23 17:00:47.420,0.46316292320477703,0.27552428584608024,0.5404241378593192,0.40473999731076715,0.0,0.9255531263351071,0.4406472898108486,1.0,1.0,0.5076087243044934,0.5794846390181336,0.5654676177082355,0.8770304479583558,0.0771603084895298,0.03932591498379912,4.0
2021-04-23 17:00:47.440,0.44606933178515784,0.3569865240483424,0.5428181277063155,0.414526191912198,0.000712988965460941,0.9209668013274568,0.4644379390281927,0.9990389904144694,0.9971047088049376,0.4754658708837933,0.5736337742602834,0.574460423949756,0.8770304479583558,0.11419750940405182,0.03932591498379912,4.0
2021-04-23 17:00:47.460,0.4209375370022447,0.40049266296593905,0.543932182570356,0.4255514102990832,0.006308329718662827,0.9158904633732403,0.48907911617617494,0.9915048527635021,0.9927606743798096,0.48618015451003965,0.5721399374687046,0.5845323656565505,0.8863110702461523,0.1358020165217995,0.03745318387970094,4.0
2021-04-23 17:00:47.480,0.3992579150439596,0.31115204313132977,0.5553283237491782,0.43438859641300226,0.012031185496351713,0.911247454547863,0.5112144072315356,0.9838120874107793,0.9885790895698355,0.513664625734776,0.5747541536371058,0.6007194155958019,0.86310927693969,0.15123471031857205,0.04494382065564113,4.0
2021-04-23 17:00:47.500,0.3912627382682676,0.22599543271359007,0.5778297068754422,0.4401830729186298,0.015063401782770307,0.9076050394899189,0.528947063748012,0.979741351947749,0.9855807087271025,0.49456524449634337,0.5747541536371058,0.6381294917746301,0.8538286546518947,0.1697529947263985,0.0543071885356795,4.0
2021-04-23 17:00:47.520,0.3844386491151499,0.2617429126521913,0.6116594655519237,0.44542035968600824,0.021569285169777158,0.9045023467766885,0.54256367867655,0.9710203615978158,0.9820976133569902,0.4004658626224205,0.5598157765508927,0.7046762455369966,0.849188105921024,0.23148155756745672,0.08052427343124388,4.0
2021-04-23 17:00:47.540,0.3647712371196757,0.46475197346862945,0.6305661227750106,0.45387044360827417,0.04228675225996926,0.900027141597927,0.5576265933011813,0.9433674656676855,0.9743059590452754,0.27236030139419687,0.5260799352543527,0.7830935053165188,0.8167052151528217,0.3209880210944042,0.125468094086885,4.0
2021-04-23 17:00:47.560,0.3172195866625395,0.7144007811758181,0.6291356871417497,0.4672310734446585,0.08248164611065684,0.8922051479052722,0.5803438570875461,0.8902600899852603,0.9590491741483057,0.17732924765661082,0.485372855936757,0.8485611371573255,0.8259863126145617,0.41049385252248616,0.16666664429463154,4.0
2021-04-23 17:00:47.580,0.24651218838261538,0.8083757962891344,0.6357301664604255,0.4833038033989342,0.13873505820454898,0.8807668421415824,0.6096482725124903,0.8172439581357498,0.9358810490880237,0.12096280376654531,0.45176150520017117,0.9248201530937282,0.8213457638836923,0.5030862227099212,0.20411992405448326,4.0
2021-04-23 17:00:47.600,0.2055695531197062,0.7073170672510151,0.712710347844942,0.49818520509414194,0.20812807420625523,0.86683666066603,0.6365381972433984,0.7295099284815628,0.9051881085757731,0.03711185306429181,0.3541018619040342,1.0,0.8027845193080992,0.6203702708733261,0.2715355591577942,4.0
2021-04-23 17:00:47.620,0.18361932968259628,0.6954424246222588,0.7964811014788139,0.5144932329785894,0.2887413655075443,0.8471278393961578,0.6707333493765157,0.6312253900373531,0.8642111766318704,0.0,0.2507158281070232,0.9863309329111974,0.7656615549829711,0.7160494958695497,0.32584265181332267,4.0
2021-04-23 17:00:47.640,0.13407539100052768,0.7690463990206231,0.7956228988323777,0.5363442759545508,0.3770407084568874,0.818566862681026,0.7437688696381699,0.4787387974104552,0.7790439452025308,0.020496897930790486,0.19992535681462145,0.9233812806821252,0.700696248620511,0.7901235816491583,0.3988764035248076,4.0
2021-04-23 17:00:47.660,0.14229759072852477,0.5340078271297115,0.7804452424500467,0.5629748743809136,0.46809420682775926,0.7803852205598887,0.7969372841928472,0.3917860171414037,0.7077736065985244,0.05403732142502629,0.15274494567429928,0.836330913037269,0.6589332107384569,0.8549383672001377,0.4737827712842095,4.0
2021-04-23 17:00:47.680,0.18452436426077726,0.236102372185921,0.7818875956923104,0.5964349422354842,0.554187221770531,0.7322486295465431,0.8501056987475243,0.3048332368723522,0.6365032679945176,0.05403732142502629,0.1000871720240732,0.7366906326123127,0.5707656358955897,0.9135803912818392,0.5524344861956264,4.0
2021-04-23 17:00:47.700,0.16625269047114957,0.10229372369327626,0.8000111112266524,0.6384467517273101,0.6300228870746352,0.6734311191973706,0.9250639411985397,0.21067416572303038,0.5134862421508737,0.06645969343596315,0.04705589714483706,0.603597113310437,0.4965197072453332,0.9629631151349116,0.640449434754871,4.0
2021-04-23 17:00:47.720,0.1340676092779858,0.09059453091170412,0.7492079399631731,0.6948019308791927,0.6957863149361808,0.6004890587393524,0.9685706879672603,0.1694890022843363,0.4222367302900145,0.16645969597792395,0.011328277195624483,0.5053956758542267,0.39443191173168846,0.9783951768328186,0.7322097688181911,4.0
2021-04-23 17:00:47.740,0.12066158514902975,0.0321526370387506,0.7216226974052878,0.7972002845250129,0.7598317023126926,0.4663989656393803,0.9949528329819939,0.14707231083889388,0.33593020897588743,0.2866459942548126,0.0016183355030219113,0.4413669046478803,0.3155454343505626,1.0,0.8014981350256001,4.0
2021-04-23 17:00:47.760,0.14851406027421224,0.0,0.7268220004598547,0.8713130447251418,0.7863014075895155,0.33933797689892764,1.0,0.13770083471862563,0.2612888081593331,0.34673915610306116,0.0,0.3597122143293938,0.2412995057003061,0.9722224153635426,0.8614232292331215,4.0
2021-04-23 17:00:47.780,0.11884351419878715,0.1315738220343995,0.7132997194655981,0.8996540577227424,0.7882348687438773,0.2639697868499212,0.9880122899274906,0.13623378384236962,0.19347094097771697,0.41645965149360914,0.005601907073472997,0.2902877540195352,0.19025537035651197,0.9629631151349116,0.9157303218886502,4.0
2021-04-23 17:00:47.800,0.016665359883056566,0.12990399642819553,0.6223512819120399,1.0,0.7469911869683913,0.10936040938652393,0.9464852405094357,0.16836924778033835,0.04912335865299382,0.5437888457690422,0.05091501585597084,0.29964027748067074,0.09744819713066241,0.9475310534370055,0.9662921440962842,4.0
2021-04-23 17:00:47.820,0.0,0.13630856239858666,0.4221799148306184,0.9082981564473415,0.787003404574653,0.1321983017794747,0.8932314869709578,0.13716783358415208,0.07814348962004918,0.6582298308307263,0.13145773955254725,0.3514388422326748,0.05104413534379412,0.9166666139917604,0.9719101456482772,4.0
2021-04-23 17:00:47.840,0.14113788519559592,0.12885243942288585,0.3223754396829854,0.881824754526693,0.7943799494360854,0.09150296334203327,0.8274493858532423,0.1315970256225854,0.04642503542104097,0.6866459790030476,0.2172289506084771,0.4107913605413105,0.013921646192610729,0.9104938525224844,0.9868914192001574,4.0
2021-04-23 17:00:47.860,0.21413103242938678,0.24468453937063073,0.2701310778120936,0.8547357225992148,0.806151836935059,0.060003197216088974,0.7590067937658808,0.12282435944792756,0.02506405256609632,0.6759316953768011,0.3023777343380397,0.4708633032786049,0.01856171974953656,0.9074076298125632,1.0,4.0
2021-04-23 17:00:47.880,0.22614459477458917,0.3459834202665332,0.1854993292824536,0.8356852681913487,0.8197676190674059,0.03229102957527955,0.6893809808836344,0.11286060402742908,0.008759028598367894,0.6812112031637042,0.39499566636273165,0.5003597107421867,0.013921646192610729,0.9135803912818392,0.9850187264481196,4.0
2021-04-23 17:00:47.900,0.31764221166167356,0.30163624285584495,0.10117720268995678,0.818603565873888,0.8346425667699391,0.013331483083492213,0.6299585020337488,0.10219991152817486,0.0005070535447278722,0.6947205049229012,0.4827586428251643,0.5258992779595736,0.013921646192610729,0.9197531527511154,0.979400763248187,4.0
2021-04-23 17:00:47.920,0.4178337802410039,0.3514112022918575,0.036116878550248796,0.8017526569091071,0.8507987646624663,0.003811533626977479,0.583673632167616,0.09088883373005352,0.0,0.6836956775658914,0.567035991616112,0.5622302074848423,0.03712343949907312,0.9104938525224844,0.9550561793443588,4.0
2021-04-23 17:00:47.940,0.4781456836523623,0.47976831435007666,0.0,0.7905158558676698,0.8664658596942563,0.0,0.5479526347833067,0.08018937598963355,0.0034510445000953335,0.6574534397293076,0.6473297688366088,0.5859712148082966,0.0,0.9228396915104702,0.9550561793443588,4.0
2021-04-23 17:00:47.960,0.5428158604920952,0.5633424526065357,0.013439096035275636,0.7861609230896787,0.8796458681890842,0.0007296575571536791,0.5243151672241867,0.07139502472326527,0.008995063498656848,0.6521739319424045,0.7135565927012096,0.5978417178811667,0.027842342037331734,0.9228396915104702,0.934456942592546,4.0
2021-04-23 17:00:47.980,0.5609745716634894,0.5470913058431208,0.07469401761543452,0.7826641123239184,0.8929385746799775,0.007769947641833013,0.510111319842993,0.06271780644262243,0.01854499341525852,0.679580764056999,0.7786630249617548,0.604136681631931,0.06960585509333068,0.9320986756896675,0.9007490483367698,4.0
2021-04-23 17:00:48.000,0.5711317090255137,0.5010239731972275,0.15287608421115875,0.7735604937001034,0.9088425811118561,0.022951757566616875,0.5018134282673902,0.05258994762539656,0.03400282946836719,0.6877329417967988,0.8346819428560646,0.6003597045591866,0.055684684074664814,0.9351852144490206,0.8614232292331215,4.0
2021-04-23 17:00:48.020,0.619521303112468,0.4533777281130499,0.2204213899008386,0.7571844201980114,0.9259361976340347,0.04720482632677964,0.5005900788902556,0.0420180049223317,0.05519983480366917,0.670807478519986,0.8658035740978202,0.5910071858089081,0.06496578153640485,0.9351852144490206,0.8408239541292483,4.0
2021-04-23 17:00:48.040,0.6391499147703317,0.39584517491818105,0.2566404503339723,0.7373320317577483,0.9424720013525371,0.07752231727640414,0.5041032635582784,0.02781929342536315,0.09211749771674871,0.6728261131774004,0.8819868170450652,0.5802158193790263,0.10672881941845894,0.9259259142203914,0.7958801334736072,4.0
2021-04-23 17:00:48.060,0.6299213464154653,0.30978567582028765,0.29041641295711534,0.7174714820829701,0.9571763720417329,0.11098122895829839,0.5070313815413844,0.015463898450005103,0.13296535246508598,0.6978260947481844,0.8992904108389208,0.5730215745035813,0.12529006399405063,0.9197531527511154,0.760299623169914,4.0
2021-04-23 17:00:48.080,0.5911926816385423,0.2200398786058949,0.38625852261895277,0.6910671061880084,0.9714459152895186,0.15041930610317947,0.5046827456563826,0.009861232660655176,0.16013043834771917,0.739906845777634,0.9272998748807564,0.5428057490887694,0.13921171018666137,0.9290124529797463,0.7265917672661982,4.0
2021-04-23 17:00:48.100,0.5747419001137214,0.1963296855791064,0.40708440834932624,0.6231315194733482,0.9919948789450792,0.23156938771410596,0.5023341097713808,0.004258566871305545,0.18729552423035237,0.7714285710654342,0.9490850249014745,0.48345323078013375,0.17633419933784475,0.9135803912818392,0.6760299450585642,4.0
2021-04-23 17:00:48.120,0.5689604763935328,0.16026246430939475,0.4553857675392735,0.5730603915323111,0.9959974394725395,0.2852383682029584,0.5005576851927882,0.0,0.2550879035064038,0.7962733023775036,0.9549358988297497,0.4194244477966446,0.20881709010604718,0.9074076298125632,0.640449434754871,4.0
2021-04-23 17:00:48.140,0.5474124104407583,0.16637490208402098,0.4590332864524299,0.5229892635912742,1.0,0.33890734869181094,0.500113795624914,0.004667067112445353,0.30655539342205856,0.8139751618396568,0.9722395130023281,0.3730215809810098,0.2645012990067685,0.8827159518365951,0.5880149964993198,4.0
