2021-05-01 19:19:52.960,0.5314229278269713,0.5930797131089679,0.34974984548279925,0.9607566991187801,0.01830839534142067,0.2928661900944593,0.9574141548907239,0.9731953956888566,0.6413347441282662,0.9661413964889032,0.4119530714271364,0.35494878311231515,0.9637095225806444,0.03404793818293606,0.04238916132090318,2.0
2021-05-01 19:19:52.980,0.46232535203702757,0.6003330345817233,0.8200963183475004,0.9558356070618426,0.01324983736130323,0.3019125205106585,0.9405834988685728,0.9806069508489409,0.66908854147383,0.9631601342128658,0.5293490187034675,0.3617747300595315,0.9596773161290325,0.03404793818293606,0.04479765769565699,2.0
2021-05-01 19:19:53.000,0.14719823035490373,0.4521300397253179,0.6226834512064227,0.951884807262279,0.009715836944453514,0.311749383819696,0.9194646367610455,0.9857824662077592,0.6986045274238635,0.9761499105066869,0.541088611509302,0.4505119272343875,0.9556451096774194,0.03404793818293606,0.04720615407041094,2.0
2021-05-01 19:19:53.020,0.03876669274039583,0.4212594088466876,0.07951696438832496,0.9482369363783654,0.007464316674910991,0.32132771605472604,0.8961111574368634,0.9890785967355677,0.7265831759338383,0.9789182238587957,0.3180363150037432,0.5341296788649922,0.9516126967741929,0.030895231749425725,0.042870875393541986,2.0
2021-05-01 19:19:53.040,0.3666655163303213,0.5026708079528998,0.0071194992166761185,0.9445829740544229,0.005197836792697766,0.3294722207895437,0.8740340147788033,0.9923959748535162,0.7496771924732052,0.9770017009734098,0.27854858787118014,0.51706483244861,0.943548283870968,0.02648170100230666,0.04720615407041094,2.0
2021-05-01 19:19:53.060,0.6874841376112842,0.5865806291052272,0.47715066357129227,0.9416962225908367,0.0036427817701581767,0.3370814084811284,0.8517015499581353,0.9946713281012584,0.7706482579379765,0.9931856884671967,0.3906083540581834,0.5136518631653335,0.9274194580645159,0.022698711541888933,0.04624277525076014,2.0
2021-05-01 19:19:53.080,0.5374079400391475,0.5294759754064724,0.7817397346046501,0.9389137269248512,0.0023690857409499363,0.3456854033180684,0.8245124628331028,0.9965346811296836,0.7935978111585729,0.9788117528828256,0.6408751652091572,0.5699658563393949,0.9274194580645159,0.023959535855498395,0.04720615407041094,2.0
2021-05-01 19:19:53.100,0.25125060550555695,0.42750218682429825,0.4916587245295372,0.9371106907327307,0.002785385697243123,0.35555350027317445,0.7910076521258379,0.9959256784807178,0.8189050919078864,0.9623083463606387,0.44503738334901355,0.6450511805714768,0.9032258064516129,0.016393298674868995,0.04238916132090318,2.0
2021-05-01 19:19:53.120,0.2022687933842489,0.40543259940565307,0.0,0.9355528650582227,0.00505438440150192,0.36604695294480516,0.7527281159367313,0.9926058893887059,0.8445278277684887,0.9593270849560999,0.47812169527089066,0.5443685867148216,0.9274194580645159,0.016393298674868995,0.0500962905293632,2.0
2021-05-01 19:19:53.140,0.6323665264780564,0.5796119723876361,0.18799582525783684,0.9341260854948636,0.007003635074174698,0.3743192560534868,0.7206094285978641,0.9897531290016177,0.8636716490131054,0.9865843241153248,0.7630736634109653,0.5972696106056066,0.9274194580645159,0.01008814406764373,0.05105971867464095,2.0
2021-05-01 19:19:53.160,0.732335602241246,0.6428580195821674,0.7377377797361104,0.9329522058902722,0.01005376265765847,0.3865818747004306,0.6892858130112411,0.9865738014726466,0.8806076129880197,1.0,1.0,0.7781569965870306,0.9556451096774194,0.00378298946041773,0.04720615407041094,2.0
2021-05-01 19:19:53.180,0.3930130608312849,0.5496580633337693,0.5685030291783641,0.930860978460598,0.013700017664389497,0.4017905710390799,0.6503162855834131,0.984001400241099,0.8995014063295397,0.9608177152226199,0.9231590698844562,0.9436859928581663,0.9314518709677425,0.001260953443506798,0.05298647631394241,2.0
2021-05-01 19:19:53.200,0.31629502044659696,0.45113543690503255,0.29862774463924396,0.9299670245704946,0.02070601933614702,0.4124235339964835,0.5779637372164721,0.9748143887413373,0.9291911898647873,0.8781942055352254,0.7289221330915362,1.0,0.9395158709677414,0.0,0.05394990445922016,2.0
2021-05-01 19:19:53.220,0.5311131580810229,0.6640676909112578,0.33663428839639803,0.9296676122592035,0.031848439332275345,0.4216201385972589,0.5324595022177343,0.9588712916732731,0.9443065632795784,0.833901198873473,0.6403415560103813,0.9761092150170648,0.9395158709677414,0.011349226641047129,0.0500962905293632,2.0
2021-05-01 19:19:53.240,0.5434653324920888,0.6772561626664727,0.2903372590458966,0.929817874459128,0.04603956487257172,0.4303886532085673,0.48695526721899646,0.942928194605209,0.9594219366943695,0.8417802428249395,0.5891142299571701,0.9573378979268166,0.95161310967742,0.02648170100230666,0.04238916132090318,2.0
2021-05-01 19:19:53.260,0.600180152271858,0.6914562420796208,0.25491156298328943,0.929635722368394,0.05999524122236349,0.4386773010789179,0.42264671943233306,0.9120282317336456,0.975945470684515,0.8637137989748842,0.528281781961475,0.9453925054353489,0.9354838709677419,0.020176546395080663,0.04046240368160172,2.0
2021-05-01 19:19:53.280,0.6263637801595074,0.689221971841648,0.2508203023965602,0.9290559635523495,0.0729144444222277,0.44657747236457157,0.3812628623451212,0.8930657816104012,0.9843141647697722,0.8773424202974937,0.4813234028762336,0.9419795501198448,0.9314518709677425,0.029003737019217594,0.03949902486195092,2.0
2021-05-01 19:19:53.300,0.6496137724667383,0.677978862220123,0.25347284076549875,0.9282535816389971,0.0853619723487527,0.4541624038994036,0.3408425402910298,0.8748060181025746,0.9910112849682349,0.8443356089961167,0.41835648663782227,0.9317406143344711,0.9153224258064508,0.04539716482398319,0.044797682358470536,2.0
2021-05-01 19:19:53.320,0.6617737287061247,0.7454896881114212,0.2154972971858439,0.9273197528618623,0.09967642051154064,0.46142343942089037,0.3015938673334529,0.8538295831191045,0.9960392547092954,0.7691652419263374,0.36286022147854446,0.9180887232335927,0.887096980645162,0.05926855661183859,0.033718702618419444,2.0
2021-05-01 19:19:53.340,0.6871106340948678,0.8188006365386461,0.16809756697804484,0.9263708207198529,0.11863970082369185,0.46831914567767524,0.2638412232435464,0.8260949312286615,0.9991625166560282,0.6795144839831904,0.3169690791352955,0.9078498572870803,0.887096980645162,0.08448917504074038,0.016377637236570847,2.0
2021-05-01 19:19:53.360,0.7296493984507244,0.8788294185142437,0.13362948452973397,0.9252829526492229,0.14340259079859022,0.474778039942275,0.2281044545447276,0.7900100375100944,1.0,0.6047700112752737,0.27427963566194175,0.8976109215017063,0.887096980645162,0.11223195861645045,0.016377637236570847,2.0
2021-05-01 19:19:53.380,0.7733465624539413,0.8557351390724721,0.12375208945784458,0.924132967920403,0.17389143131850288,0.48079245741587195,0.19462889531357266,0.7458635044883539,0.9981501694179098,0.5753833247086934,0.22411956731579782,0.9112628126025845,0.8709677419354839,0.13366958758493525,0.02023120184080086,2.0
2021-05-01 19:19:53.400,0.7966146498213635,0.8208866737373028,0.14523364697796085,0.9225097193784787,0.20709587959415596,0.4864739264795522,0.1631505740522227,0.6982538539613097,0.9937222407943677,0.5660136696636746,0.20811102055363523,0.8924914955123363,0.8709677419354839,0.1778056698355143,0.011560644487063086,2.0
2021-05-01 19:19:53.420,0.8275431069176664,0.8357103525444345,0.1383666941787714,0.9202658552895265,0.24099791015963215,0.49191576406978416,0.13349421675654496,0.6502831870918242,0.9870058947227267,0.5089437972860943,0.19530417266136776,0.8293515358361774,0.8508065032258063,0.21689780918216883,0.012524072632340835,2.0
2021-05-01 19:19:53.440,0.8640723950452402,0.9327118138938908,0.09592474806413341,0.9173376559848223,0.27806692139141664,0.4970570872049041,0.10623357883951326,0.5987344749202469,0.9773069533170755,0.41609880548401956,0.15688369886814804,0.7901023751107259,0.8629033290322577,0.26355605657955544,0.0,2.0
2021-05-01 19:19:53.460,0.8808937853188415,0.9913975982450505,0.061477254642411994,0.9136466741363619,0.3212771274095296,0.5019581961206626,0.08145789503142979,0.540069497864204,0.9633000161158055,0.3249574364473201,0.0752401243578354,0.7397610991340567,0.8346772645161282,0.30390914936971675,0.001926757639301601,2.0
2021-05-01 19:19:53.480,0.898466368805344,0.9493544492253166,0.08842104675460258,0.909512139273162,0.3704171442873457,0.5065748297780396,0.05997007229482673,0.475553119653994,0.9442693636384076,0.30643101601931083,0.08191036382266693,0.7103242320819112,0.8225808516129038,0.35561159793082253,0.011560644487063086,2.0
2021-05-01 19:19:53.500,0.9263234897553285,0.8902017271724838,0.14041116528218922,0.9048611745288239,0.4226747729193768,0.5110590214902156,0.041538338875289425,0.40993634092280895,0.9206895033598829,0.2879045955913015,0.08858060328749846,0.6808873650297657,0.8427420903225814,0.4110970359523461,0.005780371569158563,2.0
2021-05-01 19:19:53.520,0.9540203478414999,0.9361388896900342,0.17054146580536145,0.8993340943959803,0.47605887352719195,0.5156748651366713,0.025416476915116122,0.346553787887649,0.8932280469946041,0.2029386564556785,0.08217716623819299,0.5315699512041463,0.8548385032258058,0.4817149483351284,0.01926777369552311,2.0
2021-05-01 19:19:53.540,0.9719489050574867,1.0,0.1564875527488086,0.893006510877754,0.5319071486935978,0.5203489828101524,0.012729765387352458,0.2846864451060269,0.861212568281806,0.0839012032309659,0.02134469116260953,0.46757677784110147,0.8185484387096773,0.5422445875203704,0.02601157340995942,2.0
2021-05-01 19:19:53.560,0.9726355573276012,0.9615451716243654,0.19005334540173338,0.8856079910876622,0.5940497082697022,0.5252325058570845,0.002041914779146103,0.1914933304148233,0.7990221085424405,0.07836459047072479,0.02454643370974379,0.42832763108342226,0.8104836129032252,0.5977301546717905,0.05780341973782323,2.0
2021-05-01 19:19:53.580,0.9837716868506905,0.8749734004650754,0.24979441652972798,0.8759456447180628,0.6615251616863084,0.5309942078656421,0.0010209573895730414,0.14024290696224223,0.749950531074356,0.11110519557272466,0.048559236382092016,0.375853226257881,0.8225808516129038,0.655737628710225,0.066473977091561,2.0
2021-05-01 19:19:53.600,0.9926618688714588,0.8020810791674837,0.2959754273842677,0.863763265600962,0.7292227423531339,0.538022373560727,0.0,0.08899248350966119,0.7008789536062716,0.14384580067472455,0.07257203905444025,0.3233788214323397,0.8024196129032263,0.709962113288241,0.09537573628609963,2.0
2021-05-01 19:19:53.620,1.0,0.7900818697920645,0.3328961468072885,0.8384519296464726,0.8237885758773558,0.5525855110642722,0.00821537895671105,0.038452075469680616,0.6261719172732757,0.16226570655183714,0.10245467831276572,0.15017064846416386,0.7943547870967743,0.76040360840584,0.13005776839854266,2.0
2021-05-01 19:19:53.640,0.99882948645196,0.7966325294127642,0.34418671216749774,0.7950974828276243,0.9142465939442442,0.5773888604171461,0.019752084373283012,0.016711011106350763,0.5754689167580277,0.13330493874907848,0.08964783042049827,0.08532420414636671,0.7620967225806453,0.8083228092467337,0.15703276995377982,2.0
2021-05-01 19:19:53.660,0.9844193573715901,0.7192878477507136,0.34357145151200214,0.7063701234102707,0.9726100005343628,0.6277672925772717,0.03491440105181034,0.0034828940722819272,0.5220562582977212,0.10839008546315536,0.09391678262973671,0.0426621020731834,0.7540323096774192,0.848675902036895,0.2003853594199606,2.0
2021-05-01 19:19:53.680,0.9754581719767658,0.5810663825352022,0.356051797935669,0.35183067560031117,1.0,0.828072208578232,0.05334838704518741,0.0,0.4668425674295667,0.11307496527557663,0.13767345323609034,0.0,0.7540323096774192,0.8915510308439669,0.22639693282992004,2.0
2021-05-01 19:19:53.700,0.95935999799508,0.4765315101322507,0.35584014765105937,0.11023397491659213,0.9543164531013306,0.9651661048748527,0.07489030353775175,0.006781463772681095,0.4122632582119588,0.12968485584621176,0.15474922713125275,0.032423180255581746,0.719758038709678,0.9293820876172173,0.29479768729103323,2.0
2021-05-01 19:19:53.720,0.9351261586333357,0.4620215960954417,0.3635413700630158,0.05066560253484058,0.8936946487623452,1.0,0.09836025417988378,0.023234552351522244,0.3600297597129367,0.1350084569346298,0.15581645426425259,0.068259385665529,0.702620903225807,0.9470365657129128,0.3350192635316916,2.0
2021-05-01 19:19:53.740,0.9387688047781367,0.4519634801097999,0.37418084877800534,0.025579439466289728,0.8314391802501976,0.0,0.12415042715516601,0.048826783550538856,0.3100899778942849,0.13160133341367394,0.15474922713125275,0.09385665529010243,0.6854837677419358,0.9646910438086088,0.37524083977235,2.0
