2021-05-01 19:23:49.120,0.5175530440159483,0.5374540691552173,0.7749820362039529,0.3377787413091768,0.11212962359490151,0.1990701869103761,0.9515968268679833,0.9069237902703624,0.38994773898641755,0.9513297627571081,0.8471121234491723,0.27343749562867725,0.48701315108790094,0.3358350564900167,0.012909670672245573,2.0
2021-05-01 19:23:49.140,0.21733224845772317,0.41383148167441647,1.0,0.37369727351949045,0.08796846167035624,0.21661608682924147,0.9390128268104244,0.9289412616006385,0.43700687018421264,0.9549038197566898,0.7746319449361873,0.330078119723189,0.46753254525216403,0.3452158939374413,0.013902655773991182,2.0
2021-05-01 19:23:49.160,0.028986874994110463,0.2971534674106986,0.4896709551774932,0.3954802792614271,0.06933364265120816,0.2289426671374969,0.9219553780967356,0.9451037627053932,0.46823749288170774,0.9515400017078177,0.4518686592652161,0.31249999500420267,0.41558448466859027,0.3395873530449779,0.009930511990643466,2.0
2021-05-01 19:23:49.180,0.427599171704893,0.4250641983159573,0.4423185327352044,0.4220002999787468,0.05764674711923534,0.2405129880190231,0.9096362472103542,0.9548791923032824,0.49530922095365665,0.9725638627063999,0.570781442868417,0.25000001198991373,0.4025974695226968,0.3358349604299956,0.012413076433190128,2.0
2021-05-01 19:23:49.200,0.5660643397746373,0.42622609497279634,0.9267684418595303,0.45045881003078525,0.04554568003355637,0.25383363706673934,0.8933739129211938,0.9646994317527141,0.5247270679587575,0.9862293721317706,0.7497168835723487,0.23437501223970358,0.40909106021254027,0.33395881215251555,0.007944389254878215,2.0
2021-05-01 19:23:49.220,0.20577888369722394,0.3015892809188375,0.8774694918857286,0.4792273619208922,0.03251978176304757,0.26868656255616613,0.8714514268072848,0.9749191048252687,0.5552480546769508,0.9809734069681665,0.6625141687989137,0.27539062059745356,0.3636364240850165,0.32457797470509103,0.00198612273576525,2.0
2021-05-01 19:23:49.240,0.10757538481383956,0.1975067205913835,0.3907912385907227,0.5084262419082991,0.01856174142015746,0.284272050711405,0.8435836677855773,0.9854564732345233,0.5843085949533463,0.9679386133624281,0.1902604685965856,0.32617186019370553,0.347402696711098,0.3330206899837639,0.004965255995321661,2.0
2021-05-01 19:23:49.260,0.4711567573532576,0.345562028550583,0.45119883386503595,0.5406576938113536,0.011779802447359908,0.29781647787349314,0.8236169669323969,0.9904188416116526,0.6084939917533504,0.942499741970584,0.32163077361204084,0.24023437115948076,0.3311689693371796,0.3414634052624368,0.007944389254878215,2.0
2021-05-01 19:23:49.280,0.6558464328772833,0.41003489198154836,0.8852047324578645,0.5771257851744775,0.006275790980301801,0.31368156592326096,0.8000775328543732,0.9943694702474379,0.6355138606973989,0.9326185274630081,1.0,0.2832031124792828,0.33766272626081745,0.33020632347751105,0.010923497092389075,2.0
2021-05-01 19:23:49.300,0.3003056872798709,0.27684306163137395,0.8008077726609814,0.6060486754095941,0.0031378954901509284,0.32863314748705746,0.7687273361729069,0.9975713814338667,0.6674011361918165,0.9397666400855098,0.8335220899779876,0.4785156173501853,0.32467521241354175,0.3311445417062839,0.014399199168955235,2.0
2021-05-01 19:23:49.320,0.155100916012569,0.12542190141281812,0.35825394453656856,0.6349715656447106,0.0,0.343584729050854,0.7331518728235529,1.0,0.6968948496330656,0.9298854255779339,0.5753114540254787,0.5292968665383682,0.3441558182492796,0.32645421904259325,0.016881814455593433,2.0
2021-05-01 19:23:49.340,0.5759134274856043,0.2189600485290283,0.39638672575970085,0.6886930666973713,0.00203831454501261,0.36942819317500736,0.7088525628111779,0.9973636090149127,0.7221384172828333,0.9256806517262235,0.5028312662428285,0.5273437415695919,0.3181821204250796,0.3470919461549002,0.0218470450288694,2.0
2021-05-01 19:23:49.360,0.6936010984069773,0.2642985637808129,0.8450910466758065,0.7236391851466399,0.007352227297469649,0.3856966424052161,0.6810962669766126,0.993602231468926,0.7476264194355815,0.926311367545856,0.6591166604311175,0.4257812383972606,0.2987015145893427,0.3470919461549002,0.0218470450288694,2.0
2021-05-01 19:23:49.380,0.6561940007503717,0.26233211575250626,0.71798292513691,0.7569803213226136,0.014162135302108482,0.4019694236030849,0.6502800928530128,0.9886874999732288,0.7725873191336882,0.9286239939386689,0.8080407776829996,0.27050781217215075,0.3051949390453927,0.3527204870473625,0.02383316776463465,2.0
2021-05-01 19:23:49.400,0.43267254406746475,0.17525621895890625,0.43662861109190026,0.7901546308349442,0.02228363217174811,0.4191224247167709,0.6136401491168628,0.9826890565530195,0.7975875997295474,0.9386103277495168,0.8400339812480053,0.21533202980590233,0.31818195419128614,0.3489681904924019,0.024329685737553147,2.0
2021-05-01 19:23:49.420,0.5049406509945605,0.16048975838039095,0.47054607147415384,0.8346781160667733,0.037614141134158605,0.4428795932955729,0.5760119088109633,0.9751607159353249,0.820813155381064,0.9485966615603648,0.8720271848130109,0.16015624743965381,0.3311689693371796,0.3452158939374413,0.02482620371047165,2.0
2021-05-01 19:23:49.440,0.5300871241701658,0.15542136446248217,0.4653637636809106,0.8545966482241528,0.04619093427737279,0.4539195855215989,0.5367117370498957,0.966707896565544,0.8417775846547959,0.9655208694732115,0.8686296782991477,0.0771484362666625,0.3084414850396233,0.3302065155975539,0.02085405992712379,2.0
2021-05-01 19:23:49.460,0.5400214185034423,0.1278666746371994,0.458429580678354,0.8745151803815322,0.05476772742058702,0.4649595777476248,0.4961116819764688,0.9572436972582236,0.8606065387942365,0.9656259886904424,0.8550396457549295,0.007812499875105004,0.29220775766570584,0.3414634052624368,0.01986097313719554,2.0
2021-05-01 19:23:49.480,0.5490526594756301,0.17455652849847877,0.4246831349104699,0.8982190539042875,0.06748547373558303,0.4785974115595414,0.45459451044825316,0.9466684180925914,0.8774253404045532,0.9540628649863477,0.8573046531873932,0.0,0.3051949390453927,0.33208256781501333,0.01787490124552168,2.0
2021-05-01 19:23:49.500,0.5710753892923603,0.23791620192451537,0.38384698424391844,0.9197935472117932,0.08135162365012545,0.4913825098825817,0.41271888580309085,0.9347599173422149,0.8924747811164305,0.9431304577902164,0.8539071401847647,0.0312499835138686,0.27922090875360583,0.33208256781501333,0.02085405992712379,2.0
2021-05-01 19:23:49.520,0.5999532799751387,0.28256175170705505,0.3536281506974421,0.9390635870317827,0.09675142575208821,0.5032523579904405,0.37105291872810464,0.9210852025402718,0.906200689455358,0.9269420833654884,0.824462068590831,0.10156251436291744,0.28571466567724363,0.32457797470509103,0.026812275602145507,2.0
2021-05-01 19:23:49.540,0.6521355048269641,0.3563548934724683,0.33569028502188647,0.9557724419505166,0.11342040575212187,0.5141142071649061,0.3302539771255595,0.9057689656939921,0.9185280244801018,0.9113318672597908,0.7953001208402806,0.15966797818737347,0.28571466567724363,0.32270173036758876,0.032770592965349864,2.0
2021-05-01 19:23:49.560,0.6744438655596926,0.396265647361579,0.32839465625592773,0.969763746796034,0.1313832173704937,0.5238510620138566,0.2911658985602419,0.8886888449541156,0.9297104726980507,0.8957216511540932,0.7661381730897303,0.2177734420118295,0.27922090875360583,0.3395873530449779,0.03773582353862583,2.0
2021-05-01 19:23:49.580,0.6967522262924212,0.4361764012506898,0.321099027489969,0.9811256093378365,0.15051459812744428,0.5325618605823544,0.2538690962856178,0.8698718141836087,0.9398455449997358,0.8763271418514277,0.7449037462544875,0.28369140171475266,0.2597403029178689,0.35834902793982587,0.035749751646951974,2.0
2021-05-01 19:23:49.600,0.7279199766067646,0.48965360106552774,0.2980931295177111,0.9899420279711955,0.1709131472657804,0.5402758689032114,0.21865941827548224,0.8491353786085502,0.9491817755120054,0.8569326325487621,0.7236693194192447,0.34960936141767585,0.272727151829968,0.3658538131697905,0.03872891032855408,2.0
2021-05-01 19:23:49.620,0.751689539160685,0.543061150018481,0.2784162727996789,0.9981930245707133,0.20413389849109173,0.5501558582483665,0.18688423259343948,0.8245147743485207,0.9575422871885111,0.81551562189708,0.69535674968761,0.4296874899334683,0.27922090875360583,0.39212008117456076,0.04170806901015633,2.0
2021-05-01 19:23:49.640,0.8026518884362758,0.620100207263762,0.25665170028424206,0.9990965122853567,0.23057554126905322,0.5553013569495899,0.1551090469113967,0.7998941700884912,0.9659027988650171,0.7580679170661984,0.6647791720600282,0.49218749093262776,0.2613637421487786,0.4127580004069105,0.04716981755635094,2.0
2021-05-01 19:23:49.660,0.8293928927924036,0.6910157987292423,0.24794377516715588,1.0,0.25701718404701474,0.5604468556508133,0.127345504429857,0.7688232992571526,0.9742368161652627,0.7006202122353167,0.6342015944324464,0.5546874919317872,0.24350657554395047,0.4333959196392602,0.05263156610254541,2.0
2021-05-01 19:23:49.680,0.8561338971485315,0.7619313901947228,0.2392358500500697,0.9965226510093583,0.2820217096297598,0.5633160063511583,0.0995819619483173,0.737752428425814,0.9825708334655083,0.4581099890511689,0.5203850594764422,0.6669921800344053,0.23376660509366987,0.5046905147837334,0.07447861113141481,2.0
2021-05-01 19:23:49.700,0.8781434876603724,0.9090973967419271,0.21266364792380163,0.9930453020187168,0.30702623521250494,0.5661851570515034,0.07611096903068146,0.6962753652758202,0.9910102656865409,0.27225905570364417,0.4348811081565702,0.6308593713093547,0.21428599925793204,0.5647280281432808,0.09433963511270159,2.0
2021-05-01 19:23:49.720,0.9041057985443737,0.9035725076253184,0.20039291084930538,0.9833963520265876,0.34804818042225844,0.5692262965475395,0.04652516191718315,0.6178193890559962,1.0,0.24356145923754569,0.418459808442557,0.6240234307213275,0.23376660509366987,0.637898675505213,0.12313803345061235,2.0
2021-05-01 19:23:49.740,0.9411765978279275,0.9003023786806637,0.20114631376561504,0.9715089074858487,0.39468165015129786,0.5720165887426862,0.03493513869411875,0.5725101623871668,0.9999782625242605,0.21486386277144703,0.40203850872854374,0.6171874901333002,0.24025969708213202,0.7448404721619022,0.17676263549899476,2.0
2021-05-01 19:23:49.760,0.9568654388771447,0.8809648005686382,0.22683257050837352,0.9584229883286655,0.4442421646820244,0.5748517858228053,0.023345115471054355,0.5272009357183375,0.999956525048521,0.19636288948713956,0.37089468665857805,0.6035156153518664,0.24350657554395047,0.7861162625965911,0.1996027673177924,2.0
2021-05-01 19:23:49.780,0.9662793792833474,0.8927969971434172,0.24952313887246866,0.9446977480519173,0.49446889029166424,0.5781325947964425,0.011663506921460821,0.4646331678854544,0.991155757772721,0.18311785555402996,0.30464325031239003,0.5449218662885783,0.24675345400576892,0.8273920530312799,0.22244289913659004,2.0
2021-05-01 19:23:49.800,0.986210721019565,0.8340546653670612,0.26477396774797884,0.9226574327978325,0.571106295702137,0.5838239473753466,0.0038707968902481535,0.40210267058662436,0.9755605880542808,0.20419428317359767,0.30605887416413935,0.5659179597029232,0.20779224233429514,0.8686678914959793,0.26911619872002235,2.0
2021-05-01 19:23:49.820,0.9989192214845333,0.8535027104919617,0.2819832141159685,0.8998465750504759,0.6465450572501921,0.590644554702623,0.0,0.312178836197462,0.938927134560935,0.2252707107931654,0.30747449801588855,0.5869140531172681,0.20779224233429514,0.9174483230706011,0.293942402430494,2.0
2021-05-01 19:23:49.840,1.0,0.8868788883517313,0.2940429494177703,0.8838345446303584,0.6945018836364942,0.596223845675111,0.00293885737683043,0.23166082152060796,0.8916186727061107,0.2457689534208833,0.3148357661461135,0.6015624903830901,0.19480539342219513,0.9380862423029508,0.3336643487048851,2.0
2021-05-01 19:23:49.860,0.986383324825538,0.9713365957271783,0.29879904154244624,0.8662883524745177,0.7413977634042803,0.6028467901438308,0.00943676955760727,0.1841235714753826,0.8538723328667319,0.23546722212119628,0.2797281796788865,0.5800781157265511,0.21428599925793204,0.9662289467652657,0.36345580332626926,2.0
2021-05-01 19:23:49.880,0.9824050658302826,1.0,0.30234716103759685,0.8460451849767737,0.7881473315914638,0.610932825827236,0.01996848321764859,0.1405498116241473,0.8114208391178088,0.2419846825946674,0.21177801232296306,0.5839843656641037,0.2207790912463942,0.9756097842126896,0.4071499543969177,2.0
2021-05-01 19:23:49.900,0.9589916278430098,0.8760102594693907,0.34534083497502993,0.8264487807449746,0.8215978342998206,0.6191384963448461,0.031289723017291174,0.11340964219938926,0.7765359601487596,0.25396827714479014,0.16336351808186764,0.6274413962193756,0.18831163649855825,0.9812381329851092,0.4448857982731801,2.0
2021-05-01 19:23:49.920,0.9348958323841249,0.8377136462390533,0.35031216599078474,0.8068523765131757,0.8550483370081774,0.6273441668624562,0.04261096281693383,0.08626947277463129,0.7416510811797102,0.265951871694913,0.11494902384077209,0.6708984267746475,0.2207790912463942,1.0,0.49155909785661245,2.0
2021-05-01 19:23:49.940,0.9108000369252398,0.7994170330087159,0.35528349700653966,0.7518283779557303,0.9169898474264944,0.6509525362800889,0.061817045765232816,0.05987649306085527,0.6910957492498483,0.2373594435756582,0.02944509106023041,0.7460937540590854,0.2305197266318514,0.9953095812762883,0.5486593816439245,2.0
2021-05-01 19:23:49.960,0.8635035884902504,0.915850954568209,0.3210295666741434,0.6925545551154755,0.9544742926335763,0.6763204322809925,0.08102312871353183,0.03348351334707925,0.6405404173199862,0.18185640326484,0.0,0.7558593789029667,0.21428599925793204,0.9756097842126896,0.6226415103932847,2.0
2021-05-01 19:23:49.980,0.8654756145596674,0.9482401826676994,0.3280829796827703,0.6153751548348171,0.9696495284223842,0.7092704563066412,0.11573091169414228,0.008158151476544858,0.5548920669576638,0.13665509425370867,0.05889008942381007,0.6054687403206426,0.21139995895133504,0.9499687388670439,0.6550810987208354,2.0
2021-05-01 19:23:50.000,0.8674476406290843,0.9806294107671896,0.3351363926913971,0.5381957545541588,0.9848247642111921,0.74222048033229,0.16037546652163556,0.0,0.4609938376693215,0.10091453687729049,0.11947901491355946,0.4039713466427876,0.20851391864473806,0.9243276935213988,0.6875206870483862,2.0
2021-05-01 19:23:50.020,0.8265998598435106,0.9596970695670268,0.3684793109680137,0.4610163542735004,1.0,0.7751705043579389,0.1961420107883741,0.008755804156504891,0.3965045602884642,0.06517397950087231,0.18006794040330884,0.20247395296493267,0.20562787833814108,0.8986866481757531,0.7199602753759368,2.0
2021-05-01 19:23:50.040,0.7978131827970328,0.8994330832433045,0.38200409631780274,0.13078711314784577,0.9666710580644348,0.920278916992373,0.23190855505511263,0.017511608313009887,0.33201528290760696,0.04120677032431096,0.20045298443030907,0.15234374756454877,0.18181854451009608,0.784240162349121,0.8093346558491591,2.0
2021-05-01 19:23:50.060,0.7589973139809925,0.9050865863593939,0.398472149065755,0.03586609171961413,0.9023827566516527,0.9686957539590508,0.2697873156806212,0.04412172676699001,0.2720546228648222,0.025859367534030557,0.18686294168945936,0.2480468710345858,0.19480539342219513,0.7242026489895735,0.8391261145380707,2.0
2021-05-01 19:23:50.080,0.7106296177052761,0.9296006477623396,0.3786123244224676,0.010307289852832123,0.8513762736693373,0.9869980367545008,0.3076660763061297,0.07073184522097015,0.21209396282203735,0.0,0.17893545924326182,0.2675781207223485,0.2207790912463942,0.6435272163976764,0.8778550126640429,2.0
2021-05-01 19:23:50.100,0.685601635614364,0.8609754344463769,0.36442541175378707,0.00015128744807090048,0.7968020853810226,1.0,0.36286832807017994,0.13293942431676897,0.13146899967200226,0.013034834905588268,0.21064553734269287,0.22070312147171808,0.20779224233429514,0.5628517838057786,0.9056603750561166,2.0
2021-05-01 19:23:50.120,0.6767340508475419,0.7688892210850642,0.389463131243587,0.0,0.7424272771158903,0.0,0.39966040397208913,0.18312112381005952,0.08684092871742789,0.09145378524257733,0.2831256973163477,0.15820312247087756,0.19480539342219513,0.45778613542657054,0.9414101267030686,2.0
2021-05-01 19:23:50.140,0.6599192517018514,0.7369350583452426,0.4002131513604184,0.006378447398095171,0.6915850740773792,0.008458924389264084,0.43675851512360775,0.23473251228580072,0.05214693709219084,0.2606959237395795,0.42355607099425124,0.18554688002702113,0.19480539342219513,0.3977486220670231,0.9503475641063657,2.0
2021-05-01 19:23:50.160,0.6381334258969991,0.7834829880858448,0.4097583637579579,0.01732037089785357,0.6455685416089821,0.01606685842170138,0.4738088000402912,0.2847870411234331,0.027143353402644666,0.48375909732873024,0.5832389642806712,0.1679687633013105,0.1688310306628204,0.32270173036758876,0.9652432944677033,2.0
2021-05-01 19:23:50.180,0.6123443880575733,0.7552641441920162,0.40370297341592626,0.030828251048503015,0.6055567968570931,0.023242016539923863,0.5104655208951983,0.3304669496647328,0.010970782855205847,0.6115841804325463,0.6681766827452406,0.14648438864477156,0.15584418175072134,0.2739212987929681,0.9791459756637402,2.0
2021-05-01 19:23:50.200,0.5915558293511595,0.6698460567932616,0.39201267243158394,0.04506544343532252,0.5735279548766078,0.030352672108598145,0.5469340878349209,0.368221928128619,0.0027481405267509524,0.6635130801115869,0.7293318333655717,0.21484376255194088,0.1298704839265223,0.2307692159907664,0.9801390268628044,2.0
2021-05-01 19:23:50.220,0.5593341447572538,0.675889504502067,0.3870673407396829,0.059163917278229894,0.5474699538550853,0.0374097672740156,0.599930986520746,0.4145485954301775,0.0,0.6862188771515902,0.7836919672503104,0.25781251186501875,0.1298704839265223,0.20262670364849383,0.9870903649186183,2.0
2021-05-01 19:23:50.240,0.5154187722013558,0.7796463165131203,0.3672726329177831,0.07337555423286951,0.5229247513984164,0.044179308446253916,0.6503126496205035,0.4582061238893021,0.0028515223460275608,0.7259539617426483,0.8221970639392666,0.2480468710345858,0.13636357591498446,0.16885565041376005,0.9821251190921149,2.0
2021-05-01 19:23:50.260,0.5006985088282401,0.7155328846299558,0.35840752714944807,0.08807891612181717,0.4996575898248876,0.050855083841811095,0.6825933223142874,0.4845319059592791,0.008171842641396488,0.7562283176433542,0.8516421373871333,0.22851562134682316,0.14935075729467134,0.13508459717902516,0.9821251190921149,2.0
2021-05-01 19:23:50.280,0.490779221573088,0.6395015271033053,0.34324187547202156,0.10974810264515308,0.46841787097227505,0.06080828456269089,0.7136730819796084,0.5095375587340445,0.015535680611227171,0.7831388696059699,0.8561721494711614,0.2109375126143884,0.11688297007924663,0.11444667794667489,0.9890764622323379,2.0
2021-05-01 19:23:50.300,0.4766447290053621,0.5889323381853775,0.3314845226925787,0.12354582113924707,0.44964489474883995,0.06727083540369022,0.735246651852874,0.5267197682063938,0.02264095263004372,0.80836750239127,0.849377132735569,0.22070312147171808,0.09740269671109757,0.09005627003932119,0.9870903649186183,2.0
2021-05-01 19:23:50.320,0.46204043093874997,0.546487468922994,0.31844185177311857,0.1373435396333411,0.4308719185254049,0.07373338624468954,0.7568202217261397,0.5439019776787428,0.02974622464886027,0.8331756631259629,0.839184606705214,0.24609374606580958,0.09090927225504757,0.09193251437682345,1.0,2.0
2021-05-01 19:23:50.340,0.4487753988224376,0.509090806949874,0.3024686911772301,0.15012272186444256,0.41449388370104895,0.07984799787621352,0.7959214104814804,0.5752235845111315,0.046221198157965375,0.8563019081249942,0.8629671662067538,0.30664061370325313,0.08441584779899756,0.06379000203455143,0.9900695108891977,2.0
2021-05-01 19:23:50.360,0.4343687830833547,0.499219370715885,0.28205517833096977,0.16290190409554403,0.39811584887669293,0.08596260950773749,0.8197435946072518,0.594278034391818,0.05847316917329043,0.8861557971375743,0.9105322796480342,0.37890624394259564,0.051948060583573784,0.04502832713970396,0.9930486568597771,2.0
2021-05-01 19:23:50.380,0.41804871259914506,0.43959650798830463,0.2632712529410739,0.18051609942984495,0.3768178365514175,0.09494326384920798,0.8364739978369616,0.6064604172267779,0.06841511771950168,0.9166403916448242,0.9320498419137416,0.41992186349093175,0.058441817507210676,0.039399786247240554,0.9831181702911792,2.0
2021-05-01 19:23:50.400,0.40678574958933095,0.38267752295474344,0.24820282097964522,0.19120504845901556,0.364749688007548,0.10086024348463928,0.8532044010666714,0.6186428000617377,0.07835706626571298,0.9328287643487252,0.9139297880158304,0.43554686483979704,0.06493490949567284,0.04127583846469945,0.9821251190921149,2.0
