2021-04-25 21:21:19.360,0.7521008470039028,0.7131559693144257,0.7507212736114972,1.0,0.8450850063228065,0.8924166997307638,0.10023102662411636,0.12693508473675075,0.8412194560319732,0.347483463816796,0.618529334743934,0.6665092021257017,0.9755766981517703,0.9641349458954346,0.2497094979540452,7.0
2021-04-25 21:21:19.380,0.5813277156889229,0.56227310740313,0.13101438533691787,0.9985751448185444,0.8513201901758902,0.9002549359973547,0.08458423588034808,0.10610218313090969,0.8212632279941396,0.4026436067541924,0.653126029005669,0.6447803404450908,0.9864315144111666,0.947257311499237,0.23809512482715656,7.0
2021-04-25 21:21:19.400,0.9649736493812272,0.7160984863569387,0.6075883480401463,0.9947395745126922,0.8749031151627229,0.9185283182183174,0.07798569489008822,0.10593027739901598,0.8199792072745059,0.3868835665093959,0.6191772118530381,0.6386395751875269,0.9864315144111666,0.9493668807776862,0.2288037214708343,7.0
2021-04-25 21:21:19.420,0.48876940697945365,0.4669133893995508,0.48524072960980436,0.992185292813284,0.8813594817211284,0.9330766567474374,0.06599311182355753,0.10034381227148832,0.8127432126008117,0.38078290576947466,0.6225461793960456,0.5932923855932085,0.9905020878761466,0.9556960206804759,0.23809512482715656,7.0
2021-04-25 21:21:19.440,0.8575902174575781,0.7022835700399317,0.19818323894772003,0.9925420971602775,0.8978987071567571,0.935949841764678,0.06379904829206574,0.08589638071179788,0.799355966796909,0.3779867695970108,0.6207321183997156,0.5616438261888405,1.0,0.9725736550766735,0.2566781694027724,7.0
2021-04-25 21:21:19.460,0.7386009551068823,0.7040008845574136,0.7474906023240561,0.9924398830946772,0.8997310683974132,0.939875962401398,0.05976569381295006,0.08430292092446448,0.7970036514868138,0.370615137869606,0.5847100921646509,0.5106282378952324,0.9925373051378122,0.9778480103402373,0.25203246772461124,7.0
2021-04-25 21:21:19.480,0.5165848219098403,0.5972874787458834,0.14299695982388863,0.9894263745526884,0.919362544684221,0.9489353124557176,0.05142742967565283,0.06736523897076185,0.7792926808879943,0.38332484774444187,0.5983155340464319,0.4459140155452995,0.9888059577067184,0.9804850799551591,0.24970961688553053,7.0
2021-04-25 21:21:19.500,0.9281673546695188,0.7675952226659088,0.45054274525091914,0.9918807627070174,0.9252330601217151,0.9429464090028812,0.057991798977054296,0.062340260771760546,0.7761470527855447,0.37341127404206986,0.5895043906203968,0.44213509081185515,0.9850746102756242,0.9831221495700814,0.24738676604645013,7.0
2021-04-25 21:21:19.520,0.4972724738348286,0.6418198555987175,0.556526909214293,0.9913173903476239,0.9311180318058195,0.9449946684143403,0.056218223306720466,0.057322067262569436,0.7709215441304293,0.32689373590017046,0.5809523987804175,0.4317430265298239,0.984396227678677,0.9894513974897315,0.2729384226050503,7.0
2021-04-25 21:21:19.540,0.6655912603025513,0.823490321155886,0.0,0.989304873765629,0.9659246224819961,0.950966522601672,0.052343462195304266,0.028021711233548404,0.7409266564518832,0.31342144343284445,0.6159378210045611,0.43552195126326826,0.9769336022873132,1.0,0.2868755871052769,7.0
2021-04-25 21:21:19.560,0.8839478117995836,0.9889457596151873,0.5588337784983772,0.9913906743310357,0.9747834445196025,0.9479757510273487,0.05591724106284903,0.020676126809158854,0.7342919770009786,0.3744280508320567,0.6338192563669715,0.4704770804419297,0.968792455357354,0.9936706440634906,0.27758418374895427,7.0
2021-04-25 21:21:19.580,0.4669274900641114,0.719453642795684,0.28547772715203296,0.9889537665049454,0.9861362889258883,0.9609921708941476,0.043753476738858196,0.011320268409759813,0.721230998891676,0.4529740620197598,0.616585698113665,0.503070372962846,0.9742197940162278,0.9873417201944219,0.27293848207079313,7.0
2021-04-25 21:21:19.600,0.7935711461570835,0.8087481038733477,0.13513867967660678,0.98913965826264,1.0,0.964244438146521,0.04160633145686478,0.0,0.7084908000151245,0.4999999927178699,0.620602543826368,0.5219650391601864,0.9769336022873132,0.9957804293756596,0.2613239900124192,7.0
2021-04-25 21:21:19.620,0.7454417034702624,0.7339320809545014,0.37708970146336745,0.9895313676847814,0.9940635572549573,0.9669450427471541,0.03847698607473358,0.004836016510779521,0.7127671005558678,0.505465163802832,0.6179462433306169,0.5351912989254881,0.9796471326751017,0.9662447312076048,0.24041809459772262,7.0
2021-04-25 21:21:19.640,0.7275979516919769,0.8327750484817108,0.32861586920728114,0.989364401369902,0.9874348351368591,0.9712346606206602,0.033727583657534116,0.010253227858581408,0.717083102066148,0.5165226176357651,0.6187884828300381,0.5096835047786841,0.9796471326751017,0.9514766660898564,0.22415790086118753,7.0
2021-04-25 21:21:19.660,0.6984655089443934,0.8630424189326661,0.3118118370987364,0.9887759896214094,0.9806902498269053,0.9763331089698171,0.028102381819512533,0.015800748328131973,0.7211375964451332,0.4989832117666657,0.6182701834760559,0.5219650391601864,0.972862889880685,0.9388183862842783,0.21254340880281355,7.0
2021-04-25 21:21:19.680,0.679668739810022,0.8249391972369949,0.32255492543279557,0.9883469851269363,0.9733160288792055,0.9814303764583627,0.01992939528868223,0.023876144604430855,0.7267908600414787,0.4687341001839477,0.603109833244592,0.5342465658089399,0.972862889880685,0.9367086009721081,0.2218350500221068,7.0
2021-04-25 21:21:19.700,0.694040340969176,0.7243304093461395,0.3523930679823573,0.9880849747380077,0.9685377489709749,0.9859452434934579,0.014172428228191423,0.02745097612665003,0.7284456970187974,0.48118961794189546,0.596890202073102,0.5295229002261984,0.9769336022873132,0.947257311499237,0.18699181170995585,7.0
2021-04-25 21:21:19.720,0.70923110769282,0.787894946437816,0.3363078007331925,0.9876346548035358,0.9666160063353498,0.9890865098483774,0.011450894363001804,0.030959993465374504,0.731053817375573,0.5119471095971725,0.5988338362640108,0.550779395348535,0.9769336022873132,0.9261601064787001,0.180023259192714,7.0
2021-04-25 21:21:19.740,0.7061560425288975,0.8027921784851018,0.3471566418518787,0.9872064006570159,0.9624020317704508,0.9914221222426904,0.0083868137787676,0.0371059666535673,0.736170887827885,0.5053380563010406,0.5923550545670567,0.5758148221637901,0.9715061246867908,0.928269891790869,0.16376294652469323,7.0
2021-04-25 21:21:19.760,0.7307308758219655,0.7807063305589846,0.3520123838095627,0.9868395082986539,0.9550453374226232,0.9938046974635113,0.006012130808199975,0.04288116462065234,0.7410889275918567,0.4944077141311161,0.5848396677985899,0.5895134531270153,0.9701492205512483,0.9177213972974612,0.1660859162952593,7.0
2021-04-25 21:21:19.780,0.7348383068827191,0.8173698234384786,0.34227567551456023,0.9864107539201651,0.9481705179617937,0.9955187638751121,0.004103867270751642,0.04806042720440165,0.7455216164302331,0.4966954619085866,0.5854875459682853,0.5928200186482969,0.9701492205512483,0.8987341936228143,0.1498257225587242,7.0
2021-04-25 21:21:19.800,0.7355637199587889,0.8107411034401197,0.34007698572592054,0.985793773368128,0.9420331589751498,0.9968268267913655,0.0020160138311399243,0.05318262570064136,0.7497699488210792,0.4880528591936982,0.5852283947004072,0.5909305528018377,0.9647218818923741,0.8902952684078556,0.15679427507596605,7.0
2021-04-25 21:21:19.820,0.7362891330348587,0.804112383441761,0.3378782959372809,0.9851481962218813,0.9359854798900421,0.9983186316187237,0.00035479355760484587,0.05643583061781735,0.7523068177689513,0.4565327787041052,0.5816002769501128,0.5786490219000725,0.959294404291852,0.8902952684078556,0.15679427507596605,7.0
2021-04-25 21:21:19.840,0.7454185407547393,0.7533870668776088,0.3394328633247281,0.9845834065385766,0.9321574316726943,0.9995919181899768,0.00017739677880241283,0.05617211618650989,0.7519784549279871,0.4209455910545647,0.5743440403889328,0.5658951252133079,0.9606513084273944,0.883966128505066,0.14750287171964346,7.0
2021-04-25 21:21:19.860,0.7542948904422134,0.796660234618898,0.3453642298015169,0.983853262398958,0.9327780907915273,1.0,0.0,0.05590840175520256,0.7516500920870232,0.3970513344092646,0.5656624729150144,0.5588096268391957,0.9579375001563092,0.9008437629012636,0.14750287171964346,7.0
2021-04-25 21:21:19.880,0.7694434615233315,0.8042405899623851,0.3584341886753643,0.9833852953922577,0.9391960672732056,0.9976044471210618,0.0030442193672690515,0.05046180354657654,0.7474893450304615,0.40442296613666945,0.5593132679125908,0.5399149645082296,0.9497964226971739,0.8797466658975865,0.14401853599527986,7.0
2021-04-25 21:21:19.900,0.7891773493761571,0.8023745358487104,0.3623872955801209,0.9837517292046485,0.9419263149460019,0.9936427690000471,0.007778958406654028,0.04674337621839738,0.7456134084897663,0.4313675510713215,0.5532232120568625,0.5002361774795755,0.9430121799027577,0.8744724726593119,0.1422763681330979,7.0
2021-04-25 21:21:19.920,0.8150494965111724,0.7762542312134124,0.3691407258397411,0.984118163017039,0.9446565626187984,0.9896810908790324,0.015366335405033961,0.04494758728851435,0.7466031391997004,0.46898829854266166,0.5380628597042157,0.4496929518778671,0.936227937108341,0.8691982794210379,0.1405342002709163,7.0
2021-04-25 21:21:19.940,0.8510888140265144,0.7250117164637494,0.4000406406923814,0.9867137833305255,0.9440402531670872,0.9738977847054933,0.027527154286839422,0.046364833604392086,0.7521311376922468,0.5330452300700086,0.5184969368582315,0.4180443847407504,0.9050203229948707,0.8396623652192627,0.11730545401713932,7.0
2021-04-25 21:21:19.960,0.890536821252093,0.6377275156487014,0.4609728725868367,0.9895975928393016,0.9348404086983901,0.9570935713948324,0.044015885544822095,0.05415375173813591,0.7646920577701034,0.5645653188820362,0.4820862028119948,0.3920642163029233,0.8873812639410577,0.8248943001015144,0.10801381279784573,7.0
2021-04-25 21:21:19.980,0.9225962018251128,0.7052516402928573,0.5220364886058136,0.9929359742542835,0.9196541856003432,0.9345641561570072,0.06637588617002183,0.06711875549770205,0.782567682224369,0.574224690064477,0.43362490723404684,0.3519130665823694,0.8521031458334317,0.7995779565240778,0.09639943967095743,7.0
2021-04-25 21:21:20.000,0.9505090074408622,0.8812329258094062,0.579934907754076,0.9966124846894279,0.8999431573133853,0.9052060129422322,0.09638742245485116,0.08412050161570245,0.803529547651984,0.570411783343852,0.38218337101490873,0.29806328667186516,0.8208954622491371,0.7869194606847787,0.08246209677350272,7.0
2021-04-25 21:21:20.020,0.9537456767848687,0.8744746416818416,0.6542366473911421,0.0,0.8791372922256501,0.8693604777762033,0.13419267262621115,0.10229292980640425,0.8230085424293514,0.6961107984014143,0.31629415638422415,0.17642890758220767,0.773405762688221,0.7552741932382746,0.059233350519725766,7.0
2021-04-25 21:21:20.040,0.9762928651478039,0.8917716852327182,0.6847862599120018,0.004275427054979273,0.8478434415443024,0.8273369349581974,0.17987035476638294,0.13004244574638277,0.8458305856104985,0.7638535530745939,0.23654036058856331,0.06849317028162369,0.7191315424495911,0.7088606446403001,0.05691049968064503,7.0
2021-04-25 21:21:20.060,1.0,0.8022603157133841,0.7236113827581504,0.00880916834045207,0.8037506527139269,0.7798797529639601,0.23357046483473048,0.1699604778626112,0.870335417486341,0.807574963366464,0.1668286525598747,0.06613131815838101,0.6635006959587154,0.6518983855151977,0.07317069341718013,7.0
2021-04-25 21:21:20.080,0.9874503326109663,0.7486799700240024,0.8304916081415366,0.012832478483216619,0.7549171531589884,0.7273771550706154,0.2951330789991121,0.21523032445541676,0.8870786769527015,0.9265378602785795,0.11085195324399752,0.054322134869655356,0.5875169821429416,0.5991559130481556,0.07549354425626087,7.0
2021-04-25 21:21:20.100,0.9542809613154009,0.7074678349341046,0.9119509642398058,0.01410472122822733,0.7270417357191427,0.6990393935099899,0.3293826852901535,0.24170873414415636,0.8906035347633338,0.9510252401857197,0.09225785383933964,0.03621475657977027,0.5603799646513922,0.5759492107604095,0.08555938980092424,7.0
2021-04-25 21:21:20.120,0.9211115900198357,0.6662556998442069,0.9934103203380751,0.015376963973238043,0.6991663182792969,0.6707016319493645,0.36363229158119487,0.2681871438328958,0.8941283925739664,0.9755126200928598,0.07366375443468176,0.01810737828988509,0.5332429471598431,0.552742508472662,0.09562523534558728,7.0
2021-04-25 21:21:20.140,0.8361307986200762,0.4133717446054669,1.0,0.01555151019197623,0.6460335192555191,0.6262810477776203,0.4192078203149683,0.32045886434894993,0.888700196994699,1.0,0.05506965503002389,0.0,0.5061059296682937,0.5295358061849159,0.10569108089025067,7.0
2021-04-25 21:21:20.160,0.7309314032588496,0.19125628874464043,0.9295322782713986,0.015726056410714496,0.5929007202317413,0.5818604636058758,0.4747833490487417,0.37273058486500416,0.8832720014154317,0.9285714471482913,0.0,0.030940023099267168,0.35006778963011775,0.38818559111254525,0.19163763231960265,7.0
2021-04-25 21:21:20.180,0.43353886088895766,0.03200452214390335,0.7812782885397921,0.009135273266256658,0.41568581122259485,0.4303560845811093,0.6236969723973037,0.5222697992911328,0.8090917011383975,0.9072826753056588,0.007288641340726668,0.04723664616147906,0.2767978840854291,0.3248946241520952,0.2543554374951773,7.0
2021-04-25 21:21:20.200,0.20578979894229404,0.016094914337915354,0.5763588994041604,0.5029107155042026,0.3448882620658464,0.3576555587045171,0.7563478929793005,0.6488907623128585,0.6632059203347791,0.8859939034630263,0.014577282681453335,0.06353326922369086,0.18181820708029975,0.22362860174118854,0.4146341196543983,7.0
2021-04-25 21:21:20.220,0.13546720449510494,0.0,0.4846041975781733,0.9966861577421485,0.274090712909098,0.28495503282792495,0.8359294776881113,0.7310736157502288,0.5323771841223006,0.8124046593607274,0.06809201525592865,0.20358995955153775,0.11261873605894253,0.14767935497516033,0.5702671001354583,7.0
2021-04-25 21:21:20.240,0.04786443237560909,0.06688842146928235,0.37552764839754976,0.986708669848179,0.2133856860689546,0.21011430730716532,0.8763814693787909,0.7698812283778902,0.44439068271486337,0.6776817138813807,0.11603501041930303,0.2536608108622232,0.073270044486337,0.10548516096780519,0.6608594483881596,7.0
2021-04-25 21:21:20.260,0.0,0.18532574761996126,0.2926468972710865,0.9812793465947794,0.1891723749135789,0.1666919370837465,0.9090248658606417,0.7959741357608946,0.3596802178925928,0.5696491903483187,0.17265956139009045,0.26074631696908424,0.04884674263810732,0.09071731188377778,0.7677119665910991,7.0
2021-04-25 21:21:20.280,0.008577198655646772,0.324149141448333,0.23438611306397772,0.9773308767126622,0.1705286717828546,0.128474847668981,0.934918403135541,0.8160816019089876,0.2817256059274205,0.5366039592380059,0.23835441734252763,0.2843646448827917,0.029850779448751898,0.04535865594188951,0.8466898941443178,7.0
2021-04-25 21:21:20.300,0.03754483506478895,0.4215733295682322,0.2174190279301194,0.00767197433165255,0.13419527054851674,0.037226866940626276,0.9857953086930102,0.8553039502399864,0.08511868149662213,0.5388917049348676,0.3076773761969795,0.3235710730859205,0.01221172039493892,0.01687763439619762,0.923344947072159,7.0
2021-04-25 21:21:20.320,0.10696815233921966,0.5600159051387597,0.16258575141825576,0.9957275743368328,0.12920442155517886,0.05017146096074809,0.9795946513469141,0.8606917303034,0.11382994283602671,0.5289781312324957,0.3767412007530157,0.3750590240714284,0.014925389724376048,0.004219354590619473,0.974448331548251,7.0
2021-04-25 21:21:20.340,0.1434897903714106,0.6502627449276727,0.13170432168039473,0.9899715996078849,0.11083907899662229,0.0430194605828727,0.9830582360244651,0.8805314591299023,0.09799278898275757,0.4933909415023465,0.4420473181371302,0.4307982934132755,0.0,0.010548278459688207,0.983739877622356,7.0
2021-04-25 21:21:20.360,0.1728459832791151,0.7641441575163848,0.11001963310274959,0.9893045680683148,0.08583314761782794,0.022930836994001183,0.9920048114846785,0.9075176697351763,0.05298814129082086,0.44483984145803895,0.5068351351066712,0.49220594212254054,0.0027138082710852908,0.0,1.0,7.0
2021-04-25 21:21:20.380,0.21297966642021046,0.8519307124850511,0.09389635970506156,0.9895411222081707,0.06191833663304981,0.008694912852486799,0.9974780449201637,0.9333241245528294,0.020576654281969052,0.4046771603341662,0.5704567724313518,0.5588096268391957,0.0,0.006329139902789687,0.983739877622356,7.0
2021-04-25 21:21:20.400,0.2672286837165928,0.8596604289077707,0.0858076372039292,0.9905210488441503,0.04243258059138402,0.0006433919040194779,1.0,0.9543460995788868,0.001934814261659788,0.37086933206710265,0.626822174255444,0.6343882761630595,0.0,0.021097205020538048,0.9674796838858208,7.0
2021-04-25 21:21:20.420,0.3134745586841428,0.9180053652691141,0.10036985722969405,0.9916793637582939,0.025686398420548883,0.0,0.9994219455723502,0.9723950437227085,0.0,0.3347737560225687,0.6741172795826174,0.7071327338700274,0.0061058601974693615,0.021097205020538048,0.9605110481165391,7.0
2021-04-25 21:21:20.440,0.35715687266879853,0.9312532839043132,0.12692648575723936,0.992934195651728,0.012763590707095686,0.006337501771290816,0.9961013470665228,0.9862947004273657,0.013862145646457635,0.31342144343284445,0.7168772451460629,0.7723193150454856,0.01221172039493892,0.021097205020538048,0.9535424123472575,7.0
2021-04-25 21:21:20.460,0.3824825072797218,0.8796962335714277,0.1445202978069667,0.9942074249653436,0.004812345904113671,0.01852274337537177,0.9904515694802364,0.9948295184741139,0.04090307414170864,0.29130654825063,0.75639781880044,0.8238072698973679,0.015603876527559412,0.046413548597973385,0.8896631936452909,7.0
2021-04-25 21:21:20.480,0.38551905482850835,0.8401096465028606,0.16662119473527998,0.9952563002410063,0.0,0.037299785083368696,0.9816756108103891,1.0,0.08248034173464021,0.23792576469571067,0.8136054564118834,0.8923004131143708,0.031207683584294345,0.08227838666881912,0.8188153272808941,7.0
2021-04-25 21:21:20.500,0.4435779016106395,0.763134923364504,0.17656615697525532,0.9964263983970788,0.0021435756588252556,0.06151291861508664,0.9622893122013146,0.9909718199066444,0.16857043989709505,0.1766649568571758,0.870683532177076,0.947567308165195,0.03934876104342961,0.10126580637718571,0.7584204205169942,7.0
2021-04-25 21:21:20.520,0.47195967275136497,0.7034031608748067,0.18605961816562588,0.997718358618855,0.014666501842711954,0.0915214208114874,0.9346635266368373,0.9600913372173188,0.2772216656801404,0.1601423444229323,0.9108519680922773,0.9541804361146587,0.05427408129698138,0.13502107516958095,0.6933797882886358,7.0
2021-04-25 21:21:20.540,0.5003414438920905,0.6436713983851095,0.19555307935599645,0.9993439596684085,0.05176844064350536,0.14901261159132773,0.9112663883992838,0.9357351610009718,0.34810973101492176,0.162938453547484,0.9475218735576288,0.9494567821310405,0.0800542872807537,0.16666677468352695,0.6306620306856553,7.0
2021-04-25 21:21:20.560,0.5329552983619696,0.6130763736283628,0.23359484243533107,0.99922878125762,0.09809500848682956,0.22157538614141967,0.8878692501617301,0.911378984784625,0.418997796349703,0.16573460428420833,0.9751214740413305,0.9489844155727662,0.1031208239350887,0.2046416141002626,0.5679442255100804,7.0
2021-04-25 21:21:20.580,0.5769881674536166,0.5928925072677312,0.2481611184147378,0.9989153025572471,0.11491773008689504,0.248205682301261,0.8441547936925661,0.8747669399818827,0.5171420726308533,0.17691914481284665,0.991318454798501,0.9659896039378868,0.1411126113721514,0.22784795633180802,0.4796747518827567,7.0
2021-04-25 21:21:20.600,0.6210210365452637,0.5727086409070997,0.26272739439414455,0.9986018238568741,0.13174045168696052,0.27483597846110236,0.8004403372234022,0.8381548951791404,0.6152863489120036,0.18098625613401137,1.0,0.9853566482926245,0.17774763361532017,0.2721521516850531,0.4123111974564266,7.0
2021-04-25 21:21:20.620,0.6396597469334774,0.5268052815197491,0.3062610053939941,0.9963748467136399,0.18748208574137606,0.3585870530442585,0.7180238556013292,0.7772269595346588,0.7517642652394825,0.11896287610602944,0.9958535966834119,0.9650448592222154,0.2143826558584886,0.3016878498531079,0.3472705652280683,7.0
2021-04-25 21:21:20.640,0.6764954323228758,0.6318092660949022,0.32660892911830913,0.9936809586089728,0.24745609558480497,0.44361496858910765,0.6574226410614666,0.7332378241061466,0.8286837434405693,0.03940009020894814,0.9862650018931026,0.9678790740373577,0.2578019208960737,0.3459916131389123,0.291521526646409,7.0
2021-04-25 21:21:20.660,0.7577579791104185,0.6139421936299798,0.35019808952963405,0.9926228290418895,0.29681225881695494,0.4969266567474374,0.5961341901147421,0.6803461996746002,0.8895915379881174,0.011692916439980106,0.9734369897395313,1.0,0.3080054287280755,0.383966236521927,0.2497094979540452,7.0
2021-04-25 21:21:20.680,0.8031633027075973,0.562737023373796,0.39866133240825374,0.9911850789919081,0.3508881093825802,0.5483925298757734,0.533936755647776,0.6227547371491763,0.9360630346228112,0.0,0.9470035837489693,0.9853566482926245,0.3514246937656606,0.4388184943011381,0.22415790086118753,7.0
2021-04-25 21:21:20.700,0.8340484575758722,0.672484767631715,0.4705404522261044,0.9894573055627518,0.4036469276519677,0.5966902838788908,0.47364863340510427,0.5670293604786115,0.9683005176720502,0.022623248206861263,0.9182377993780417,0.9532357107308591,0.39213028947380857,0.487341612177562,0.20789770712465241,7.0
2021-04-25 21:21:20.720,0.9164498239447046,0.625966512925037,0.5372125538829476,0.9877464844392008,0.45323398571382123,0.6405887889093571,0.41780001293805996,0.5151651453942738,0.9875461213607039,0.06634465849873125,0.8907677395287625,0.9168634780110009,0.43962012797637323,0.5295358061849159,0.18234599110030908,7.0
2021-04-25 21:21:20.740,0.9817068292268823,0.5480640260274683,0.5473792378997753,0.986151550388394,0.4978575405425171,0.6801729606537242,0.36711721475631154,0.46898830423670196,0.9969313911211508,0.11540414069620641,0.8614836547432612,0.8814359861404396,0.47218457675456205,0.5590717203866916,0.15679427507596605,7.0
2021-04-25 21:21:20.760,0.9783749127044988,0.5667736027794169,0.5557851879893013,0.9844617390075275,0.535868919045695,0.7162019980161541,0.321183217136703,0.43007281773339795,1.0,0.1527707064537016,0.8297376297311432,0.8422295618036852,0.5020352172616656,0.5886074185547477,0.1451799019490774,7.0
2021-04-25 21:21:20.780,0.9746792865457015,0.7289029146951173,0.5800218221003768,0.9827972449224092,0.5667913849136917,0.748262339993387,0.28068410749007344,0.3987264065676314,0.9990234153064689,0.22089475762464783,0.8044703758100652,0.8318374975216539,0.5515603424967203,0.622362687347143,0.12775834225874477,7.0
2021-04-25 21:21:20.800,0.9979910780006889,0.744231780591145,0.6036239530788691,0.9810608285964608,0.58924835379012,0.7771295167918378,0.24470566798096613,0.37614893774763597,0.9969399360318127,0.2740213490626791,0.7836087019276472,0.8341993264466503,0.592944459743464,0.6329111818405508,0.10104514134911856,7.0
2021-04-25 21:21:20.820,0.9841511294641428,0.6557834004897045,0.60658692035922,0.9791452180630652,0.6062804562119364,0.8038053469368475,0.21181685142005968,0.3591363549723,0.9939678682109224,0.2530503152855481,0.7571104831962179,0.7923948918389497,0.6146540922622565,0.6708860212572866,0.12195115569530045,7.0
2021-04-25 21:21:20.840,0.9565409933237776,0.6432209687170779,0.5689754627900284,0.9773550545911485,0.6242953275404567,0.8282121841197864,0.181933483817768,0.3412497856865913,0.9876565478984886,0.22775799887645057,0.7256883840115549,0.7184695235358581,0.6336499165099637,0.685653654307593,0.10569108089025067,7.0
2021-04-25 21:21:20.860,0.9303227112132909,0.6688046527961307,0.5505425681833659,0.9758784531915995,0.64474172675563,0.8500051843323413,0.1555217598234646,0.3210885010635149,0.9777268687337561,0.24326384492375033,0.7043084097145633,0.6882380715390614,0.649932210369882,0.7025315047375116,0.11730545401713932,7.0
2021-04-25 21:21:20.880,0.8914349506790572,0.7728233552119498,0.5378082017543115,0.9746384893039012,0.6651923903503344,0.8688329554579376,0.13303786961401046,0.3010763988461429,0.9660127821675338,0.28113878659258723,0.6888889018516727,0.6740670709244625,0.6648576000942583,0.7025315047375116,0.11265963340749252,7.0
2021-04-25 21:21:20.900,0.8662544246779559,0.8179497093510871,0.4988465893358558,0.973555292557054,0.6835150859152967,0.8848607836191015,0.10641923879305301,0.27641304176014,0.9493110969780476,0.3337569771519733,0.6861678103571778,0.6603684446008865,0.6811397550125284,0.7151897845430897,0.10569108089025067,7.0
2021-04-25 21:21:20.920,0.8826824142001582,0.8244794868360238,0.4351649705193591,0.9727534485019249,0.6977533374436125,0.8982983019224411,0.09540886015819268,0.2686374035797643,0.9431214594799431,0.3670564170240433,0.6861678103571778,0.6523382092438516,0.6906376671363819,0.7215189244458794,0.11498248424657326,7.0
2021-04-25 21:21:20.940,0.8890689906433142,0.7749917155707446,0.39852652128879507,0.9722751155772068,0.7067962953893654,0.9106443176987388,0.08439848152333236,0.26086176539938877,0.9369318219818386,0.37112352626459943,0.6825396968492492,0.6589513410596897,0.7082768651318434,0.740506344154246,0.11498248424657326,7.0
2021-04-25 21:21:20.960,0.8732934290945341,0.751825091744171,0.40748627597350456,0.9719677786137827,0.7130936538960108,0.9226683127863586,0.06367781553313863,0.25196746110152235,0.927524286156109,0.3441789392493387,0.6712666177571405,0.6523382092438516,0.7218453507206765,0.7320674189392874,0.13356552882218908,7.0
2021-04-25 21:21:20.980,0.8785198703778876,0.7716212501342523,0.39973436178103106,0.9712859902311367,0.7235955626887919,0.9400038100467619,0.04506208289962532,0.2405503156675203,0.9159430565181589,0.3360447311712696,0.6586977823256409,0.6395843121704495,0.734056932173967,0.738396558842077,0.11265963340749252,7.0
2021-04-25 21:21:21.000,0.8761203951167829,0.7067013188714832,0.4066279483868741,0.9530857031313353,0.7260755712402372,0.9477693847125784,0.035485720833688894,0.23015816320806645,0.9064751311795787,0.34367054877373665,0.6458697913838976,0.6249409449975766,0.7354138363095098,0.7299578496608381,0.11265963340749252,7.0
2021-04-25 21:21:21.020,0.8667648151787044,0.6371169273878524,0.41282117010813446,0.9348854160315343,0.728555579791683,0.9555349593783949,0.031028072216114398,0.2501027819928635,0.918613834075615,0.36095575836473065,0.632393925454233,0.610297581691078,0.7421980791039265,0.740506344154246,0.11498248424657326,7.0
2021-04-25 21:21:21.040,0.8628310422492984,0.6425833926859692,0.4128511787546874,0.9235898585860899,0.7388393158203612,0.9587319702265678,0.028705179177388282,0.23707701891294475,0.9090401106925255,0.38256226515195174,0.6204729660712461,0.5895134531270153,0.7449118873750118,0.7362867735299068,0.10104514134911856,7.0
2021-04-25 21:21:21.060,0.8588972693198922,0.648049857984086,0.4128811874012403,0.9122943011406456,0.7491230518490394,0.9619289810747406,0.026382286138662146,0.2240512558330259,0.8994663873094361,0.3950177808292909,0.6082928575415638,0.5649503905502098,0.7516961301694285,0.740506344154246,0.09639943967095743,7.0
2021-04-25 21:21:21.080,0.8549634963904862,0.6535163232822027,0.41291119604779325,0.9009987436952012,0.7594067878777176,0.9651259919229134,0.024059393099936027,0.21102549275310717,0.8898926639263466,0.3889171194651871,0.5955944454155337,0.5446386285444214,0.7516961301694285,0.7299578496608381,0.11265963340749252,7.0
2021-04-25 21:21:21.100,0.8499966736335359,0.6933457750617561,0.397465801799877,0.9021995366406855,0.7685084343467654,0.9651066553304047,0.024625392188362703,0.20252295044502688,0.8839615921383667,0.37264869144957974,0.5849692429022333,0.5361360320420364,0.743554983239469,0.738396558842077,0.11730545401713932,7.0
2021-04-25 21:21:21.120,0.8483890958028236,0.7547418914564786,0.38216996138968223,0.9030430944838698,0.7759725270930798,0.9630150323555807,0.027422559172702442,0.19557918388996295,0.8797244667265042,0.36426028293218804,0.5784904606749836,0.5309400037673953,0.743554983239469,0.7510548386476552,0.11265963340749252,7.0
2021-04-25 21:21:21.140,0.8497659557654997,0.7921251582368224,0.36568464386808797,0.903926893209868,0.7841149333694856,0.9599314510415189,0.031356849220917776,0.18803314149739564,0.8752791412798603,0.37188610885708956,0.5757693723622628,0.5266887047429278,0.7367707404450523,0.7573837625167239,0.11498248424657326,7.0
2021-04-25 21:21:21.160,0.8553523909237687,0.8125922359270293,0.3502748531095534,0.9049423363156236,0.7913938667565662,0.9561109300458173,0.03604276504835076,0.18131289277885188,0.8715494521011498,0.3904422848582282,0.5742144647549938,0.5224374057184605,0.7354138363095098,0.738396558842077,0.10569108089025067,7.0
2021-04-25 21:21:21.180,0.8551939338731345,0.8249648650899098,0.33895021775251255,0.906065940689274,0.7965868788960798,0.9518130343394264,0.04112056147167935,0.17653332111801986,0.8692889945806698,0.4100152384815972,0.5743440403889328,0.521020306043638,0.734056932173967,0.7362867735299068,0.12195115569530045,7.0
2021-04-25 21:21:21.200,0.8477526419352499,0.8364124499344123,0.33723652182073555,0.9071752328704873,0.7992638218247393,0.9475637074299749,0.045992085751871165,0.17407440952932077,0.868662751224276,0.41738687020900206,0.5720116800386208,0.5285781671096501,0.7286295935150932,0.7278480643486679,0.10801381279784573,7.0
2021-04-25 21:21:21.220,0.8415897239373685,0.856130007011294,0.3285536709091807,0.9081671094923851,0.8007600646707654,0.9432906534882621,0.050822027318857724,0.1727014521608143,0.8687942113883051,0.41497202637308755,0.5678652592222745,0.5314123683924822,0.7245590200501135,0.7257382790364977,0.10104514134911856,7.0
2021-04-25 21:21:21.240,0.8348239721142424,0.8671250918648472,0.33066937068494673,0.9090593287898561,0.8018367565366387,0.93883842756601,0.05582778351536136,0.17171409132984572,0.8692032168236408,0.4105236277088341,0.5651441703792581,0.533301836558766,0.7191315424495911,0.7236284937243287,0.11730545401713932,7.0
2021-04-25 21:21:21.260,0.827819059416347,0.8339979581566933,0.3418429065520824,0.9098796258464967,0.8037062392011118,0.934436028057248,0.060813135001543034,0.17000117253978533,0.8689900870327084,0.4265378613188839,0.5643667144544408,0.5394425979499555,0.7109905344612801,0.7194089230999883,0.11730545401713932,7.0
2021-04-25 21:21:21.280,0.8327313380438287,0.8455906683416539,0.34108016556406456,0.9107263240348177,0.8055131634178658,0.9296334608662793,0.06907966075144668,0.1683369042834027,0.8693941627118928,0.4539908408903553,0.5647554445380322,0.552668860035082,0.7109905344612801,0.7172995698552599,0.11498248424657326,7.0
2021-04-25 21:21:21.300,0.8406269748499338,0.8311662400758812,0.3455146601236271,0.91162932611028,0.8055354021571199,0.9245221127958054,0.07713163155593193,0.17116022371566952,0.8730592720850242,0.4733095957388886,0.5655328983416668,0.5710911573543236,0.7109905344612801,0.7088606446403001,0.10801381279784573,7.0
2021-04-25 21:21:21.320,0.8371897408590196,0.7943355380896697,0.35519101604977193,0.9124262512177175,0.8024411044037656,0.9197410325445184,0.08173334877243545,0.17580783046735876,0.8773746162944841,0.4687341001839477,0.5642371420022759,0.5909305528018377,0.7109905344612801,0.7025315047375116,0.09175373799279596,7.0
2021-04-25 21:21:21.340,0.8320075909024365,0.7890128858172742,0.3626981900523597,0.9130759413823731,0.7973762155472595,0.9154592366917007,0.08373798070368783,0.17810690472578067,0.8794244910647102,0.44458565142175943,0.5629413835417022,0.6112423148076263,0.7055630568607577,0.6962025808684429,0.10104514134911856,7.0
2021-04-25 21:21:21.360,0.8268254409458532,0.7836902335448789,0.37020536405494736,0.9134240472512447,0.7923781921617989,0.9117326885834395,0.08574261263494024,0.1804059789842026,0.8814743658349362,0.4163700942512586,0.5625526577004765,0.6353330131459822,0.7001357182018838,0.6919830102441025,0.10801381279784573,7.0
2021-04-25 21:21:21.380,0.8201733775363256,0.796531943624851,0.37692526841781065,0.913357988840714,0.78972870117637,0.9071761413017806,0.08932673520239483,0.18290096789173282,0.8838749927553126,0.39298422718689885,0.5621639318592505,0.6499763725861065,0.7001357182018842,0.6951475801954978,0.1103367231026693,7.0
2021-04-25 21:21:21.400,0.819184808885284,0.8004330107655343,0.37672255926949016,0.9127915039268486,0.7924099191455092,0.9036451832695667,0.0935300863787853,0.18158589577358974,0.8834787225233671,0.3858667890952264,0.5651441703792581,0.6490316433359326,0.6994573008695247,0.6951476342039278,0.10859458497335892,7.0
2021-04-25 21:21:21.420,0.821122890337103,0.7880477467921216,0.3691626600829016,0.8765988872728926,0.75948722473662,0.9075336427188134,0.08948995647074164,0.21094839094579154,0.9042329137568574,0.4097610463647091,0.573825738913768,0.6499763725861065,0.6987788835371653,0.6951476882123577,0.10685244684404821,7.0
2021-04-25 21:21:21.440,0.8198958085801513,0.8202036412872301,0.38164887371387174,0.8808944347692789,0.7957166682870955,0.9009393191157714,0.09795507524036312,0.17733334912478865,0.8808657052754815,0.43899337699622304,0.5860058482919234,0.675484170599285,0.7001357529372962,0.6904006712599754,0.1097560401257702,7.0
2021-04-25 21:21:21.460,0.8351801873374792,0.8076982923094188,0.3901740824894282,0.8803983436096727,0.7924630319925672,0.9016084443342307,0.09711706502206793,0.18032772620272272,0.8830096562255909,0.42958819376945306,0.5945578405561394,0.7090222001031239,0.7014926223374267,0.685653654307593,0.11265963340749252,7.0
2021-04-25 21:21:21.480,0.8370494302458856,0.7909150281839541,0.41132893330300563,0.879565235056501,0.7899799051135896,0.9040522601672096,0.09430115845973763,0.18261638784692216,0.8843541650531984,0.39145906206433684,0.6006478955633945,0.7302786874927119,0.69470837954301,0.6814345157506945,0.09872240944152348,7.0
2021-04-25 21:21:21.500,0.8265719749134005,0.8385547200731781,0.4073874538342467,0.8783574527587876,0.7910022687842386,0.908054254640782,0.08983104961862724,0.1816736659671643,0.883031675803066,0.37315707984457314,0.6055717702894344,0.7354747196337276,0.7069199609963006,0.6940927955562727,0.11730545401713932,7.0
2021-04-25 21:21:21.520,0.8300354037126652,0.8450694190521357,0.40511112132528576,0.8771031210973222,0.7939946478668028,0.9127288153606347,0.08467783346112419,0.17891752034869152,0.8801918076096272,0.37010674947461253,0.6063492230324775,0.731695794900283,0.7082768651318434,0.6983121501468921,0.09872240944152348,7.0
2021-04-25 21:21:21.540,0.8211103893414727,0.8196541899421115,0.41689362423269805,0.8758357556140061,0.7975036778514398,0.9176800647111614,0.07925272107335488,0.17569075418307695,0.8768726027930981,0.3604473678891286,0.5990929875318889,0.7151629614943135,0.7218453507206765,0.7046412900496818,0.09639943967095743,7.0
