2021-04-27 14:38:08.820,0.37674912589208764,0.2456761746150489,0.4838668251913199,0.9739228580855328,0.0005807972665287669,0.43196478891929607,0.7405405877425311,0.9950017158703754,0.9703260874408562,0.5817382803422141,0.6209160337841739,0.37331635261327867,0.15686270572857575,0.3359530834974451,0.06041132750642669,4.0
2021-04-27 14:38:08.840,0.6496962158306235,0.3430755823131034,0.7635681968666153,0.9730689082083782,0.0034744196368350164,0.43230119178469695,0.7447538829676568,0.9984165454585985,0.9698759877022288,0.55607544421536,0.589809634775223,0.37904336523022175,0.13725491770856948,0.33791739317356045,0.059125931105398356,4.0
2021-04-27 14:38:08.860,0.19470522320222072,0.23169038206862588,0.3923571509547823,0.9721782504715644,0.0029911130725314436,0.4319000694174598,0.7442918072234761,0.9953989198350933,0.9696197934996843,0.5522472861669679,0.5891026720312487,0.3667408940556667,0.14117663593998214,0.33791739317356045,0.059125931105398356,4.0
2021-04-27 14:38:08.880,0.6591271781769928,0.3710393347605441,0.34989229734360733,0.9746307871077018,0.0007626432679901824,0.4286890322722628,0.7712065524640684,0.9988261824553609,0.9643957083838972,0.5539486897440311,0.6148563457879349,0.3688620097754176,0.12352930546715427,0.33300591485751485,0.06298202159383029,4.0
2021-04-27 14:38:08.900,0.37510211789611636,0.3305209653497895,0.7687719101488705,0.9747187354339203,0.0,0.4285156040762881,0.772740261388381,1.0,0.9642015220152336,0.5145328390482192,0.5791041880733018,0.40852687720707404,0.09411762343714544,0.36345784489638533,0.08226221079691516,4.0
2021-04-27 14:38:08.920,0.3550882358493922,0.4130143479727721,0.1485366384729512,0.9729062993379471,0.0003954648335844965,0.42827374761435383,0.7746834993169686,0.9993916708363038,0.9637119746600642,0.448461667966115,0.5578952751678738,0.502704415164013,0.09215676432143911,0.38310416051813956,0.0893315948586117,4.0
2021-04-27 14:38:08.940,0.6272131757301896,0.6925546375500213,0.7038252716248679,0.9728086529573232,0.012545011226377441,0.42520845264117746,0.7980961149274232,0.980723588284255,0.9562544841942369,0.30483486558291334,0.49851034680824907,0.6333651573899272,0.09019590520573278,0.4027504761398938,0.09640097892030842,4.0
2021-04-27 14:38:08.960,0.10097715673695451,0.7433306322230765,0.5288479672997524,0.9707518910265234,0.04205657783734065,0.4221626942458082,0.8166137386006368,0.935899575209507,0.9446165573722427,0.19707928249194107,0.4443771263374316,0.7457843078982987,0.07450983541713918,0.4970530325388579,0.1458868976863755,4.0
2021-04-27 14:38:08.980,0.41169413540111754,0.8694476801999428,0.7058513716307264,0.9686951290957235,0.0715681444483039,0.41911693585043913,0.8351313622738507,0.8910755621347587,0.9329786305502487,0.14873105605345602,0.39923245343967595,0.851627970160765,0.051960859115705985,0.5923378946599702,0.191516693059126,4.0
2021-04-27 14:38:09.000,0.0,0.9256702761504644,0.8067572781137685,0.9626565848588011,0.1590007233664383,0.4104336942104311,0.8767140761810283,0.7613782332600512,0.8929167769870655,0.058131288882991405,0.2740998824254188,0.9470781775495545,0.02941188281427279,0.6876227567810824,0.23714648843187652,4.0
2021-04-27 14:38:09.020,0.2074791782337352,1.0,0.3732772214189475,0.9577207094077584,0.23271991432639388,0.40011765419899514,0.9190568645718745,0.6564749265487066,0.8464228313443459,0.0,0.1785587708753222,0.9973486183714928,0.0,0.8055009522797876,0.3483290652956298,4.0
2021-04-27 14:38:09.040,0.2811270763746215,0.8609661805675163,1.0,0.9538662104470278,0.3208790056425034,0.38613230949018007,0.958137057150719,0.5375902741372235,0.7807858167414635,0.0031192677436489087,0.08296721276654292,1.0,0.03529425937712666,0.884086415945591,0.43444730735218506,4.0
2021-04-27 14:38:09.060,0.1400468416075054,0.7140866849406513,0.5524407767070539,0.9495271851084434,0.41549683385036246,0.3704165569264933,0.9724243250680134,0.4195820665199432,0.7034904381935605,0.0069474246315257004,0.017573117616215644,0.9207763460969587,0.06274508229143029,0.9371316290673573,0.528277638251928,4.0
2021-04-27 14:38:09.080,0.16544721124607462,0.6652498163736571,0.6765331097543633,0.8874754432958957,0.5215102948806044,0.3383647759657033,1.0,0.30123619541606594,0.5804270999246882,0.008329804303123396,0.008786558808107822,0.8483402390589936,0.1294118828142721,0.9783889723445551,0.6156812503856042,4.0
2021-04-27 14:38:09.100,0.14358968929728516,0.507099702683939,0.5805083758243313,0.8744500587977115,0.6061381077651886,0.32745966961325745,0.9273777666735612,0.21869785465699693,0.521113686158657,0.009712183974720987,0.0,0.7759041320210285,0.20784303489429715,0.9980352879663094,0.7159383000514139,4.0
2021-04-27 14:38:09.120,0.17993548274715787,0.3507933374821515,0.5345546481787506,0.8894073536322585,0.6976169764154487,0.29409082697771555,0.82041751244801,0.11791011167860618,0.3672246349485363,0.0903162068707123,0.0415088585955018,0.5956092871614165,0.3058823765628541,0.9941060650777158,0.7840617032390745,4.0
2021-04-27 14:38:09.140,0.27426321837557843,0.19955685546191412,0.4532467667121242,0.9190759311630361,0.7692757272256864,0.24719176571124132,0.6863453521226444,0.06984185780323196,0.22769263420698851,0.14773858339917037,0.10584256749564581,0.5031286330994906,0.41568647135712106,0.9803536843782458,0.8393316162467866,4.0
2021-04-27 14:38:09.160,0.4198719636999446,0.07591290131128596,0.4149457694313914,0.9583291971855029,0.8090202970916284,0.19176837949898956,0.5919077105362544,0.06454497565688194,0.1538734058398124,0.13753014568957772,0.171691152866882,0.4151023324659867,0.4745098354171387,0.9646365916450851,0.9074550128534704,4.0
2021-04-27 14:38:09.180,0.5873770259167351,0.08280558078483881,0.291050027563809,1.0,0.8187980350417688,0.13581300371380983,0.5253528296228777,0.07509274581653028,0.10544372053293935,0.17070753633158417,0.2262283508676078,0.355498980740987,0.5529409874971638,0.9332024061787637,0.9640102827763496,4.0
2021-04-27 14:38:09.200,0.6922028405990778,0.15740911157072673,0.16464011827114663,0.009327197909875365,0.7820623508775968,0.06667311685648684,0.4587979487095009,0.0856405159761786,0.0570140352260663,0.361122942886599,0.3213654600881769,0.3508325261575351,0.6549016458286054,0.9096266664896294,0.9858611858097687,4.0
2021-04-27 14:38:09.220,0.7500053404522675,0.08139541744222048,0.17347690608216532,0.0389602110829308,0.7480914341170336,0.02313978041208675,0.3363742871489436,0.10684999984077742,0.0,0.6058415011654881,0.43589355687665976,0.3548626460250618,0.7019606583314422,0.8978389978238488,1.0,4.0
2021-04-27 14:38:09.240,0.7748647859026248,0.0,0.10255700011758069,0.048024693041379664,0.7602159966873455,0.011569890206043335,0.2717006138435416,0.09937450715684891,0.003631307560615918,0.7381256223190573,0.5284048080195554,0.37586169165059546,0.7333331994771572,0.917485313445603,0.9935732614910026,4.0
2021-04-27 14:38:09.260,0.7476101423950239,0.05984896681544365,0.005754487050195935,0.05708917499982852,0.7723405592576572,0.0,0.2443772242752821,0.09145244533794762,0.013323206884906543,0.7218205105081118,0.6026359754956451,0.4064057580150081,0.7764704937485813,0.9371316290673573,0.9640102827763496,4.0
2021-04-27 14:38:09.280,0.8212905943474861,0.16884584198450545,0.0,0.06721505352655374,0.7844993392463303,0.3333333333333333,0.21705383470702258,0.08353038351904635,0.023015106209197167,0.6523819766130411,0.648588609239795,0.41520838912005303,0.7725487755171698,0.9489194989119244,0.9575835442673521,4.0
2021-04-27 14:38:09.300,0.9103699483572009,0.25600404716763714,0.05229988646287571,0.07734093205327895,0.7966581192350034,0.6666666666666666,0.1770247423201427,0.07683055073907737,0.033590624655161036,0.5829434427179704,0.6945412429839448,0.4240110202250979,0.7590412149857345,0.9454267892846899,0.9582976270551272,4.0
2021-04-27 14:38:09.320,0.9664220889033016,0.2687167088794861,0.12149687811399532,0.08746681058000418,0.8088168992236765,1.0,0.13699564993326285,0.07013071795910816,0.0441661431011249,0.5804267830861538,0.7363025906355918,0.4117085490505428,0.7455336544542981,0.941934079657456,0.959011709842902,4.0
2021-04-27 14:38:09.340,0.9822837745273569,0.2454898570822297,0.16233235325077508,0.11006298785013277,0.8078824538730474,0.9858955215775241,0.1144224859066949,0.06988161157836235,0.04582160997724022,0.5779101234543373,0.7780639382872389,0.39940607787598775,0.7320260939228628,0.9384413700302215,0.959725792630677,4.0
2021-04-27 14:38:09.360,0.9981454601514124,0.22226300528497323,0.20316782838755484,0.12253818869466825,0.809401012685776,0.9811727055143507,0.09184932188012693,0.06963250519761677,0.04747707685335557,0.6970792650842121,0.8586072941408721,0.3480750765899377,0.6509803291657207,0.9508842109456149,0.9305912596401028,4.0
2021-04-27 14:38:09.380,1.0,0.1956808998610867,0.2582796042318368,0.13111973649315056,0.8223823862212959,0.9800383111628013,0.09330060334944666,0.05611943512661565,0.07074004215409375,0.7316390266939516,0.8894864510979884,0.3251670255145101,0.5470588117185727,0.9705304259779755,0.8894601542416453,4.0
2021-04-27 14:38:09.400,0.973077862229474,0.22684318813416798,0.31190482653924406,0.13970128429163287,0.835363759756816,0.978903916811252,0.10034363585002475,0.046525817766355976,0.08892486541473,0.7661987883036911,0.9203656080551047,0.3022589744390825,0.49509805299499815,0.985265212988988,0.8624678696143959,4.0
2021-04-27 14:38:09.420,0.9251723208531207,0.2540118647907134,0.3753458239026318,0.15671511669900468,0.8766040904421182,0.9789983890964502,0.10738666835060283,0.036932200406096516,0.10710968867536629,0.7934212385736102,0.9493510805580538,0.2774419170456822,0.44313729427142357,1.0,0.8354755849871465,4.0
2021-04-27 14:38:09.440,0.8906944270746467,0.2320572827914851,0.3840314692829717,0.16310723462989377,0.8926348317793403,0.9785808466820572,0.12064757565052713,0.01871211750296251,0.15187151138066549,0.8122784859235476,0.9795485269834262,0.2617456589833682,0.38627452161475956,0.9918140351576024,0.7900599872493573,4.0
2021-04-27 14:38:09.460,0.8562165332961728,0.2101027007922568,0.39271711466331166,0.16949935256078288,0.9086655731165626,0.9781633042676643,0.12714471768749197,0.009356058751481143,0.18664672081343497,0.8317382815027294,0.989774263491713,0.24058752664057753,0.32941174895809666,0.9836280703152052,0.7446443895115681,4.0
2021-04-27 14:38:09.480,0.7865627232468115,0.2670919328429087,0.4335196500421338,0.20835856878062348,0.9814545178783909,0.9658118084141967,0.1336418597244568,0.0,0.22142193024620443,0.8511980770819113,1.0,0.21942939429778688,0.27843148672046286,0.9770792984412869,0.6981576719794345,4.0
2021-04-27 14:38:09.500,0.6047894657075688,0.2502357830642304,0.49521180212369775,0.0,0.9239326565797575,0.22961471813207365,0.49711487129175597,0.019111728462878667,0.29282979078010163,0.896923301116772,0.9992425162984854,0.14996287965022964,0.2274512244828302,0.9705305265673692,0.6516709544473007,4.0
2021-04-27 14:38:09.520,0.626944749161982,0.23564610519301704,0.5279571088817862,0.9640033406468242,1.0,0.3179041143934513,0.2788832955973001,0.0004265419397827264,0.36664704395812475,0.9320856370673495,0.99702064401726,0.09248063149187818,0.18823524687429088,0.9528487218005179,0.5861182519280206,4.0
2021-04-27 14:38:09.540,0.6486035838606944,0.2540253804115824,0.540771585687629,0.831810695367581,0.9919972778596688,0.4593480939104687,0.20645845345106245,0.009013512858603587,0.408980491421819,0.9680986887326419,0.9822754104431007,0.054300548536362396,0.13725491770856948,0.9125737345401648,0.4916452425706941,4.0
2021-04-27 14:38:09.560,0.6542819313411848,0.30720367749004596,0.5466984650568452,0.7784286089015229,0.9285702369200428,0.521336728102064,0.1340336113048248,0.017600483777424448,0.45131393888551324,0.9978732629363999,0.9404130828754211,0.012832730138681478,0.08627458854284807,0.8585461654015538,0.41002572339331617,4.0
2021-04-27 14:38:09.580,0.6459403505902609,0.3787380472253546,0.5192127401562195,0.7891514147391495,0.8779018328483539,0.5182622369760019,0.12903927971766005,0.03943693702434781,0.49714202298985377,0.9989366314681998,0.9176639995406449,0.006416365069340739,0.0764705941407141,0.8158153383937845,0.36278920884318766,4.0
2021-04-27 14:38:09.600,0.6375987698393369,0.4502724169606631,0.4917270152555938,0.7998742205767762,0.827233428776665,0.51518774584994,0.1240449481304953,0.06127339027127116,0.5429701070941941,1.0,0.8949149162058687,0.0,0.06666659973857898,0.7730845113860153,0.31555269429305915,4.0
2021-04-27 14:38:09.620,0.6343564462961722,0.6519720167274754,0.5542191245429566,0.8139663215809415,0.7190120079645893,0.5137652741715993,0.10030333425461725,0.15247042667429325,0.6630973594510629,0.8765773563905589,0.8313891954317001,0.023862521464440924,0.043137294271424036,0.6954813031476628,0.26349619331619545,4.0
2021-04-27 14:38:09.640,0.6574640622504813,0.748423425575432,0.4997008133491329,0.8223085127118768,0.6266840230123544,0.5143982054142767,0.08164474499044247,0.22386467198787993,0.7303437394535663,0.754288953980127,0.7832146786598232,0.07063313784228663,0.047058610934308756,0.6719055634585285,0.24293064061696665,4.0
2021-04-27 14:38:09.660,0.6875800794037636,0.6758016301584163,0.5256480614939949,0.8279666760954916,0.5576896480835556,0.5153953934526943,0.06987154495651968,0.26458290791092604,0.7617955731274373,0.7369913463045904,0.7698833623070728,0.11814614385396645,0.043137294271424036,0.6168958394818593,0.21465297275064263,4.0
2021-04-27 14:38:09.680,0.7138220187890046,0.6797994046160157,0.6075023396621374,0.8292188874328297,0.5282408372392828,0.516418933671305,0.054459532756524175,0.3064492370061566,0.7904761434033006,0.6833971382691617,0.7364540873758948,0.16608334523107612,0.07058811718572652,0.6031434587823892,0.19794347763496153,4.0
2021-04-27 14:38:09.700,0.7090710085099899,0.7430275451709839,0.6017954399905936,0.830471098770168,0.4987920263950101,0.5174424738899157,0.03951159444959998,0.3445199772391547,0.8139308162571209,0.6122217622584444,0.6958541703694737,0.21614167274488183,0.07058811718572652,0.5972495238601062,0.21079691516709512,4.0
