2021-04-12 01:42:33.320,0.8477209607754557,0.8282024791603629,1.0,0.33921008033927486,0.3715962207617491,0.21295535321139683,0.2934376254516222,0.6198626863872674,0.4836114371204628,0.09153318754577709,0.39914161775797424,0.5394547936427567,0.5151505748374766,0.42856864217516555,0.5268817074066363,5.0
2021-04-12 01:42:33.340,0.44828032085044933,0.42079380197482086,0.49915610730298265,0.27548618586555057,0.3779430744192804,0.5136594923788685,0.296236764853466,0.621337534932448,0.5061018255599052,0.11098398711313182,0.47371243014988595,0.5121951099214472,0.48484942516252344,0.3333317079355075,0.3978494457902644,5.0
2021-04-12 01:42:33.360,0.43493992476928406,0.4309581530487778,0.4911898938171134,0.3209184561861926,0.3672825739436117,0.3232138824298287,0.2990359042553209,0.6228123834776295,0.5285922139993479,0.13043478668048653,0.5482832425417976,0.4849354262001377,0.5151505748374766,0.3809526131520684,0.4623655215446855,5.0
2021-04-12 01:42:33.380,0.4215995286881189,0.4411225041227348,0.4832236803312442,0.26928123826281736,0.3726597443392789,0.5217258664217348,0.28816865716579215,0.6352485844467255,0.5671516860977837,0.15560640590395683,1.0,0.4447632607161026,0.5757590802600445,0.35714216054378795,0.3118279380460164,5.0
2021-04-12 01:42:33.400,0.7868716697725202,0.709537989704613,0.07239423648754838,0.20923182955246475,0.38582084861120897,0.7400097653416147,0.2815259935768739,0.6119697140276434,0.25848380176395513,0.07551488951181543,0.13733905096937396,0.49928262815872165,0.4090903449024877,0.2857132408156784,0.322580598987165,5.0
2021-04-12 01:42:33.420,0.1671158966319866,0.10312651921036636,0.8911637807066712,0.2803836775551238,0.24068928118017377,0.49683156299717707,0.14988332998795426,0.757618310009911,0.5014595856411985,0.1578947390108697,0.8583691036878331,0.453371581891253,0.3257575287418747,0.33333292698388034,0.27419351464446673,5.0
2021-04-12 01:42:33.440,0.8268143841688999,0.7898250478895572,0.1576063098420434,0.1322474644650836,0.3961141086207666,0.8461592810488009,0.2880055700521938,0.6016561266203145,0.1528939866787345,0.1212814692370255,0.0,0.48780486659185446,0.24242471258126172,0.3809526131520684,0.22580643030176845,5.0
2021-04-12 01:42:33.460,0.10619957744314466,0.16076111895660225,0.8138507066544629,0.15817543312211071,0.38054413547654214,0.6853188056003076,0.2794623143315865,0.617259610131977,0.31289684061933165,0.22196795924207322,0.8412017047520384,0.43902438040240294,0.18181620715871138,0.404760627663617,0.5483870733319454,5.0
2021-04-12 01:42:33.480,0.9830402065602993,0.8650905276988339,0.24857099914055383,0.08418679462236958,0.42645972069873794,0.9373060021524114,0.31939983942191746,0.5712566474943749,0.062252061005618226,0.07551488951181543,0.030042899834927687,0.42467717797408505,0.3030301149674988,0.4880935546474938,0.4516128936357959,5.0
2021-04-12 01:42:33.500,0.07453831289213789,0.10108950769574634,0.7311572247515704,0.09887210055551016,0.4197438219536408,0.8105130084696058,0.3147455841027642,0.5779803522370172,0.18828270848794287,0.18535469134125282,0.6351931107333546,0.3443328399600054,0.15151505748375824,0.4761895473917265,0.4623655215446855,5.0
2021-04-12 01:42:33.520,1.0,0.926906679386496,0.3168225831955276,0.030101863695773966,0.48216297115282486,1.0,0.3804822360497809,0.5154959848366787,0.0,0.2242562904759623,0.5493562038774958,0.37876612700927675,0.333331264642452,0.42856864217516555,0.5268817074066363,5.0
2021-04-12 01:42:33.540,0.08934145671797858,0.16441354960074187,0.7344594923081847,0.057241294755605604,0.4800341193763104,0.9473857524422807,0.37777875351264256,0.5176217410940169,0.05223662402073574,0.2402745964890053,0.25965664323897264,0.4160688567989347,0.333331264642452,0.42856864217516555,0.4623655215446855,5.0
2021-04-12 01:42:33.560,0.3762296951310295,0.3204079090915733,0.6377852255631227,0.0739169471439061,0.4866949771670264,0.8685312497240084,0.3859707446808455,0.5109610751272479,0.13051461799372086,0.22883294788657615,0.30042917399550556,0.41032997601550114,0.18181620715871138,0.42856864217516555,0.5268817074066363,5.0
2021-04-12 01:42:33.580,0.5003893478691697,0.45095211856599304,0.48792962685207536,0.06712255078330173,0.49981998900985514,0.8629168091304675,0.40049804295463387,0.49783680869247354,0.13606858536754005,0.21510297115947744,0.3583690861232102,0.4017216548403507,0.18181620715871138,0.4761895473917265,0.5913978492255751,5.0
2021-04-12 01:42:33.600,0.474492583444273,0.5175263791524124,0.5109923535517802,0.06503864103324078,0.5081326769724585,0.8559738278751307,0.4098128261742172,0.48951642973515014,0.14294376384944846,0.23340960791942333,0.3605150093215454,0.3873744481844271,0.2727289652925457,0.5714264816313707,0.3978494457902644,5.0
2021-04-12 01:42:33.620,0.5121869998168472,0.5548809702893034,0.5130977994951145,0.06407992103743806,0.5202759747437209,0.8471105817695949,0.42343687274185976,0.47737712106532154,0.1517155680232529,0.2402745964890053,0.3605150093215454,0.3586800442672592,0.21212045986997774,0.5952369342396512,0.4838709535345123,5.0
2021-04-12 01:42:33.640,0.4906594715691991,0.5323520688631207,0.5137455424198454,0.06399972392752536,0.5356558610946777,0.837789348712273,0.44070528904053646,0.46200490297481994,0.16093461555634672,0.23112127799665094,0.35622316345181376,0.33572451878485504,0.39393977006501996,0.5952369342396512,0.4838709535345123,5.0
2021-04-12 01:42:33.660,0.48768220877555435,0.5739493630239546,0.5171982341279822,0.0646813993617989,0.5518989580416481,0.8265074772993656,0.4590651344841426,0.44577750196002514,0.17208454093198414,0.17848970325865704,0.3476394745226901,0.3127689979997905,0.36363551735373595,0.4761895473917265,0.5268817074066363,5.0
2021-04-12 01:42:33.680,0.4907326113115073,0.5718241818023048,0.5100352490889895,0.06010408855802196,0.571981387134312,0.8200098662753794,0.4929841178241696,0.41561806931640244,0.18140076884235007,0.07780321138058553,0.3218884007094702,0.27116211701723675,0.18181620715871138,0.42856864217516555,0.3548386919181404,5.0
2021-04-12 01:42:33.700,0.4847595892475529,0.6466407438614695,0.5085105292393431,0.05164086324655087,0.5921931474312564,0.8140610825903145,0.5291612304295444,0.3836201597635506,0.1901822645817635,0.01830664799808869,0.33905578208064197,0.2439024239012479,0.2727289652925457,0.6428529632627483,0.5483870733319454,5.0
2021-04-12 01:42:33.720,0.4961660713851509,0.7068662617793126,0.5135040978329488,0.03988664017002543,0.6141418558787194,0.8080895888084632,0.5547031814532233,0.3610153051122977,0.1919309265235377,0.0480549296893371,0.34549354921660025,0.24964131407936083,0.36363551735373595,0.547620905216554,0.4408601996623883,5.0
2021-04-12 01:42:33.740,0.5040555171977057,0.7021920245833717,0.5122516518347409,0.026710498032558174,0.6367988782473034,0.8062576410013153,0.5747425105379312,0.34330838772507544,0.1912956980346898,0.09610984626750758,0.3905579279506195,0.26972739682137836,0.45454517245123943,0.49999999999999306,0.5483870733319454,5.0
2021-04-12 01:42:33.760,0.5119449630102605,0.6975177873874309,0.5109992058365329,0.00982602938154631,0.6723150315643329,0.8074461360662858,0.5947818396226392,0.32560147033785314,0.19066046954584184,0.13729977476308233,0.42703861687728406,0.3271161976097047,0.36363551735373595,0.452379094783446,0.5483870733319454,5.0
2021-04-12 01:42:33.780,0.5370926832462273,0.7673872047444633,0.5106711099467847,0.0001032841567085303,0.6951828938729191,0.8175243723496994,0.6203520172621416,0.30280703719786944,0.18063298045194287,0.22654461983682755,0.4463519209198523,0.43902438040240294,0.36363551735373595,0.547620905216554,0.6774193569698231,5.0
2021-04-12 01:42:33.800,0.5255585244392101,0.684471562352114,0.5123782527368826,0.004461146505172688,0.5836482648414318,0.9213625048732091,0.49241644921718036,0.4140610485252532,0.07802124326848085,0.30434781810624645,0.4785407627472616,0.5538019956013407,0.36363551735373595,0.49999999999999306,0.4838709535345123,5.0
2021-04-12 01:42:33.820,0.5146771239650612,0.6420667744360409,0.5105584216465893,0.0,0.6757979509726463,0.8332851795170063,0.5977958149337599,0.3221261111970732,0.165095524646317,0.31350113929575507,0.5042918365604815,0.6657101708782954,0.2727289652925457,0.5952369342396512,0.4838709535345123,5.0
2021-04-12 01:42:33.840,0.5291669848325898,0.7047936174455567,0.5090166735218596,0.007016032009825302,0.6413131388171976,0.8456243321023624,0.5584416399036548,0.35651348613858685,0.15295668866109277,0.30892447682797697,0.5171673725888604,0.7575322868999311,0.36363706887189257,0.5357132408156818,0.5161290244439819,5.0
2021-04-12 01:42:33.860,0.5140015352646391,0.7331434957208034,0.49954350763092475,0.013389272032605324,0.5904835693728069,0.8651509779850837,0.5009095242874393,0.4072341894220937,0.13371145563201495,0.37757436701905384,0.5493562038774958,0.8177905116392854,0.5454548275487605,0.3333317079355075,0.6989247228951322,5.0
2021-04-12 01:42:33.880,0.4981539431291997,0.6607167525201597,0.501475862460683,0.024457688308583775,0.5332851900431812,0.885359431440108,0.43692919510236605,0.4643772684022845,0.11375482136342972,0.46681921021977524,0.6115879613479934,0.8464849625298498,0.21212045986997774,0.3333317079355075,0.5913978492255751,5.0
2021-04-12 01:42:33.900,0.508790030084883,0.571390010631953,0.5099379109656051,0.04146798136462123,0.47769984152415923,0.9067800993945216,0.37546417101565854,0.5199573184968527,0.09255194748809632,0.544622400997099,0.6888411950828892,0.8665710217851692,0.24242471258126172,0.28571324081569227,0.3978494457902644,5.0
2021-04-12 01:42:33.920,0.5295007625896898,0.5617438730782989,0.5059917187745563,0.06281742411014332,0.4217977819397703,0.9386978787507922,0.3143410026093844,0.5759233655533582,0.060869590029983406,0.7070937856185325,0.7103004042322311,0.9124820915393361,0.15151505748375824,0.23809477369586324,0.763440864714071,5.0
2021-04-12 01:42:33.940,0.5182327382638666,0.5511757754298255,0.507890214105845,0.09703121235064524,0.3587340821108775,0.9652989721157839,0.24641521979124326,0.639125746459523,0.034411074162481084,0.9405034366175031,0.6781115641612839,0.9612625547118232,0.3030301149674988,0.30952125532724084,0.6129032151508842,5.0
2021-04-12 01:42:33.960,0.46926427190001335,0.31161812675093287,0.5187584311050707,0.14747276427165182,0.296572693009528,0.9706888350855872,0.18022380570052085,0.7014903216992591,0.029023617951385465,1.0,0.6330471880619581,0.9354376146730705,0.333331264642452,0.23809477369586324,0.8279569845115041,5.0
2021-04-12 01:42:33.980,0.4668478149199289,0.24983710473099635,0.5269303629529812,0.20233427054592065,0.2411614904609211,0.9623214260931435,0.12180725612203458,0.7571439478430858,0.03734579396664503,0.7208237805139621,0.5643776696031203,0.8321377370845676,0.36363551735373595,0.14285540135947328,0.4623655215446855,5.0
2021-04-12 01:42:34.000,0.4863700311838438,0.5012367370728052,0.5149434055491202,0.23872127895434572,0.18946961273124416,0.9614571807433494,0.06788814733038001,0.8091165531506543,0.038194015271854266,0.3913043431842454,0.48497852373560185,0.6944045747954635,0.3030301149674988,0.1190473868479247,0.5483870733319454,5.0
2021-04-12 01:42:34.020,0.49072595226959226,0.5694441907638558,0.5038359936616141,0.24996831606604514,0.15431017292183546,0.9683698818696472,0.03155108390204524,0.8444903647726751,0.031279972026604846,0.30434781810624645,0.4463519209198523,0.576757518735075,0.2727289652925457,0.1190473868479247,0.7419354767672561,5.0
2021-04-12 01:42:34.040,0.4919661532486427,0.41384598723262395,0.5206863476085807,0.2538068413724247,0.14449393451690498,0.9646782294703858,0.02142086511441439,0.8543674872244806,0.034968528491424476,0.43249428104493903,0.4484978383218619,0.49928262815872165,0.15151505748375824,0.26190035011067997,0.7419354767672561,5.0
2021-04-12 01:42:34.060,0.5050350787489197,0.26213117902894023,0.5324823327359007,0.2652756356441156,0.15524316221411355,0.949570968421611,0.03245433560819104,0.8435521777124102,0.05005717708198588,0.5835240188620463,0.472102987707223,0.47058822189288385,0.09090965509752111,0.3333317079355075,0.763440864714071,5.0
2021-04-12 01:42:34.080,0.5206401052111997,0.2546992447303302,0.5288076970378588,0.2866827960066212,0.17229683496466022,0.9329118507593357,0.050105379365711813,0.8263912112484845,0.06668849559587754,0.6453088928751706,0.43347637962208657,0.42467717797408505,0.06060540238623713,0.5714264816313707,0.8279569845115041,5.0
2021-04-12 01:42:34.100,0.5049859316171974,0.35090220049025744,0.5201621612124763,0.3149607830056977,0.18681110455766187,0.914345084967304,0.07316025190685965,0.8042909441008745,0.09686006310248088,0.5423340529059957,0.3798283135397598,0.34146340661429814,0.12121080477247426,0.28571324081569227,0.6989247228951322,5.0
2021-04-12 01:42:34.120,0.49865809814526757,0.442994685054042,0.5171404700022936,0.34260023089476777,0.2017247970327214,0.8910016288186074,0.08915062976715364,0.7891407019931537,0.1143225097824981,0.4622425627361875,0.3583690861232102,0.2725968231210762,0.09090965509752111,0.28571324081569227,0.5268817074066363,5.0
2021-04-12 01:42:34.140,0.513248684610641,0.5200500350735937,0.5130275076949441,0.36384578192971984,0.22439715868367335,0.8676379859172156,0.10514100762744764,0.773990459885432,0.13178495646251534,0.41189930743203274,0.33637337918051197,0.23601146282402674,0.3030301149674988,0.42856864217516555,0.763440864714071,5.0
2021-04-12 01:42:34.160,0.5056763176097784,0.5593680745641292,0.504525332244204,0.38453365927382926,0.27318058816824053,0.8364582847063892,0.15723165897229718,0.7249815089338525,0.16278623633864206,0.361556052127878,0.31437767223781377,0.19942610252697732,0.15151505748375824,0.452379094783446,0.6774193569698231,5.0
2021-04-12 01:42:34.180,0.49070365165522706,0.5063896985871479,0.5151400685583469,0.9194015400032298,0.1699033053747338,0.9886272881999575,0.04782843235647785,0.8288022133450327,0.011059527709122597,0.2791761970097523,0.270386256595955,0.12338593684382204,0.333331264642452,0.3333317079355075,0.6989247228951322,5.0
2021-04-12 01:42:34.200,0.48223109833418326,0.5636219075397452,0.5119778232303674,0.9059417917225158,0.3789344131386063,0.7778346932055161,0.2721139853472436,0.6188710735022885,0.22088789168282721,0.244851254911052,0.27896994728154084,0.06312768861776942,0.21212045986997774,0.42856864217516555,0.6989247228951322,5.0
2021-04-12 01:42:34.220,0.5021261991124129,0.6323521303324616,0.5072680307417495,0.9065262585387127,0.43355458994940127,0.756522529046845,0.31836329536330504,0.5768038286905551,0.234078790439914,0.19450800316564248,0.2896995606385232,0.014347201958583938,0.21212045986997774,0.404760627663617,0.6774193569698231,5.0
2021-04-12 01:42:34.240,0.5049607766527529,0.6937234195491359,0.49547000608423436,0.9029254083035362,0.49233532152489257,0.7454778519781106,0.36461260537936646,0.5347365838788226,0.24726968919700085,0.1693363820691484,0.3047210193382985,0.0,0.28787954013002226,0.452379094783446,0.37634406885420235,5.0
2021-04-12 01:42:34.260,0.497472329760765,0.7473399006312339,0.49026346720494174,0.8980873353817603,0.549650399708614,0.7409862995032793,0.46049528301886694,0.4480165801223768,0.256886009349001,0.24713958408461492,0.33261801582291484,0.02582496352545114,0.36363551735373595,0.49999999999999306,0.4408601996623883,5.0
2021-04-12 01:42:34.280,0.4985011442558052,0.7175048224486277,0.4987498163057001,0.8995138718520648,0.6047695543517397,0.7330453356615387,0.5223805700521909,0.39297504015717977,0.264533511880178,0.36613272208775133,0.34549354921660025,0.09469155641335246,0.18181620715871138,0.6904738684793092,0.3118279380460164,5.0
2021-04-12 01:42:34.300,0.48799675139385484,0.6546208725330463,0.5029795188978293,0.9095037585104623,0.6520605618929515,0.7193284372046892,0.5763937675632205,0.34579171803587444,0.2779118586290755,0.4187642973876523,0.36266093146600314,0.15494975766600844,0.09090965509752111,0.547620905216554,0.6129032151508842,5.0
2021-04-12 01:42:34.320,0.5042416422402052,0.7330655981832235,0.5048694142311879,0.9247917578756901,0.6878416937936357,0.7047218076227704,0.6178806202328361,0.31012212330125744,0.29219729097793595,0.3958810112710949,0.35407724078041725,0.2094691368519766,0.15151505748375824,0.5952369342396512,0.5483870733319454,5.0
2021-04-12 01:42:34.340,0.49977706888624535,0.8060817365828388,0.49216954701093935,0.9383693716058256,0.7114729109777229,0.6964795564970443,0.6453482537133669,0.2865816696919737,0.30022940876172294,0.3569793934061475,0.3369098594092455,0.24677187368764403,0.21212045986997774,0.49999999999999306,0.6774193569698231,5.0
2021-04-12 01:42:34.360,0.4946334184403627,0.8089696074421793,0.4918347294019905,0.9492057023061401,0.7291924890451963,0.6877285992033791,0.6662139953833791,0.2689250816500044,0.30879386237413226,0.31350113929575507,0.3111587873524879,0.26398851603794476,0.24242471258126172,0.6904738684793092,0.6129032151508842,5.0
2021-04-12 01:42:34.380,0.4895116471336617,0.7838098121617577,0.4968035305527002,0.9570747399396051,0.7454716784212693,0.6745870231983654,0.6858409022480889,0.25272578003090623,0.3216864303628006,0.2402745964890053,0.30901286116816684,0.2754662682101326,0.18181620715871138,0.6190473868479316,0.3978494457902644,5.0
2021-04-12 01:42:34.400,0.490576079772762,0.8342285538607067,0.4981347203827388,0.9606113109760805,0.75768174718637,0.6642312190653777,0.7006661481332727,0.24057205193433837,0.3318432742311538,0.17162471517606126,0.3111587873524879,0.2840745987799623,0.3030301149674988,0.6666658539677607,0.6344085810761932,5.0
2021-04-12 01:42:34.420,0.5041439820181818,0.8624469095697792,0.49294905789433024,0.9583894864991199,0.7685633137902862,0.6604209694940334,0.7134935768767539,0.2297441716399826,0.3355498786782052,0.1624713939865526,0.3240343233808667,0.3012912317355837,0.24242471258126172,0.6904738684793092,0.6129032151508842,5.0
2021-04-12 01:42:34.440,0.49917599329664936,0.8379071483781688,0.4957305870684508,0.9554902394649246,0.7778538058113024,0.657799214987656,0.7244141409072581,0.22050427693137575,0.3380797666885401,0.24942791344548015,0.35407724078041725,0.3271161976097047,0.48484942516252344,0.6666658539677607,0.5913978492255751,5.0
2021-04-12 01:42:34.460,0.5008276562373484,0.7583668820649772,0.5011568204195378,0.958118517476226,0.7875689854147488,0.6528040030330612,0.7360372340425486,0.2108399334561947,0.3429554691429347,0.35354689936484957,0.39484977417164363,0.3959827740569171,0.18181620715871138,0.5952369342396512,0.4838709535345123,5.0
2021-04-12 01:42:34.480,0.501001626741267,0.7321755718353664,0.5003034682181785,0.9666254866658326,0.7917954088625563,0.6493258255435577,0.7412058410276934,0.20663648569731438,0.3463638005369417,0.3684210402104738,0.3905579279506195,0.4591104626746866,0.36363551735373595,0.7380947736958563,0.5483870733319454,5.0
2021-04-12 01:42:34.500,0.504534305830151,0.7685463382898496,0.4952401076437768,0.9776951180495375,0.7876315456251909,0.6487671571627041,0.7364449518265779,0.21077245793363333,0.3469419854587023,0.3203661236323033,0.3669527771600885,0.48780486659185446,0.24242471258126172,0.6190473868479316,0.5268817074066363,5.0
2021-04-12 01:42:34.520,0.49416482924691546,0.7732183749561296,0.5023013168348215,0.9901414664867828,0.7759697810121948,0.6433026032079281,0.7234293456443243,0.22237344133853743,0.3524033373565669,0.2356979363437767,0.3712446226785277,0.48780486659185446,0.3030301149674988,0.547620905216554,0.3763440138004375,5.0
2021-04-12 01:42:34.540,0.5019473667376484,0.8226247426766995,0.4976292098184814,1.0,0.7527900199621205,0.6361527077374537,0.6973761792452812,0.2454421208832302,0.3595991516751149,0.18535469134125282,0.3841201581799678,0.49354374737528806,0.39393977006501996,0.7380947736958563,0.5483870733319454,5.0
2021-04-12 01:42:34.560,0.5050585426037599,0.8645524345450786,0.4980639380893049,0.796771653189298,0.8150647994448978,0.6658108324638295,0.7668293356081826,0.18349829712116203,0.3299698331897793,0.25858123088894125,0.3862660808513643,0.5337159128593231,0.24242471258126172,0.8571421605437949,0.5268817074066363,5.0
2021-04-12 01:42:34.580,0.4877978368293238,0.6720030254554908,0.5032424811690779,0.840301064811051,0.7096878395884018,0.6401423670733887,0.6477067442794112,0.2883598807920115,0.35591735714351797,0.37986270574503805,0.39914161775797424,0.576757518735075,0.24242471258126172,0.6904738684793092,0.5483870733319454,5.0
2021-04-12 01:42:34.600,0.4913279790875606,0.5775632116542476,0.5158890033961484,0.8513992512263169,0.6915411677765585,0.6283681912291093,0.6280798374146902,0.3064322289716228,0.3676697617656957,0.4118992980669137,0.39914161775797424,0.591104720693659,0.4242440227762863,0.63095017505534,0.5053763304705743,5.0
2021-04-12 01:42:34.620,0.5010268873238684,0.6198441376359165,0.511977009151141,0.864920970001055,0.6699560905522948,0.6167227059332638,0.6046392011240488,0.3279449044796163,0.37932052576649544,0.3203661236323033,0.38841200527922304,0.576757518735075,0.3030301149674988,0.5714264816313707,0.4623655215446855,5.0
2021-04-12 01:42:34.640,0.512621926076644,0.7124484053843627,0.5011800624115373,0.8716307948639338,0.6469718301598568,0.6132621918523747,0.5789906162183855,0.3508697594858107,0.382884934922676,0.17848970325865704,0.35407724078041725,0.5738880783433582,0.36363551735373595,0.6904738684793092,0.4408601996623883,5.0
2021-04-12 01:42:34.660,0.49746271163723005,0.7348561867482226,0.49503189229076,0.8678493796206744,0.6223219041643744,0.614578115793739,0.5511278101164235,0.3754613523314827,0.38173996963706525,0.1350114397831457,0.33476393673784904,0.5710186379516414,0.333331264642452,0.7380947736958563,0.5483870733319454,5.0
2021-04-12 01:42:34.680,0.48834754553267445,0.6812099348640189,0.4977230799360819,0.8603699055241586,0.6002715353749419,0.6135574231105488,0.5265079285427544,0.3974576332285705,0.3828967550312796,0.1922196794238486,0.3369098594092455,0.5853658399102254,0.333331264642452,0.6190473868479316,0.5268817074066363,5.0
2021-04-12 01:42:34.700,0.4958168620174034,0.5452592543714386,0.5094473328646612,0.8556654944522436,0.5839165518977556,0.6040116124294894,0.5091516961059794,0.4137941042661355,0.3924523432190221,0.24256292480097724,0.36266093146600314,0.5968436014770925,0.36363551735373595,0.452379094783446,0.5483870733319454,5.0
2021-04-12 01:42:34.720,0.5162862982618177,0.5486385344205729,0.5070131746057341,0.8537182843213559,0.5676511979528376,0.5970471827494098,0.4917076475311173,0.4300386976743497,0.39945685031108197,0.2540045721672107,0.3648068541373996,0.5997130418688094,0.24242471258126172,0.5238080145115417,0.4623655215446855,5.0
2021-04-12 01:42:34.740,0.5113532939754051,0.5901634172128158,0.5022143658930527,0.8530452361519341,0.5482364787985552,0.5922780624250082,0.4706192292252098,0.44943227204503894,0.4043199477277859,0.26773454833240223,0.34549354921660025,0.5824963995185085,0.36363551735373595,0.5952369342396512,0.5483870733319454,5.0
2021-04-12 01:42:34.760,0.4946967288228225,0.5627850727828216,0.5004738901386546,0.8532292034616479,0.5311067111766522,0.5846474699059685,0.4524287434765123,0.4665483164487404,0.4120003864990824,0.2608695602498065,0.3304720913950561,0.5652797571682079,0.2727289652925457,0.5714264816313707,0.4623655215446855,5.0
2021-04-12 01:42:34.780,0.5010149440493078,0.5297701686196772,0.5034873030114794,0.8523761978380082,0.5189291255977433,0.5732974682027088,0.4401595744680829,0.4787284801609951,0.4233348240778377,0.20823798120385786,0.3240343233808667,0.5451936744261903,0.3030301149674988,0.547620905216554,0.4408601996623883,5.0
2021-04-12 01:42:34.800,0.5104653684492166,0.5557036349688654,0.5023996109748229,0.84760203958262,0.5095123100748706,0.5638869087647109,0.43078833801685223,0.4881434414993689,0.43273742804745513,0.14645308471444818,0.3304720913950561,0.507890949333872,0.4242440227762863,0.3809526131520684,0.3978494457902644,5.0
2021-04-12 01:42:34.820,0.5161329378167948,0.5960432233734321,0.498518387540701,0.8382911551215021,0.5041967975789192,0.560405703262307,0.4253123745483746,0.4934514543193489,0.43623314821314363,0.17162471517606126,0.33798282074494373,0.4691535028713604,0.45454517245123943,0.452379094783446,0.3763440138004375,5.0
2021-04-12 01:42:34.840,0.5028886675907128,0.5767153954662482,0.5012431179920294,0.8292624186743582,0.5027876889927424,0.5563935861640007,0.42420212765957016,0.49486714624201106,0.4402158784003742,0.23340960791942333,0.33905578208064197,0.44189382032438584,0.36363551735373595,0.35714216054378795,0.20430099831194165,5.0
2021-04-12 01:42:34.860,0.4990440887423922,0.4814491560802045,0.5051272364314714,0.823024055609162,0.5087444436457326,0.5488084138385232,0.4315912284223127,0.4889102592187741,0.44769813027259664,0.19794050235775582,0.3385193018519084,0.42395981781743913,0.21212045986997774,0.452379094783446,0.3763440138004375,5.0
2021-04-12 01:42:34.880,0.49808312909205243,0.4969367990604527,0.5070238581170017,0.819969882339903,0.5161497077866711,0.5382381254581454,0.44472601364912673,0.47818128140269334,0.45918875334889026,0.16247139679608832,0.3379828216231749,0.4060258153104924,0.3030301149674988,0.35714216054378795,0.5483870733319454,5.0
2021-04-12 01:42:34.900,0.5072340191804788,0.5876299346839757,0.4951311078505155,0.814111240439076,0.5227958278355037,0.5360478627906432,0.45746562625450965,0.4666228168202243,0.458888464105446,0.1212814692370255,0.33905578208064197,0.3586800442672592,0.45454517245123943,0.5238080145115417,0.3548386919181404,5.0
2021-04-12 01:42:34.920,0.5004438854058294,0.6367636468377829,0.49158379504601807,0.8038946146790109,0.5310375340208745,0.5373562166997441,0.478196507426736,0.44837299877305525,0.46318121050049255,0.17162471517606126,0.34549354921660025,0.3586800442672592,0.4242440227762863,0.4761895473917265,0.4623655215446855,5.0
2021-04-12 01:42:34.940,0.4999647794478992,0.5242614487481033,0.5113049184585033,0.7419988497790264,0.5109920996680404,0.5706535082683682,0.46450973504616927,0.45964381427852347,0.44973178919230916,0.21510297115947744,0.33476393673784904,0.3672883654424096,0.6666656323212348,0.4761895473917265,0.22580643030176845,5.0
2021-04-12 01:42:34.960,0.49384294134574896,0.5645724872504919,0.5091895790157451,0.6753860366867758,0.5808498985050811,0.5118464696523719,0.4508229626655914,0.4709146297839917,0.43628236788412583,0.20366132435515114,0.32832616872365966,0.3873744481844271,0.39393977006501113,0.5833317079355109,0.3548386919181404,5.0
2021-04-12 01:42:34.980,0.4965361023805888,0.5954951617596927,0.5066247023767262,0.6721502048124817,0.5910977422080205,0.5013064614010369,0.5284963368125194,0.40662302756569263,0.49412568536641144,0.14645308471444818,0.3133047100238844,0.37876612700927675,0.3030301149674988,0.404760627663617,0.24731186229159527,5.0
2021-04-12 01:42:35.000,0.5016717196402491,0.6807432407139695,0.5014384110256531,0.6654829087200137,0.5988552083029427,0.49375661589277753,0.5381184765154466,0.39888071972904776,0.5015323224032568,0.10983982243269917,0.2854077152957303,0.3558106085728821,0.45454517245123943,0.42856864217516555,0.1612903545473473,5.0
2021-04-12 01:42:35.020,0.5003342289893401,0.6523578793525969,0.5031572076336444,0.6613381762666859,0.6052298832079078,0.4860124728898233,0.5462540144520246,0.3925180552482182,0.5091423791997559,0.13272310854925662,0.270386256595955,0.3644189273993626,0.4242424712581297,0.4583310984113297,0.1720430154884959,5.0
2021-04-12 01:42:35.040,0.498996738338431,0.6239725179912244,0.5048760042416356,0.6571934438133581,0.611604558112872,0.4782683298868654,0.5543895523885913,0.3861553907673895,0.516752435996255,0.1510297509282739,0.2725321757544269,0.37876612700927675,0.39393977006501113,0.4880935546475077,0.18279567642964448,5.0
2021-04-12 01:42:35.060,0.5029583192075051,0.597588980887127,0.5028587995526356,0.6492660810090429,0.6240961478249647,0.463243329855323,0.5704003161380907,0.3736877628425798,0.53151148839988,0.1350114397831457,0.28755363796712674,0.37589668896622974,0.45454517245123943,0.547620905216554,0.4408601996623883,5.0
2021-04-12 01:42:35.080,0.5117286092589021,0.6505487148012628,0.5034009041153059,0.6409741858869362,0.6351671996816639,0.45109696075821354,0.5845042151746243,0.3626350873826504,0.5434327451203524,0.11441648864652489,0.2982832513241091,0.39311333131653053,0.3030301149674988,0.452379094783446,0.24731186229159527,5.0
2021-04-12 01:42:35.100,0.514737791344582,0.6748560661131254,0.5005063229828344,0.6310771334588042,0.642940305829198,0.4432089871423021,0.5943647129666723,0.3548840909170741,0.5511626498148937,0.14416476284567808,0.3261802460522632,0.41893829719065145,0.4242440227762863,0.42856864217516555,0.4623655215446855,5.0
2021-04-12 01:42:35.120,0.5074914872098185,0.6659054117177357,0.4991973934542976,0.6232469792725709,0.6466313582453302,0.43911612303321185,0.5991005118426247,0.3512041792674889,0.5551723907971755,0.2242562904759623,0.3519313181090208,0.4476327020472873,0.3030301149674988,0.3333317079355075,0.3978494457902644,5.0
2021-04-12 01:42:35.140,0.5024454973184403,0.638364904619315,0.49467223654097797,0.6203635286388132,0.646723694709782,0.4375466030111076,0.5994266860698549,0.3511152594692658,0.5567195783721705,0.31807779427143806,0.3712446226785277,0.4791965430680343,0.36363551735373595,0.23809477369586324,0.22580643030176845,5.0
2021-04-12 01:42:35.160,0.4902600587219218,0.5507910343389624,0.4995013699154345,0.6238180799037829,0.6451596894487093,0.43209113309504343,0.5984356182256108,0.3526749607948731,0.5621327879527015,0.3546910640452823,0.39914161775797424,0.49928262815872165,0.36363551735373595,0.42856864217516555,0.3548386919181404,5.0
2021-04-12 01:42:35.180,0.49728895259127875,0.6037126105838142,0.4962826912075352,0.630378446516365,0.6383800274121999,0.43085822717414296,0.5909900642312321,0.35943878112216116,0.5634169627204993,0.361556052127878,0.414163079092443,0.5107603897255888,0.6060602299349976,0.547620905216554,0.5483870733319454,5.0
2021-04-12 01:42:35.200,0.5043648801763675,0.6240300415339365,0.4958854829397153,0.6375427216687624,0.6295169299057953,0.4318488920626949,0.5808723906061771,0.3682797383576536,0.5625253756223123,0.37528602829306956,0.4098712319931877,0.5107603897255888,0.6060602299349976,0.404760627663617,0.3118279380460164,5.0
2021-04-12 01:42:35.220,0.5021315894065232,0.5996947962353485,0.4964328181268789,0.6453983931172426,0.621660209630844,0.4311877759119066,0.5721472300280965,0.37611595733254666,0.5632607618321945,0.335240269160487,0.38948496661492127,0.50071734835458,0.39393977006501996,0.28571324081569227,0.1612903545473473,5.0
2021-04-12 01:42:35.240,0.494311689797634,0.5899359254865497,0.5038631879992328,0.6535286789117922,0.6140092162017711,0.42602249056584457,0.5643127759935747,0.3837510437908752,0.5684477117557181,0.23112127799665094,0.34549354921660025,0.47058822189288385,0.39393977006501996,0.4761895473917265,0.3978494457902644,5.0
2021-04-12 01:42:35.260,0.5028843341763797,0.5999520611885462,0.5010810414365725,0.6568799460200534,0.6091463629208038,0.4211625298543149,0.5595707045363232,0.38860632358413766,0.5733016054941084,0.19851258348050668,0.33798282030582816,0.4440458995025552,0.2727289652925457,0.4761895473917265,0.5268817074066363,5.0
2021-04-12 01:42:35.280,0.49604494692039286,0.6378996597271883,0.501266120633906,0.6556300862131063,0.6053852310381652,0.414823889507809,0.5577579285427436,0.3911916528526717,0.580619530153361,0.16590388896436242,0.33047209139505607,0.41750357711222663,0.36363551735373595,0.3809526131520684,0.3548386919181404,5.0
2021-04-12 01:42:35.300,0.5046514664554628,0.6292538216092437,0.4973421787233024,0.6487727472722961,0.6077213135117723,0.4127809901349839,0.5700960959453962,0.38105017424398363,0.5867958447140804,0.20137299312126208,0.3261802460522632,0.3902438932734836,0.3030301149674988,0.5714264816313707,0.5268817074066363,5.0
2021-04-12 01:42:35.320,0.5013791617792871,0.5772835443391724,0.5022422181727514,0.641327782235199,0.616712539141487,0.40745421076736094,0.584704937775995,0.36923493294689214,0.5951752551419307,0.23340960791942333,0.33261801582291484,0.3644189273993626,0.45454517245123943,0.3333317079355075,0.4623655215446855,5.0
2021-04-12 01:42:35.340,0.5046149760472871,0.5883515773205654,0.50038627495216,0.6365967603040831,0.6285580743726611,0.398858691469456,0.5074894620634223,0.43175627323630533,0.5470398944348562,0.23798626645385146,0.33261801582291484,0.3558106085728821,0.333331264642452,0.3809526131520684,0.3978494457902644,5.0
2021-04-12 01:42:35.360,0.5078507903152871,0.5994196103019586,0.4985303317315688,0.4888809744872335,0.6119713474236173,0.4166015854170874,0.6200132978723356,0.33985387205051093,0.6084829736637684,0.20366132435515114,0.3304720913950561,0.361549484658976,0.2727289652925457,0.6666658539677607,0.4623655215446855,5.0
2021-04-12 01:42:35.380,0.5039582796311738,0.6633070353873359,0.49451431648271565,0.47710354285314166,0.6697479575444759,0.38106406896803935,0.633919610598148,0.3281534315739967,0.612335005462637,0.18993134818995955,0.33476393673784904,0.38450501014138017,0.4242440227762863,0.452379094783446,0.4838709535345123,5.0
2021-04-12 01:42:35.400,0.5022445751223159,0.7073461772935226,0.4910311772488141,0.472484918386682,0.6757447146397211,0.3803055517354919,0.6408257226013611,0.32217935215734034,0.6130159545317236,0.2242562904759623,0.3476394745226901,0.41893829719065145,0.09090965509752111,0.5238080145115417,0.5913978492255751,5.0
2021-04-12 01:42:35.420,0.49690814095220665,0.6860459352382909,0.49200932803626285,0.4702916489412824,0.6771667563463275,0.3795147356986302,0.6425695002007175,0.32076014781021606,0.6137833997080399,0.26773454833240223,0.36909870018277746,0.4304160587575187,0.2727289652925457,0.4166646349193843,0.41935482272632635,5.0
2021-04-12 01:42:35.440,0.49793980946484523,0.6488319767391285,0.4916046241625453,0.47048242085426184,0.6787397847146763,0.3802061319784647,0.6442380068245737,0.3191954551445837,0.6130834738239685,0.2837528538584591,0.38197423673809494,0.43902438040240294,0.4242440227762863,0.3333317079355075,0.2903225060561896,5.0
2021-04-12 01:42:35.460,0.49873092082253423,0.6460689795728711,0.49295120837516043,0.4719745731417695,0.6791590584327402,0.38150691585530944,0.6445077278201453,0.3187715609713446,0.6117945433093496,0.28832951070716584,0.40557938489393247,0.4447632607161026,0.21212045986997774,0.30952125532724084,0.3118279380460164,5.0
2021-04-12 01:42:35.480,0.4910951381535361,0.6642214821585694,0.49285599329578983,0.47442544542507636,0.6769890011330018,0.3865180248776516,0.6412585307105534,0.32093965118667284,0.6068620797084314,0.31578946491057275,0.414163079092443,0.45624102463163957,0.2727289652925457,0.547620905216554,0.3118279380460164,5.0
2021-04-12 01:42:35.500,0.49409575885138335,0.6644316297101451,0.4981294538797945,0.47962246116910445,0.6731887691188367,0.388857164846283,0.6365854576475252,0.3247238263834466,0.6045936654286523,0.3386727585192254,0.4120171529081219,0.46484934580679,0.333331264642452,0.5952369342396512,0.4408601996623883,5.0
2021-04-12 01:42:35.520,0.4941500851517296,0.6142789763002654,0.49660602476389293,0.48528243295673573,0.6706851576201504,0.3904584790038855,0.6335118928141298,0.32721653856484956,0.6030382437936276,0.3318077704366296,0.414163079092443,0.45624102463163957,0.24242471258126172,0.5714264816313707,0.2903225060561896,5.0
2021-04-12 01:42:35.540,0.5021348658967483,0.6312403986207954,0.5019150723429429,0.49129782375421416,0.6693079306796775,0.38996390356283367,0.6320190184664701,0.3285913754450848,0.6035434610918339,0.30892447682797697,0.40128754306406417,0.44189382032438584,0.4242440227762863,0.3809526131520684,0.4623655215446855,5.0
2021-04-12 01:42:35.560,0.5053178072500336,0.6544280685499544,0.5004459222753497,0.49577488817059845,0.6692249180927438,0.3892119470249138,0.6320441087916443,0.3286801103788637,0.6042836030485371,0.28146452449759385,0.3905579279506195,0.43902438040240294,0.21212045986997774,0.4761895473917265,0.22580643030176845,5.0
2021-04-12 01:42:35.580,0.49868927756715337,0.6572368821986457,0.4999833838788486,0.4984036522249908,0.6689373817408997,0.3884259253418196,0.6318496587715838,0.32896443189584673,0.6050630838041867,0.24942791344548015,0.3776823901657784,0.43902438040240294,0.36363551735373595,0.49999999999999306,0.20430099831194165,5.0
2021-04-12 01:42:35.600,0.5015891735648548,0.6487501722005391,0.500923827996672,0.49847971796863694,0.6696017832066135,0.38667220120136436,0.632878362103578,0.32829485287470667,0.6067950221391788,0.22425628953945037,0.3669527771600885,0.44189382032438584,0.3030301149674988,0.6428529632627483,0.3763440138004375,5.0
2021-04-12 01:42:35.620,0.5005205127638489,0.657401213873994,0.5040844905933838,0.49752464329601337,0.6694357580327459,0.3827446161299703,0.6332986250501832,0.32846326438444123,0.6106788512614525,0.23798626645385146,0.37553646854825934,0.4476327020472873,0.15151505748375824,0.452379094783446,0.24731186229159527,5.0
2021-04-12 01:42:35.640,0.49784299463138365,0.6330416872158048,0.5009794320747456,0.49534717025105135,0.6703819812156955,0.38064519384960316,0.6347036832597335,0.32752341354416725,0.6127406752836971,0.27002287769326755,0.3862660808513643,0.453371581891253,0.15151505748375824,0.4761895473917265,0.3548386919181404,5.0
2021-04-12 01:42:35.660,0.49732076615433024,0.6430121510762424,0.5000742145429087,0.49445528118017823,0.6698123223763738,0.3795853893330667,0.634226967081492,0.32809335062925044,0.613791679940369,0.28947367819713415,0.39216736885637793,0.4598278233597832,0.0,0.6666658539677607,0.4623655215446855,5.0
2021-04-12 01:42:35.680,0.49574953570679453,0.6324564816313212,0.501027334530124,0.4959510787908649,0.6685966090561325,0.37817483998844276,0.6319217934564455,0.33050231921689965,0.6164855719575791,0.3089244787010008,0.3980686568613916,0.46628406482831347,0.18181620715871138,0.5714264816313707,0.09677416868539654,5.0
2021-04-12 01:42:35.700,0.5001988364314769,0.6304262561137065,0.5008481378283663,0.49980540049768213,0.6661985679125669,0.3756010290197189,0.6272079486150065,0.33487732118108393,0.6181103905583508,0.32723111171489905,0.4034334639789983,0.47058822189288385,0.03030114967495314,0.547620905216554,0.3118279380460164,5.0
2021-04-12 01:42:35.720,0.5022521850601221,0.605309532533846,0.5031133819221705,0.5043219559151614,0.6630043879370678,0.3752982277292815,0.6254947498494415,0.33658976675468044,0.6195402235394621,0.3295194410757643,0.4045064257538121,0.4727403033610064,0.3030301149674988,0.547620905216554,0.3118279380460164,5.0
2021-04-12 01:42:35.740,0.5009822849868677,0.6043695032413409,0.4996422620596241,0.5096266302037126,0.6610120858506552,0.3726108662766432,0.6237815510838878,0.3383022123282769,0.6209700565205735,0.3318077704366296,0.40557938752862593,0.47489238482912893,0.333331264642452,0.404760627663617,0.24731186229159527,5.0
2021-04-12 01:42:35.760,0.4981324875709151,0.6205907840181047,0.5000171651583237,0.5175076974036655,0.6563102950345546,0.3715509355929027,0.6183134283420284,0.3433681451570418,0.6226189308892456,0.31807779427143806,0.39699569596480894,0.4591104626746866,0.2727289652925457,0.6190473868479316,0.22580643030176845,5.0
2021-04-12 01:42:35.780,0.4949669856261114,0.6114590326999012,0.5024961546338979,0.5253317760512705,0.653187247221409,0.36791239958667804,0.6173035427539093,0.3446657086991105,0.6255196286347197,0.29748283002365067,0.38841200527922304,0.4447632607161026,0.12121080477247426,0.4404763065760238,0.41935482272632635,5.0
2021-04-12 01:42:35.800,0.49811547096754133,0.6104315629668076,0.502087595767125,0.5285264157736541,0.654487777750041,0.36477714455859767,0.6197968938177394,0.34276668868402205,0.6275724952309132,0.2791761970097523,0.38841200527922304,0.42467717797408505,0.12121080477247426,0.4583323174596887,0.43010751119435736,5.0
2021-04-12 01:42:35.820,0.5091508657064804,0.6178793847258448,0.501575546552215,0.5300506469051262,0.659514550813177,0.36265122716531595,0.6222902448815807,0.34086766866893353,0.6296253618271066,0.27459953641499807,0.38841200527922304,0.41893829719065145,0.12121080477247426,0.4761883283433536,0.4408601996623883,5.0
