2021-04-27 00:44:17.340,0.7119288182573752,0.6496845636215162,0.19670467382731285,0.753527142565497,0.7469967414185633,0.4147901816535198,0.4520429719177006,0.21183267500252062,0.8007574383234916,0.49197713635051904,0.4043146189665778,0.345395987508282,0.18774446833036187,0.9415202460473227,0.8650306455553475,3.0
2021-04-27 00:44:17.360,0.6909325766230562,0.45938233421573005,0.3021199051080187,0.3769152628866396,0.4672034544797073,0.11765752082236902,1.0,0.6262212864085083,0.7662969339488167,0.4563502634240108,0.39977291799285075,0.3533805334219567,0.182529410963663,0.9239763198615177,0.7852760612864619,3.0
2021-04-27 00:44:17.380,0.7334008577200813,0.3518562315856039,0.5865468242916229,0.5841070799104033,0.42366264441821133,0.30119735702419587,0.6577961936732056,0.701206144449928,0.9975690103733635,0.44030457485798147,0.38852188603520893,0.35621375939132505,0.17861791767787208,0.9239763198615177,0.7852760612864619,3.0
2021-04-27 00:44:17.400,0.6106286859122827,0.894225667997984,0.2650000705867669,0.0,1.0,0.06249946358432785,0.69664786297504,0.0,0.47565904854330215,0.48300242646241087,0.40514038277998266,0.35363809941917196,0.182529410963663,0.9122805686810236,0.8220858452482224,3.0
2021-04-27 00:44:17.420,0.7913625510644609,0.40706516336869847,0.4241563493965124,0.4662350133631202,0.4150412315051914,0.17866177936202068,0.9132907306920458,0.7162458699382219,0.8808361339826546,0.47185203209437515,0.38052229824797745,0.36471343729943034,0.17992174877313585,0.9181287436863343,0.8098159382016639,3.0
2021-04-27 00:44:17.440,0.701201967902377,0.34757193043066265,0.52096271198058,0.6147567635157545,0.4652267169805983,0.32072404400428034,0.6123608764386427,0.6295862451080976,0.9906728014692313,0.4631492852705425,0.39007019318534314,0.3590469853606935,0.17731422008978623,0.9122805686810236,0.7852760612864619,3.0
2021-04-27 00:44:17.460,0.5423150219022184,0.7864544932888573,0.271385120231657,0.14005815524637347,0.8325836834197592,0.0,0.8711947330485477,0.11936045911868944,0.4697137216997271,0.4645770796435021,0.3807287392013287,0.36072116539669663,0.17470669140643696,0.8713445413041063,0.76073618437126,3.0
2021-04-27 00:44:17.480,0.8392629096537161,0.37433746236844523,0.543933666158864,0.502660114078393,0.40218876210941085,0.2123766201040698,0.8506357428885309,0.7387661508643738,0.9294008781751864,0.4660048740164618,0.3713872852173143,0.36239534543269974,0.17470669140643696,0.894736642495222,0.8098159382016639,3.0
2021-04-27 00:44:17.500,0.6850173581121507,0.38362772871553563,0.42396558987608574,0.6338707419578942,0.4989049349949387,0.33255149762106084,0.7662866623554072,0.40270588574014865,0.7555819742512387,0.45308673336507355,0.40080512275960695,0.34127493155283706,0.16688397184921056,0.8421048639378107,0.8220858452482224,3.0
2021-04-27 00:44:17.520,0.5434948342162124,0.6849443033096346,0.25699869253835567,0.1870620207001197,0.7299148905204853,0.02732827574889639,0.8491276178763341,0.7155554349114042,0.9267022612438255,0.4558063421927275,0.4066886899301169,0.3636831754187763,0.16036508338724792,0.8304091127573165,0.7852760612864619,3.0
2021-04-27 00:44:17.540,0.7868004953129225,0.3364486358626982,0.5407776174132978,0.5033033258971141,0.4154363221746755,0.2123833317369603,0.6267104432787227,0.5493696089536257,0.9697722199231494,0.46668477616772447,0.3738645783472718,0.37475850992590315,0.1564537236086349,0.8362566889324999,0.7791411705852673,3.0
2021-04-27 00:44:17.560,0.5898189272438393,0.6964227126598128,0.2627564599792018,0.35763810671328666,0.6779596625621581,0.17957530812574476,0.746851036830847,0.46933431732461056,0.8391533217012611,0.4634212461087872,0.3680842324983089,0.37630390590919505,0.1525423638300219,0.8479530389431215,0.8282209244156712,3.0
2021-04-27 00:44:17.580,0.897731898264349,0.31290863947097924,0.5747973210520797,0.4765847134967035,0.613450835229008,0.19001879664885252,0.8669916303829713,0.38929902569559544,0.7085344234793728,0.46233340275580814,0.3800578069478086,0.37656147211723107,0.14602347536805924,0.8654969651289229,0.852760738508788,3.0
2021-04-27 00:44:17.600,0.6664335178831406,0.49601001355940505,0.274061478834631,0.5955313202801202,0.5489420078958579,0.20046228517196027,0.7961830378273683,0.3306947544955029,0.8230363441780633,0.49116125160975405,0.38439306696818437,0.36265290932170785,0.15514989251337152,0.8479530389431215,0.9141103993857513,3.0
2021-04-27 00:44:17.620,0.7388640001324251,0.3617575530253312,0.4021289942495639,0.5914045069219084,0.5611673832171051,0.22794101693425659,0.7929725901709372,0.47180123315154066,0.892643878128854,0.5284198886753185,0.38243187706647624,0.34204763165269014,0.13820075581083321,0.8304091127573165,0.8711655990786263,3.0
2021-04-27 00:44:17.640,0.7285143127332959,0.3598954178057673,0.39409513460507,0.6348332047042461,0.5877151349559676,0.2387930449974647,0.7667900565633636,0.43051303345768266,0.8890503823973208,0.5504487187991759,0.37613542798926386,0.319896951675759,0.1264668099821717,0.8128651865715116,0.8466257849855091,3.0
2021-04-27 00:44:17.660,0.717192890369298,0.3768523963381242,0.377146833229368,0.6435251867361177,0.5934311546738376,0.2456416784506462,0.7528624937285114,0.4217796416530671,0.8916572208884771,0.5580636267220908,0.3707679623572605,0.30083706577361874,0.12385914779164453,0.7777773341999051,0.877300678246075,3.0
2021-04-27 00:44:17.680,0.7053781606835489,0.4049222296081607,0.35273881036665494,0.649676916250056,0.5905113008140219,0.24683526339983516,0.7512660785237467,0.4262411572990578,0.8942319072793469,0.5591514656230085,0.3680842324983089,0.28770120202384514,0.10951753977245549,0.7543858318389203,0.8650306455553475,3.0
2021-04-27 00:44:17.700,0.6929561653937206,0.4356349720937776,0.32400380409124796,0.6558286457639944,0.5875914469542062,0.24802884834902414,0.7496696633189819,0.4307026729450486,0.8968065936702166,0.5607832284264466,0.36653592450330325,0.2843528440600461,0.09647976284853058,0.7017540532815089,0.8343558151168657,3.0
2021-04-27 00:44:17.720,0.6800814855970253,0.46491183316621776,0.2953891083353041,0.6594503852085828,0.5821071235616337,0.2462880850835933,0.7562572958236609,0.43188793191807007,0.8943994645656408,0.5594234264612533,0.3655037188916757,0.2897617152441172,0.09256840306991755,0.6666667997400264,0.8036809846783841,3.0
2021-04-27 00:44:17.740,0.6739238243059491,0.47859193313765663,0.2828563649596775,0.6724047693444413,0.5915553440530842,0.24285417509912105,0.7621276905977281,0.4287349550371907,0.8903852578372975,0.5524884250860116,0.3664327027593205,0.2976174871190648,0.08148637278888791,0.6140350211826168,0.8312883383552261,3.0
2021-04-27 00:44:17.760,0.667766163014873,0.4922720331090955,0.27032362158405077,0.6939622628445478,0.5936166587601385,0.23833392253230767,0.7679980853717953,0.42558197815631144,0.8863710511089542,0.5455534237107699,0.36736168662696533,0.3054732589940124,0.07464145979952037,0.5994151824994689,0.8604293990018451,3.0
2021-04-27 00:44:17.780,0.6601870014532062,0.5113813228444445,0.2543397961278923,0.728108798682019,0.6033837676154438,0.23976419338703328,0.7629424912228423,0.4120687010079422,0.8828287746749075,0.5123741969928464,0.36942609869509185,0.3265936697115643,0.06779654681015285,0.5847953438163194,0.8895704596484642,3.0
2021-04-27 00:44:17.800,0.6513730329453044,0.5287832699691241,0.23921615293942283,0.733804007763813,0.6029767613210534,0.2368855948532247,0.7706877719392764,0.40861774357231423,0.8775713991717452,0.4952406664094563,0.3719033867558209,0.3428203275361289,0.05997382725292681,0.5730995926358252,0.852760738508788,3.0
2021-04-27 00:44:17.820,0.6431244922254934,0.5463734755067484,0.2242304849739272,0.739499216845607,0.602569755026663,0.23400699631941604,0.7731692084599936,0.40725792508965547,0.8757198526181176,0.49306497859048276,0.3776837351393981,0.3611075154466232,0.05084741010761491,0.5555550676198964,0.9141103993857513,3.0
2021-04-27 00:44:17.840,0.6385858912175134,0.5535861529725071,0.21677157158369542,0.740825322979206,0.5986150330985445,0.2317000849339119,0.7770619992833329,0.41390944219118553,0.8767674063046745,0.500679880948321,0.3856317126882917,0.3832581890989328,0.05345493879096416,0.5204678140784172,0.8650306455553475,3.0
2021-04-27 00:44:17.860,0.6281841991653474,0.5710900752316256,0.20419619343578121,0.7554369383160343,0.6026876271240381,0.22421919763887846,0.7848305504320208,0.4066262683675019,0.8691834270580734,0.499592037595342,0.394921555589097,0.41802959956628266,0.04954371251952905,0.5438599152695296,0.895705538815913,3.0
2021-04-27 00:44:17.880,0.616063597196751,0.5962469726450131,0.18892011203921083,0.7734540138787791,0.6139410112824822,0.21857539669870057,0.7925991015807088,0.3993430945438182,0.8615994478114725,0.46260536348275133,0.4057597056400364,0.4512556144719821,0.05475876988622793,0.5146196390731065,0.8711655990786263,3.0
2021-04-27 00:44:17.900,0.6020070051856742,0.6289785112422952,0.16295040807426936,0.7900161114272947,0.6160787330150002,0.22069040215898297,0.7916640484659213,0.3877547405086288,0.8565827839705062,0.3897198611704843,0.42609413870026075,0.49504183399858503,0.05997382725292681,0.5438599152695296,0.9325153227776735,3.0
2021-04-27 00:44:17.920,0.5970213944105357,0.6791382382961044,0.14108393233912767,0.8705910289472345,0.6904386020091947,0.22934419665187364,0.7728169049047557,0.3363782256753057,0.8364838688437843,0.3336959240399998,0.4586085871633362,0.5802961727522316,0.08148630603529897,0.6345027354560117,0.8496932617471488,3.0
2021-04-27 00:44:17.940,0.5836987583269678,0.7991520837196383,0.11829860188547481,0.8974614073320087,0.7308292553762684,0.23341861376973025,0.7539697613435902,0.28500171084198245,0.8163849537170625,0.2706010129062584,0.5187861301344473,0.7164198223084918,0.11636241938502835,0.7046782904916953,0.8282208615935864,3.0
2021-04-27 00:44:17.960,0.5570987777101709,1.0,0.04803779984650056,0.924331785716783,0.7712199087433422,0.2374930308875869,0.7154417587030368,0.18369042641038338,0.7627890502447765,0.37748161899740834,0.6224194997000918,0.8293624899512303,0.15123853273475812,0.7748538455273771,0.8067484614400242,3.0
2021-04-27 00:44:17.980,0.8507312193182719,0.1165846705322703,0.6044417964400319,0.21949742520169446,0.0,1.0,0.24552579716815534,1.0,0.0,0.47266791460910945,0.6696428698913635,0.8624597300803301,0.22685779910213738,0.8888884674899112,0.6809816629244596,3.0
2021-04-27 00:44:18.000,1.0,0.7088324441542699,0.5322768944587636,0.5090135216157878,0.5008306786443899,0.8965508643930883,0.20554216211257,0.7163373434465367,0.0654127287222258,0.5678542102208107,0.7168662400826352,0.89555697020943,0.28074743726297463,0.8999346875943148,0.5882754333238812,3.0
2021-04-27 00:44:18.020,0.8942680771729145,0.8573589463017423,0.4416384960559523,0.5332437094343643,0.5945997187521693,0.8745575321686334,0.16555852705698465,0.4326746868930733,0.1308254574444516,0.6452270776055711,0.8219446692858525,1.0,0.3346370754238118,0.9109809076987202,0.4955692037233029,3.0
2021-04-27 00:44:18.040,0.980458981431372,0.5720359011431246,0.408363064154998,0.6127850297405348,0.334278513332007,0.7819303574536718,0.0,0.859233419950498,0.2791826597204108,0.5257002802928709,0.9047274907348232,0.9965228495506607,0.3885267135846491,0.9220271278031238,0.40286297412272454,3.0
2021-04-27 00:44:18.060,0.9345092458679203,0.5984402924881748,0.28361142247718274,0.6361400627483262,0.4788659991435266,0.7173720232363253,0.018541679417740396,0.6064529650355959,0.4368580699223705,0.48545007534223217,0.9573699169419574,0.9524790492693922,0.5788788441055381,0.976608098418929,0.28220855311377985,3.0
2021-04-27 00:44:18.080,0.7561578273298356,0.5845187122327588,0.2739664982547544,0.6892542771513746,0.7193167308029094,0.659690709589533,0.17241737057470358,0.2457868522204024,0.5297473943699822,0.7125373739409994,0.9849297833694749,0.9393431686539611,0.6779661356374179,0.9239763198615177,0.30674849285106653,3.0
2021-04-27 00:44:18.100,0.7231081120840387,0.5108210368109513,0.29453796078432903,0.6638247247819692,0.6215614930924735,0.7315207375724075,0.08844330890843939,0.3796607085866246,0.4046230819394325,1.0,1.0,0.8273019914884086,0.7731422008978627,0.79532126038571,0.36196320020474926,3.0
2021-04-27 00:44:18.120,0.3663422160554327,0.2170210225444885,0.320674802189105,0.6733725415540048,0.5623408093915038,0.7054951365551231,0.056928655405663386,0.4699518511800251,0.461048619889273,0.7807995376623456,0.9367258131581205,0.7708950317736337,0.852672693536677,0.713449804462003,0.460122707865557,3.0
2021-04-27 00:44:18.140,0.20828004509932024,0.14191286574610076,0.5863770606832974,0.6577017688567522,0.4954949260189046,0.5814491410998084,0.1178704073307895,0.5785314023707606,0.7318644655315302,0.2956214066857316,0.78354666125611,0.7644558923842869,0.9126467878039592,0.7076022282868196,0.5889570459648464,3.0
2021-04-27 00:44:18.160,0.0,0.1399342868681158,0.98748462547197,0.5597519209014062,0.4126464933260403,0.5214215667594623,0.18728827786285984,0.7204332134697538,0.8567158049767,0.0,0.6514244511113249,0.7016097721980934,0.9732725306045179,0.7222220669699675,0.8006134765057025,3.0
2021-04-27 00:44:18.180,0.0935680071424166,0.13190177336768433,0.9826410588910751,0.48118016684808185,0.4229523968691265,0.5043693159249713,0.21897682186911394,0.7024430046128903,0.8811519004991639,0.04215389653748066,0.5674029763384041,0.5640695212522885,0.9973924713166503,0.7426894818282987,0.9815950766080773,3.0
2021-04-27 00:44:18.200,0.2466857526249422,0.020748281610200574,0.9594715611757985,0.33589042200258007,0.48141089932120484,0.47374661543167473,0.286196609787848,0.6021590777596082,0.9063755492823401,0.15719333334105023,0.4848265865491991,0.43399869055034906,1.0,0.7543858318389203,1.0,3.0
2021-04-27 00:44:18.220,0.3695763114832662,0.0,1.0,0.2693458672769933,0.49228487248839004,0.4357505382180289,0.36325035083889995,0.5838960557397672,0.9416605554635291,0.2589066823925342,0.4016308866321528,0.36084994944940785,0.9921772804427735,0.8011694353910208,0.9631901532161548,3.0
2021-04-27 00:44:18.240,0.4325527010867142,0.09767029822389424,0.9675367564767253,0.27953960475656603,0.4645353687944067,0.42146215411488325,0.3896104875778221,0.6307641491824205,0.9631133679779417,0.3997824099595103,0.3357762173847419,0.3201545218893887,0.9778356724235849,0.8304091127573165,0.9202453529090302,3.0
2021-04-27 00:44:18.260,0.48489218160085495,0.11957556834733678,0.9554634985118851,0.27608579379594195,0.46068773395056983,0.4065781597972847,0.42123777322421213,0.6373282550176983,0.9745587417577163,0.544737538970005,0.28798513837367573,0.296716011926381,0.9530639496709981,0.8011694353910208,0.8098159382016639,3.0
2021-04-27 00:44:18.280,0.48547326119186407,0.11519862446738464,0.9273245950485866,0.27439542386654786,0.4689888533772351,0.4091122217633365,0.41649070554549494,0.6231855349229757,0.9701495694297643,0.6294533389702365,0.20535715651086855,0.24893751101011197,0.9308996220945834,0.7777773341999051,0.6441716904964448,3.0
2021-04-27 00:44:18.300,0.4893571905141915,0.19868066076967408,0.8297646286693071,0.2957312841250409,0.45513703945714257,0.4292327166012154,0.39337010265587513,0.6534244751730598,0.9691418477734953,0.6407397182094559,0.15694674619103446,0.19195103939674232,0.910039125613432,0.8011694353910191,0.5920244913154437,3.0
2021-04-27 00:44:18.320,0.47598071931974034,0.2252165712640045,0.7384342608888851,0.3088019468763012,0.46257601619668887,0.4476964176101575,0.35129357857321386,0.6402380477745288,0.9499883332782173,0.6520260974486751,0.10853633587120036,0.13496456778337268,0.8891786291322807,0.8245615365821332,0.5398772921344426,3.0
2021-04-27 00:44:18.340,0.453839000873312,0.2546034795821198,0.6279236040882687,0.32187260962756153,0.47001499293623517,0.4661601186190996,0.27448791555294483,0.6204741052452786,0.9026895448775181,0.6415556018372054,0.045313749551637285,0.0471345585165372,0.8187744201316004,0.8304091127573165,0.37730058401294797,3.0
2021-04-27 00:44:18.360,0.4754363236418208,0.2906706966761115,0.5237609174605082,0.4119503620717998,0.47897490078997657,0.5007307805268582,0.22241655976751812,0.5931004533087092,0.856962736102729,0.7090018808177867,0.018579694250324696,0.008499658934240487,0.7170795999163713,0.7894736842105267,0.26380369254394154,3.0
2021-04-27 00:44:18.380,0.49581120439907933,0.29471389492383654,0.4880933900896374,0.5369698437571337,0.5084206851153977,0.5171750771494478,0.21500005353160095,0.557058585659897,0.8386016680539586,0.7895022933903008,0.00237403801355354,0.0,0.6362451426751152,0.7368419056531154,0.12269938457600967,3.0
2021-04-27 00:44:18.400,0.497193627251395,0.3000100999288337,0.4716788415046685,0.6094478761530173,0.5124121170320016,0.5270512106172196,0.20140539606695437,0.5560857907141755,0.8247694306980233,0.795485418475502,0.0,0.016484219605365526,0.5632334049910857,0.6900583021010147,0.06748442593398664,3.0
2021-04-27 00:44:18.420,0.5127419249336072,0.3274146857539031,0.4378976797594248,0.662247097824786,0.5067904917686807,0.5420082003794905,0.18781073860230782,0.5551129957684542,0.8109371933420879,0.7408212966663945,0.008773736293070015,0.046876977761871566,0.5006519155476317,0.6432746985489142,0.0,3.0
2021-04-27 00:44:18.440,0.5690161369169653,0.38954739130022076,0.37318521665804866,0.6853887685623837,0.4883831171646973,0.5645522448266356,0.1376311115567053,0.5904332455682851,0.7652692900360953,0.6649442383783171,0.029211370397927226,0.0628460991041215,0.42894387545168794,0.5555550676198964,0.024539876915201934,3.0
2021-04-27 00:44:18.460,0.6444333069639896,0.4422860556103209,0.31821186681357805,0.6960650193642876,0.488845244274498,0.5689626459007715,0.13182150515219052,0.5896581074365903,0.7570194973700203,0.6304052141472616,0.05862921047483422,0.0628460991041215,0.3637548573248847,0.47953238553162403,0.03680965831759015,3.0
2021-04-27 00:44:18.480,0.7070314090654118,0.4909269753216196,0.27221449186241675,0.7171092636113865,0.5272762844913372,0.5527031530599039,0.16652489807964502,0.5261250312418807,0.7753572104427113,0.6412836476770525,0.09331131767372594,0.07186089846562144,0.28813559095750546,0.421051833138778,0.10429439836200229,3.0
2021-04-27 00:44:18.500,0.7286434027292937,0.5227080875900665,0.24342688724917727,0.7353709206766881,0.5528565395983062,0.5204798096574047,0.2231153614630753,0.4849619525001842,0.8174944679928837,0.6301332377268025,0.12530967389188036,0.10431419724909319,0.24511090040711697,0.3274846260345768,0.14110437079001706,3.0
2021-04-27 00:44:18.520,0.7461362681887731,0.5407033162508575,0.2022853707124503,0.7263076601192199,0.5099990750385665,0.48606380067926536,0.2692664355153813,0.5544510354024251,0.8811476127202845,0.5284198886753185,0.13821222925197493,0.14552477788561485,0.1994784141590234,0.29239797132322165,0.2576687390206627,3.0
2021-04-27 00:44:18.540,0.7775746700516964,0.515049893303838,0.12115798905408573,0.6839771231717314,0.38031549932005093,0.45958008780395027,0.301251434039464,0.7773331646804731,0.9478120514478916,0.39624692128835887,0.15421140736105213,0.18493237756776465,0.1616689144825117,0.28070162131260357,0.3435582768128271,3.0
2021-04-27 00:44:18.560,0.7761760945302256,0.507415584534791,0.0751965208610184,0.6819323457160481,0.35552454432621766,0.43635108345666607,0.34907291868943563,0.8213394913935582,0.9750674083933284,0.3505575049152982,0.1857968749135327,0.2034771167180239,0.11994792152020904,0.2748534463072928,0.43558289377244025,3.0
2021-04-27 00:44:18.580,0.7597087500210251,0.605831974275757,0.0,0.7144742411169492,0.446660451868785,0.40213329938036696,0.42985106988387634,0.6613829626440848,0.981690435228249,0.41936358808710333,0.22822048829259553,0.20631033636277074,0.09647976284853058,0.23976619276581373,0.5276073222657992,3.0
2021-04-27 00:44:18.600,0.6478629201729751,0.7900967566290259,0.046977099802970435,0.8913699251437668,0.6607568641164655,0.31363552589162585,0.6165096553183871,0.32352484854717106,0.883365779971366,0.5428338153283221,0.2740503782468251,0.2145524567064895,0.07040420900068037,0.1754386630279082,0.5582822155263647,3.0
2021-04-27 00:44:18.620,0.5895525710644021,0.7447338378974581,0.10762413510521375,1.0,0.6736173455021285,0.24031861116918707,0.7420573159628935,0.3057984711094442,0.8377302690560338,0.5795485307173971,0.30243600510826163,0.24262715672757998,0.05736643207675508,0.13450323448111837,0.5153374152192406,3.0
2021-04-27 00:44:18.640,0.5714859574568063,0.5739413197580766,0.06736136539926259,0.7512622400436767,0.5171629013416035,0.23488516670769174,0.78882547251481,0.5426571582211576,0.9192508255433248,0.517541452919497,0.3171965341177458,0.2789439560103173,0.04432852164565227,0.1052635571148193,0.6257668299266069,3.0
2021-04-27 00:44:18.660,0.5608880430467298,0.5464375727753286,0.08705782623718887,0.6134592184552417,0.36281174317636217,0.24733122474769584,0.7807177553702557,0.8083767503313346,0.9735885303650061,0.4340494744653364,0.3493497109124565,0.29993558583746877,0.03520210450034,0.1403502118261744,0.6073619693567686,3.0
2021-04-27 00:44:18.680,0.5502901286366533,0.5189338257925805,0.10675428707511514,0.5723022819654706,0.35357648807590714,0.22158710463590167,0.8721291949805532,0.780197045334568,0.9178751537909103,0.44547183078463215,0.3854252717349405,0.305473260048116,0.016949136702538305,0.09941538210951194,0.6503067696638937,3.0
2021-04-27 00:44:18.700,0.5735943907253243,0.5198978591440241,0.18015574751045343,0.5140126228803108,0.40399985334615496,0.1821209395050145,0.8954245943612644,0.7605561244453342,0.8988929476082821,0.4620614419175634,0.3933474433197939,0.31448806995065187,0.011734012582250476,0.05263177855741135,0.6993865234942975,3.0
