2021-04-18 19:05:50.660,0.4606561249908754,0.5414330705485414,0.31995995565835267,0.7119610158774159,0.14219314831841612,0.5390901086204112,0.15237820363807952,0.7879102630353341,0.9718751642557911,0.5127967464569382,0.22169872786451764,0.263599627034914,0.7500008827590124,0.371951310886368,0.018272445423779936,6.0
2021-04-18 19:05:50.680,0.7763277705079349,0.5972296276871515,0.02696654261040611,0.7142236364386827,0.15393801096303428,0.5379466576861948,0.16991209143487854,0.7709225192142344,0.9687066278280975,0.5138086787915507,0.24079970791658095,0.25758988699436075,0.7672420489895942,0.3597561381717194,0.00830571113342751,6.0
2021-04-18 19:05:50.700,0.9655141903082268,0.6352983516841749,0.5986214153821439,0.7138226764620665,0.15103376313592579,0.5362448425624476,0.19212944578966984,0.775114122213285,0.9710226332359786,0.5214403351484199,0.25849995102272455,0.2675370437716629,0.7758621907253799,0.3495935636195314,0.019933638680362797,6.0
2021-04-18 19:05:50.720,0.5327195697039582,0.5596428089244506,0.5612279831638093,0.7135196053889042,0.14749640201958286,0.5368067646563619,0.1839699547428423,0.7802276449310638,0.9718413690844747,0.5197326993337613,0.2472303722291698,0.27204434880207784,0.7500008827590124,0.3536587599444549,0.02491704835045368,6.0
2021-04-18 19:05:50.740,0.596640911304372,0.5748299525331325,0.0,0.7151023898919776,0.1554300008096942,0.5387148985445847,0.1599547824551172,0.7687714698424769,0.967569229019877,0.5180250635191027,0.23596079343561505,0.27655165383249275,0.8189655476813447,0.3597561381717194,0.028239264763961457,6.0
2021-04-18 19:05:50.760,0.9331599336265638,0.6644086324249283,0.31636432664181047,0.7146861208224718,0.15194664711720288,0.5360466063361373,0.19691480665178382,0.7766726655713058,0.9716696832377398,0.5174347700023614,0.2788743312736195,0.29116153995160343,0.8362075966709396,0.3475609654570709,0.02325585509387082,6.0
2021-04-18 19:05:50.780,0.5948718620428571,0.6198105008216996,0.5196844214103534,0.7137469807026795,0.14796525431552204,0.5357008999343503,0.1675025936731958,0.7812440141835898,0.9711471333718188,0.4951722582957705,0.23124921632711212,0.3079473655821142,0.810345405945559,0.3536587599444549,0.019933638680362797,6.0
2021-04-18 19:05:50.800,0.7459247234729828,0.6787390125664866,0.024800904720809307,0.7131084057462067,0.1467940552176407,0.5380261562955361,0.17411781899378426,0.769118530597691,0.9684340147745716,0.45798374499876127,0.2169871514856187,0.31250647871632703,0.8275865721761434,0.3699187127239063,0.02491704835045368,6.0
2021-04-18 19:05:50.820,0.9343456177700308,0.7477739224736278,0.5304456727068014,0.7128532205938897,0.16362265863947265,0.537272268958974,0.18073304431437268,0.7569930470117923,0.9657208961773244,0.42728845520916825,0.2607920691709637,0.32846337298985084,0.8620689046373095,0.40447163270539144,0.04152830051765076,6.0
2021-04-18 19:05:50.840,0.5810823193035023,0.7151859599239343,0.6438162167306861,0.7087568212954177,0.18042324327678838,0.5374840450668267,0.1812579744943714,0.7329816133366927,0.9592805647265585,0.3965088501491974,0.24194576678224222,0.35602528251409815,0.8706899291321082,0.42682937997222803,0.061461854148184704,6.0
2021-04-18 19:05:50.860,0.49584623761146646,0.691940092143665,0.11079057009291231,0.705894035326819,0.20635795861893896,0.5407425411653081,0.14450595380604747,0.6963553118604363,0.9463704107557181,0.37618587093077355,0.22513690237691858,0.37384726852434536,0.8793109536269044,0.4796748508956251,0.07142858843853714,6.0
2021-04-18 19:05:50.880,0.7653027458517392,0.7407971145056266,0.13831392725310282,0.7025193092594894,0.23573385347321482,0.5413809766308619,0.14152784307451086,0.6641837561121189,0.9355014771618312,0.3424548000126754,0.21507705233389174,0.39291264563329936,0.9116384713438773,0.5299797822460066,0.09676085005330774,6.0
2021-04-18 19:05:50.900,0.6859180488409139,0.7179365758543852,0.2167552059584806,0.6978460610366476,0.27033382636660513,0.5430115712972996,0.13854973234297432,0.6320122003638015,0.9246325435679438,0.2838470557508609,0.1990322271723423,0.4076261505043374,0.9439659890608528,0.580284713596388,0.1220931116680781,6.0
2021-04-18 19:05:50.920,0.7158141189861713,0.681656878653637,0.3030214834910222,0.6919342567927942,0.3167124234970728,0.5446235146068135,0.12886896428721184,0.5472217416902435,0.8913126567009464,0.21081924327992177,0.17076277306811435,0.40658998842838,1.0,0.7337398390904889,0.2425250300795731,6.0
2021-04-18 19:05:50.940,0.7331550102875034,0.6598693708681062,0.33656834825507287,0.6847910282897347,0.3789258054103897,0.546448475746985,0.13139676910154074,0.4686903639996545,0.8552157233660546,0.13146689858272417,0.13663568580390908,0.394777742458686,0.9913798582642144,0.8211382299953711,0.31395353346828136,6.0
2021-04-18 19:05:50.960,0.7128108315987358,0.6408707032189749,0.33246832751527816,0.6760852872301225,0.4589640149675095,0.549200442495576,0.1380343068230851,0.37449717881650113,0.8032456284740356,0.05548764786293141,0.1048007277362324,0.37550512614965625,0.9568966430440352,0.896341448185606,0.42524921215792055,6.0
2021-04-18 19:05:50.980,0.7233820558511419,0.6109386143739516,0.32056599979817096,0.6651026448034961,0.5562884101556261,0.5537412498586407,0.14851146153315506,0.27159308191261555,0.7320562913893959,0.0,0.08862856478530351,0.3357165092177741,0.9051731443522848,0.9613820918236529,0.5348837486208745,6.0
2021-04-18 19:05:51.000,0.761203677399314,0.5374870772095749,0.28190159701481965,0.67053786532025,0.6489307482577008,0.5562085020420245,0.18955473360575356,0.18681129550373834,0.6597248130137681,0.0008433045547839936,0.09626895722304539,0.29903637003265904,0.9568966430440352,0.9979674018375395,0.6461794273105138,6.0
2021-04-18 19:05:51.020,0.8147094076540542,0.4667397556567823,0.2804294892542888,0.6502539278768614,0.7760562146644367,0.5764676603643186,0.1723907425431775,0.09348045863977646,0.5411658284381513,0.04756081834632364,0.11702535772120236,0.26318516220453103,0.9137932860880704,1.0,0.7591362312168729,6.0
2021-04-18 19:05:51.040,0.8224918542122831,0.3959657534431008,0.2957806794552505,0.61878354552773,0.8695996035043032,0.603190147479531,0.17675938384102471,0.04304834036299373,0.4446247167975603,0.09512165739960247,0.14376673125329897,0.22588332747006254,0.8965521198574886,1.0,0.8289036604187588,6.0
2021-04-18 19:05:51.060,0.8088733738049921,0.41523171078745275,0.30952471275637444,0.5647847542979881,0.9412163676033382,0.6530543843687171,0.17850640558536823,0.015403605937738245,0.3549357036703242,0.14394741532230612,0.17636572648016696,0.2053673183661049,0.8620689046373095,0.9735772645383014,0.9235880529212694,6.0
2021-04-18 19:05:51.080,0.7673795796454375,0.46803907919481313,0.27710419477114173,0.475174363079088,0.9762086451952673,0.7393180583095453,0.1752021896031627,0.005435921720307043,0.272906455392221,0.2140236860096156,0.23214059648714008,0.2072324101028283,0.7844832152201786,0.9573171036287897,0.970099678059182,6.0
2021-04-18 19:05:51.100,0.7611018799381518,0.5113251487540813,0.23620172513241242,0.3883120822097424,0.9652409944324105,0.8249397218705348,0.16681724367079007,0.008307979144010238,0.20346784686950367,0.3630307630049842,0.3354132347917639,0.22039166846748803,0.7758621907253799,0.9430893327516794,1.0,6.0
2021-04-18 19:05:51.120,0.7742368682254711,0.5275882808998885,0.22937460743736804,0.345667980368299,0.9372651766874982,0.869194510008952,0.1565110279177592,0.01667621035949417,0.1547421553765601,0.4708015559509832,0.46835606268732716,0.19956481074074314,0.6810344523186541,0.9329267581994926,0.9933554821231554,6.0
2021-04-18 19:05:51.140,0.7690246511397151,0.5242708395663949,0.1898455248113084,0.32958462182464854,0.9150897340160795,0.8901005577178134,0.15214828023380447,0.024367803249305937,0.12391871143825989,0.4939916698818241,0.5611868339327656,0.1840223779051602,0.6293109536269037,0.9369919545244149,0.9833887138128712,6.0
2021-04-18 19:05:51.160,0.7571708243812093,0.5161456478915718,0.11907246879158723,0.323571961910516,0.9007788791037282,0.9043006785845029,0.16102710617954108,0.0298255316816736,0.10251932999112108,0.49390734080680937,0.6375907583101846,0.17780540544941545,0.4999999999999987,0.9288617700046294,0.970099678059182,6.0
2021-04-18 19:05:51.180,0.6870293649682622,0.5054918843868673,0.07376576705346076,0.3208657117767595,0.8897597794561517,0.9181157519823694,0.19811840821024856,0.03683538120628469,0.0735490410837337,0.4853059187235305,0.7170508063093739,0.1734535230341731,0.4137932860880717,0.9126016090951178,0.9318936960148337,6.0
2021-04-18 19:05:51.200,0.5815505800407581,0.49100179923162535,0.0827048253014021,0.31940330887824553,0.8778323984167148,0.9328465817738396,0.2552078291153415,0.04565871724196972,0.04149313347676698,0.48572755650605387,0.7932000988842751,0.16661485842151705,0.2758621907253811,0.9146342072575795,0.9019933740740157,6.0
2021-04-18 19:05:51.220,0.5028817207291219,0.4154485450730607,0.12150513364764225,0.3188044497124237,0.8574836692549211,0.957187651503294,0.31014606887257873,0.05176976468364415,0.021227117734856638,0.49938864233309077,0.8668025522882707,0.15915447960107595,0.18103445231865534,0.9044716327053914,0.8671096424631071,6.0
2021-04-18 19:05:51.240,0.4310644619292853,0.4499140744078528,0.17463130753858633,0.3208166881152386,0.8417432306025643,0.9821741052430385,0.34389090930346566,0.054081276162066906,0.01349204863582661,0.5235063636649204,0.9348020324766761,0.1628846715556281,0.07758657217614147,0.896341448185606,0.8222591595518799,6.0
2021-04-18 19:05:51.260,0.45933568419086757,0.459932927529724,0.12703784514714123,0.32348409952678914,0.8369605700892397,1.0,0.3776357497343526,0.056392787640489876,0.00575697953679658,0.594257304224867,1.0,0.15045071985925437,0.03448233246116608,0.8922764599907429,0.7458471954631836,6.0
2021-04-18 19:05:51.280,0.5526330415459664,0.4664510499557912,0.024029039256431992,0.3254130567523195,0.8466410253768288,0.0,0.5087399093600831,0.056385350669324895,0.0,0.6882826940027557,0.9917229238268184,0.1280696190185733,0.06896554768134527,0.8821138854385561,0.656146195620798,6.0
2021-04-18 19:05:51.300,0.5246022160081832,0.34163241144009315,0.16575573854425885,0.32319503850589704,0.8809260059497994,0.023174941761641237,0.6515064077109339,0.038034561294079346,0.037979137069074145,0.735590521672876,0.949955459759243,0.086208671149892,0.17672438145076005,0.8445121722784085,0.5132890697736209,6.0
2021-04-18 19:05:51.320,0.39157613526731866,0.45641180738660325,0.4335471621919449,0.3106047886669738,0.9303839578817739,0.05342846895606526,0.7239720740284282,0.018963078992785053,0.09200464790411095,0.6842349605229147,0.8851394816313538,0.023417247650649033,0.27801766753883284,0.8150406956705623,0.448505024726877,6.0
2021-04-18 19:05:51.340,0.36420938537578695,0.6880042325263839,0.4660490446362909,0.2856265994437629,0.9651204371809188,0.09333330082552177,0.7823096850626646,0.008340500136562876,0.13839390066342194,0.6061475001835499,0.7898892600766706,0.0,0.3793109536269056,0.785569219062716,0.3837209796801331,6.0
2021-04-18 19:05:51.360,0.1922554802167407,0.8336249997866472,0.5386333226231166,0.25987817418487147,0.9832248825606205,0.13039790440282306,0.8168033646931563,0.0037197460861741953,0.17048950962612616,0.5750305857258385,0.6862345839100593,0.0014506252101193753,0.4999999999999987,0.7479674018375388,0.3272425692219707,6.0
2021-04-18 19:05:51.380,0.0,0.8096642381781243,0.7460429011682124,0.1908971010338779,0.9543065073425416,0.26987206541282344,1.0,0.011399994443700085,0.26742982991611614,0.5916431408621619,0.5708646872843174,0.02217386672926854,0.5086210244947974,0.727642252733164,0.2857143537541488,6.0
2021-04-18 19:05:51.400,0.0698786766646053,0.7641153589701457,0.8829618283150007,0.21864728740012113,0.9867275782527456,0.24372268723670273,0.9063856678517662,0.0028985279990367584,0.24570856906976413,0.6359151770502993,0.45282061474058194,0.06548544659295338,0.5431033569559636,0.6808943681670906,0.25083065616317174,6.0
2021-04-18 19:05:51.420,0.18943548766811008,0.7375088493682781,0.9395698661076654,0.17744220860639467,1.0,0.2840102248785515,0.8628488415570503,0.0,0.27211998117943725,0.689884922269921,0.33528588918519847,0.1361516849072625,0.49137985826421315,0.6504064363804686,0.23588042715289959,6.0
2021-04-18 19:05:51.440,0.23432171524329606,0.789260439993182,1.0,0.10416813744852117,0.9834861594643721,0.3550539946718752,0.8491406096470151,0.0036574772089607356,0.3227901113304206,0.7075937312233214,0.22335414518373695,0.22298207365738168,0.46551766753883267,0.6077235400092583,0.19102991022174082,6.0
2021-04-18 19:05:51.460,0.2673736514143224,0.9058630678361719,0.922070263521958,0.04473777799361252,0.9524998867081655,0.4091910195771776,0.81648479553894,0.011933439561852886,0.37520022891765054,0.6932580231496442,0.12988668186452684,0.3241114939670506,0.3879310953626912,0.5833334027100203,0.20099672956192235,6.0
2021-04-18 19:05:51.480,0.3100140400484244,1.0,0.806652926201094,0.0,0.9171212697073042,0.44605964924505953,0.7656849596712562,0.023624232183147367,0.4228834302398579,0.6863431563378499,0.05870367876977587,0.4262770933148875,0.28448321522017733,0.5569106672483217,0.17774087446805154,6.0
2021-04-18 19:05:51.500,0.3887908588951433,0.9157157121481542,0.7152992352432733,1.0,0.8790551298299397,0.4731455103796829,0.7016615788353949,0.03884632560431204,0.46726761707907694,0.7304465274736395,0.015790152709664895,0.533416233310457,0.23275883376941633,0.5182927590719735,0.17441865805454373,6.0
2021-04-18 19:05:51.520,0.48433145764016583,0.7549642373468953,0.6746235026931358,0.9675890517547863,0.8284674716303551,0.4946183435967772,0.6279175610950374,0.06325597757271695,0.5187408512177109,0.8701775028498464,0.0,0.6827271943927004,0.17241342782385666,0.43902455268687657,0.12292370829636941,6.0
2021-04-18 19:05:51.540,0.570616305353199,0.6339070636667672,0.6139358257762743,0.9406291487029654,0.7541968350064442,0.5102815616949268,0.5075946298211453,0.14333280829157255,0.6277848132797457,0.961757394317378,0.02534064846829952,0.8390840881234334,0.09482773840672577,0.3536587599444549,0.08970103386231731,6.0
2021-04-18 19:05:51.560,0.6289336755443719,0.6536329635634045,0.5018267599378043,0.9188629310233337,0.658147885480734,0.5208074997109027,0.4454523489360481,0.21078362835755926,0.6900397870791026,0.9938019044421368,0.059977087932314065,0.9313024874403311,0.051724381450760984,0.2845529199814846,0.0664451787684465,6.0
2021-04-18 19:05:51.580,0.7469599202912037,0.713782218261325,0.3572913570744638,0.9011521971831902,0.5495924073348925,0.5277323329281103,0.38331006805095097,0.2782344484235461,0.7522947608784596,0.9969009522210683,0.10976697682758874,0.9656512437201655,0.0,0.1808941600370303,0.029900458020544318,6.0
