2021-04-12 03:55:18.260,0.08733812672904182,0.558861475172491,0.14881219234943208,0.6043181037847982,0.8455466122023,0.9676795957141252,0.045870991610487515,0.14967666023216206,0.9941590056635173,0.5004382300381659,0.5090484588563409,0.3900497508345356,0.9893616557718383,0.9153849274318927,0.04729736742145105,7.0
2021-04-12 03:55:18.280,0.9698626486690541,0.9289241909324519,0.5308691739728246,0.596686952226688,0.8407942969523708,0.9623402345608156,0.05304383471036026,0.15433266059830775,0.9926667958237976,0.4708589105016887,0.5019459094376568,0.4029850745053076,0.9858156015492178,0.919230834366852,0.07432438509859088,7.0
2021-04-12 03:55:18.300,0.23998490895171126,0.5830056047841492,0.686279568985121,0.6177316809761161,0.8422174964907704,0.9696903673133844,0.04342452708357207,0.1529379392482347,0.9957061529224996,0.48104734210099487,0.5243724514593163,0.402736318296532,0.9946808278859192,0.9384615505798792,0.027027363622966205,7.0
2021-04-12 03:55:18.320,0.5222081981813539,0.7013080888465351,0.03287952352319701,0.5874770503452252,0.870396129139652,0.9622370639864697,0.051633667844535956,0.12537684592397869,0.9867492998474073,0.491235773700301,0.5467989934809759,0.4024875620877564,0.9911347736632985,0.919230834366852,0.0945947348429021,7.0
2021-04-12 03:55:18.340,0.794496199559295,0.9214572767664875,0.9029616205617035,0.5960064047370653,0.8649092930760864,0.9678652594822871,0.03908165115497917,0.12296850178669629,0.9905188454173977,0.47589835292679544,0.5182915018872829,0.4034825869228589,0.9893616557718383,0.9500000590769124,0.10810807070855931,7.0
2021-04-12 03:55:18.360,0.17938153997787779,0.5593683524279055,0.23761459904631566,0.6140342291263108,0.880825606481858,0.9758019303803955,0.03667463785702941,0.11452239213069845,0.9894213806167093,0.46669589802365713,0.5339560279848412,0.4203980091196018,0.9946808278859192,0.9230767413018114,0.08108139897724587,7.0
2021-04-12 03:55:18.380,0.7249766938704012,0.8360045118669365,0.6013374652739698,0.5995903039576473,0.881522196754395,0.9733424397935342,0.026674402422275856,0.11426664034162574,0.9926982864317239,0.4715162311685869,0.4917299141566405,0.4164179097791917,0.9982268821085398,0.9153849274318927,0.08108139897724587,7.0
2021-04-12 03:55:18.400,0.3293245634331882,0.6996471072053433,0.019267740640532716,0.6130909279208937,0.8817845683670882,0.9810458907509968,0.02131842825652696,0.09991287068105355,0.9910338837229841,0.5236634722720093,0.539793741166738,0.40199004983309294,0.9964537642170791,0.9076923258698189,0.10135140277573071,7.0
2021-04-12 03:55:18.420,0.6250471493913335,0.8587395159470205,0.9186623922389481,0.6079817126486952,0.9112940991636765,0.988125396793434,0.015962454090777994,0.08555910102048135,0.9893694810142439,0.5267309562832376,0.4720762851398282,0.416915422196743,0.9982268821085398,0.9153849274318927,0.08108139897724587,7.0
2021-04-12 03:55:18.440,0.16270176968936098,0.5776875229602826,0.1551597955677557,0.6267778611709244,0.9224912958946923,1.0,0.0,0.07469541815500709,0.9917287522257355,0.5324277136363366,0.47149251398091296,0.40995024835102534,0.9946808278859192,0.9461537582958756,0.12162140657421554,7.0
2021-04-12 03:55:18.460,0.8516752914848318,0.934597558531752,0.4532574105811,0.6147326008446071,0.9155589471095265,0.9910243403054804,0.011990879929474346,0.08141837572832997,0.989641472582976,0.5192813505138006,0.4685736565935923,0.41044776076857653,0.9929078915547592,0.9307693428638852,0.12162140657421554,7.0
2021-04-12 03:55:18.480,0.3636554641247306,0.7155563977559981,0.8268756548026195,0.6307797846510497,0.9101449421736931,0.9925486075731167,0.010296045662444655,0.08667360022900529,0.991453038261773,0.5205959868260542,0.5030161565623347,0.40049751249899523,1.0,0.9230767413018114,0.12162140657421554,7.0
2021-04-12 03:55:18.500,0.7273040367428109,0.8256620406703009,0.5721016793823108,0.6308913397374043,0.9046841412744326,0.9912458064081962,0.01226626904089666,0.09197814258421824,0.9921069818100666,0.5122699569417055,0.5018486142445042,0.39800995032979497,0.9999999092198496,0.9423078513609161,0.08445955997074649,7.0
2021-04-12 03:55:18.520,0.5602925890494139,0.7502633295152583,0.4810499512830431,0.636139192167542,0.9030643874675848,0.9922585473702112,0.011034905325707224,0.09355243150722271,0.9928726827875759,0.5113935324609383,0.5000973004492096,0.3985074627473462,0.9911347736632985,0.9461537582958756,0.12162140657421554,7.0
2021-04-12 03:55:18.540,0.5423653749806148,0.7393506409204014,0.4670074717500885,0.6416934369422966,0.9020683553986961,0.9933511495316591,0.009667060483454542,0.09452066323263107,0.9935338144094176,0.5197195629765669,0.5006810716081249,0.4,0.9893616557718383,0.9461537582958756,0.14189175631852677,7.0
2021-04-12 03:55:18.560,0.5491524162996113,0.7305701109387498,0.45901259084677304,0.6456521827650311,0.900457018132033,0.9943616731285434,0.00843612590766498,0.0960872538670506,0.9942928407472038,0.5350569862608437,0.5006810716081249,0.4039800993404101,0.9946808278859192,0.9115386266508557,0.18918946968580516,7.0
2021-04-12 03:55:18.580,0.546556969495534,0.7527223978665513,0.46217106527984475,0.6484172430666248,0.8967663465575881,0.9955841804374205,0.007032203760004006,0.09967683050410689,0.995581046213836,0.5438212304946242,0.5014594334718941,0.4029850745053076,0.9982268821085398,0.9423078513609161,0.14864877019718176,7.0
2021-04-12 03:55:18.600,0.5572122639450651,0.7593236153015585,0.4645670796736728,0.6504525087640274,0.8918504885801578,0.9967012367110649,0.0058227705479381026,0.10446077332059817,0.9970812142778416,0.5390008987844208,0.5016540238581991,0.4034825873300785,0.9982268821085398,0.9346156436449199,0.16891911994149394,7.0
2021-04-12 03:55:18.620,0.5672265735055081,0.7502713898932566,0.45532130710028373,0.6516730074567507,0.8877910603250841,0.9975184799806992,0.004957877082312054,0.10841361156368148,0.998270926022401,0.5109553205361946,0.4987351680636231,0.4049751245827323,0.9946808278859192,0.9500000590769124,0.18918946968580516,7.0
2021-04-12 03:55:18.640,0.5622187318267479,0.7363514186449034,0.4611446502301236,0.6546058613593081,0.8870899438242701,0.9980276176612809,0.004328832711680547,0.10909660727658883,0.9986238262047039,0.4829097458747847,0.49601090265535214,0.40547263659306393,0.9893616557718383,0.9153849274318927,0.15540543813001037,7.0
2021-04-12 03:55:18.660,0.5567951836566253,0.7659466002372443,0.45740051058871856,0.6597443867316748,0.8891403252338163,0.9981815442642956,0.004028420333873699,0.1070995336689587,0.9982522712600965,0.48093779104772266,0.4974703305526401,0.37960199047317866,0.9840424836577576,0.9000001181538249,0.10135140277573071,7.0
2021-04-12 03:55:18.680,0.59628780868601,0.7693740087629093,0.48473137986545756,0.6680153666363168,0.8914449983774781,0.9975914006469982,0.004684115741027074,0.10485536052743803,0.9975264469763199,0.5477651372792951,0.4835571163390829,0.35970149417834774,0.9858156015492178,0.9269230420828483,0.14864877019718176,7.0
2021-04-12 03:55:18.700,0.6649881689046122,0.7207000047181163,0.5381138165104933,0.6765487161138942,0.8906716866653013,0.9958792342187105,0.00695060808239075,0.10560841732205013,0.9969996638719894,0.6060473578829865,0.46156840268660976,0.3278606994550669,0.9787233115436762,0.9307693428638852,0.12162140657421554,7.0
2021-04-12 03:55:18.720,0.7140407826751667,0.7234522346950452,0.6396888882314932,0.6845000123309858,0.882044059652696,0.9924507190148957,0.011838076707306277,0.11401377263761353,0.9974184547284857,0.6520596323986784,0.42050982799075026,0.2870646812158633,0.9663120309843546,0.9269230420828483,0.12837842045287054,7.0
2021-04-12 03:55:18.740,0.7954708252570205,0.6674295098985633,0.7554189502992819,0.6957408006812545,0.8655314437265448,0.9861540330004863,0.02942707270889617,0.14138320741695276,0.9978447759477473,0.746275216842771,0.35220859921218073,0.2870646812158633,0.9574468046476532,0.8615382918816906,0.10135140277573071,7.0
2021-04-12 03:55:18.760,0.8769008678388743,0.6114067851020812,0.8711490123670705,0.7106377839382342,0.8425230168994776,0.9738432217933173,0.04790929647493501,0.16372360761281762,0.9961921180377519,0.8155127508090243,0.2720373696109586,0.2935323426440298,0.9308509440772486,0.850000177230735,0.054054035354279655,7.0
2021-04-12 03:55:18.780,0.8241463168658004,0.4608773573663577,1.0,0.7180558898665497,0.8084797951601153,0.953308095151212,0.06639152024097392,0.18606400780868249,0.9945394601277562,0.7646801395615864,0.19459038630507222,0.2636816016631501,0.8900708666163625,0.8115387448046784,0.07432438509859088,7.0
2021-04-12 03:55:18.800,0.7554967039905562,0.38902910422335124,0.9722059547545548,0.7263610968999595,0.7513430834275517,0.9058446914557152,0.13059760369446993,0.24247473710649528,0.9798999214788534,0.7046450848888219,0.13076471411309487,0.19203980131917983,0.8546097797092563,0.7999998424615699,0.04729736742145105,7.0
2021-04-12 03:55:18.820,0.7245221291908861,0.2812599212827766,0.9544851342441931,0.7605943335394131,0.7055626971457641,0.8408325192929244,0.2159013194837914,0.28789104574450647,0.9486810911906391,0.7826468250686033,0.07978207431252561,0.13731343538854088,0.7854609053468057,0.7653847108165501,0.03378368560996745,7.0
2021-04-12 03:55:18.840,0.641700443682405,0.1247835177463673,0.9404185762418241,0.7909834141710761,0.6681207829626783,0.789667702236274,0.2659947357321841,0.3195714833072429,0.9252936242472202,0.9255039781737926,0.042226112235456074,0.11094527318612782,0.7234041394295952,0.6961540536804331,0.054054035354279655,7.0
2021-04-12 03:55:18.860,0.5473586742290667,0.07185772847294447,0.911113001701462,0.8094363310484773,0.6160059402070281,0.7358475633942437,0.3160881519805767,0.3512519208699794,0.9019061573038013,0.9592462707333224,0.01498349000763795,0.08258706945790195,0.6560282013983045,0.6576922274083011,0.04729736742145105,7.0
2021-04-12 03:55:18.880,0.4530890683092896,0.04378892640038625,0.8013408842711374,0.8245077151636017,0.5615308751424968,0.6797575637524476,0.41984896098470265,0.4320005898619508,0.843474050712201,0.8917616497461001,0.001362131111390931,0.03631839426465385,0.5780141006991524,0.5846156633372247,0.03378368560996745,7.0
2021-04-12 03:55:18.900,0.3860861381577723,0.0267750975588135,0.7108306648181681,0.5787212821520853,0.5309838467890432,0.5945546596098451,0.5185773040394491,0.46275081570522314,0.7672571098604624,0.8891323699479604,0.0,0.0034825828506627387,0.48315592471202695,0.5096155550295524,0.06756771716576226,7.0
2021-04-12 03:55:18.920,0.3582886380090194,0.0,0.6402498849307118,0.710665595881251,0.46592395375391726,0.5645163927550715,0.5543212717193925,0.5284069233704257,0.7413409385433404,0.9509202658634303,0.0027242622227817205,0.0,0.38120564027966075,0.42692323900588597,0.19594579167280643,7.0
2021-04-12 03:55:18.940,0.25210437560675103,0.05505277086072944,0.6000179413637252,0.7249749942205709,0.41343295898432936,0.5093972204661071,0.6146906787622418,0.5815077213557192,0.685679235298507,1.0,0.0118700247138216,0.025373121078526045,0.3156026385795299,0.34999998030769736,0.2905405265157095,7.0
2021-04-12 03:55:18.960,0.17199056575260813,0.09268413570231761,0.5127939024119599,0.7226472421500599,0.3612063707598172,0.45640410473585397,0.6697813752287034,0.6344207875888325,0.6279874147100845,0.9355828242863903,0.03074529059266903,0.04577115870350073,0.26063816266786155,0.25000009846151994,0.3243242121256779,7.0
2021-04-12 03:55:18.980,0.09429818810579098,0.19409587821882787,0.3991902276677998,0.721910302488685,0.31890137965797055,0.40602701114882184,0.7191233794863878,0.6773188129855753,0.5694304581267332,0.810254191212745,0.059544661394841325,0.04427860516206244,0.21099285887027344,0.2307693822484905,0.43243228283423724,7.0
2021-04-12 03:55:19.000,0.09656892603435999,0.3547818580687339,0.3083387377967724,0.7289060817574322,0.28638659450886217,0.35665609656520597,0.7646284335720843,0.7103003995334128,0.5089731118128802,0.7594215799653068,0.09690602193639362,0.05124378307997623,0.16134737351238562,0.1807694413254029,0.574324039152764,7.0
2021-04-12 03:55:19.020,0.10647900268277793,0.40517099572528076,0.275998823477003,0.7293974004745393,0.25787372945312126,0.30920776374165626,0.8057312573108151,0.7392239483951992,0.4483510730424652,0.7651183409052219,0.1356294976618907,0.07860696604529574,0.12588646816557977,0.13076950040231533,0.6351350883856987,7.0
2021-04-12 03:55:19.040,0.03857772635322497,0.5384706272418887,0.25558697738272756,0.728184507810431,0.22705781882555595,0.26736089184084094,0.8396982327255225,0.7704788203497537,0.3929260114475207,0.7708151018451371,0.1747421764584225,0.12487560458877864,0.07978703703031209,0.09230806797625868,0.6959457916728069,7.0
2021-04-12 03:55:19.060,0.0,0.6366283574707589,0.20107187004549956,0.6974406328338735,0.19369689794383924,0.2243416286885803,0.8722521556818892,0.8043020277325411,0.33413275550349725,0.7177914480113579,0.21618991440670143,0.16965174660156912,0.06205658435690969,0.0961535810651405,0.8175675441928498,7.0
2021-04-12 03:55:19.080,0.03333396543013065,0.7868482581451528,0.15211687654182512,0.6374134708605745,0.15379838645572946,0.17616026740197624,0.9056938052795362,0.8447245275583036,0.26623118350604114,0.646801072802399,0.2625024518312222,0.19751244605663598,0.04255301379204608,0.05000033476916512,0.8918919292914407,7.0
2021-04-12 03:55:19.100,0.048654280181905124,0.8753617813785871,0.13183711966774136,0.5805820701627712,0.11643277101493187,0.1316779398651659,0.9336590442186569,0.8825406087218703,0.20181173682340542,0.5828221056060575,0.33333333333333326,0.2512437891882704,0.015957334781942223,0.046154033988128215,0.9121619330899255,7.0
2021-04-12 03:55:19.120,0.06259458198755646,0.8888848411751291,0.14988176920736834,0.532411631200421,0.08468307517934244,0.09412478822585613,0.9550359575163242,0.914633677880555,0.14627245331688526,0.5324277136363366,0.4014399685401086,0.3154228890162853,0.0,0.030769618556137912,1.0,7.0
2021-04-12 03:55:19.140,0.035617252206757204,0.8982269047370912,0.15961240141978103,0.48779989168707927,0.05626199006287153,0.062409796730172745,0.97795303732215,0.9544548725934905,0.07761540623226522,0.47633656431351673,0.45281183848837064,0.3497512458273225,0.005318990553780589,0.0,0.9662159684442052,7.0
2021-04-12 03:55:19.160,0.047653579365225525,0.9197425640249711,0.1356171437686115,0.4389989206353939,0.03418576426393149,0.03479080142480316,0.9935263581636794,0.9823619119207744,0.02535337938720646,0.42331289613247236,0.5090484588563409,0.3771144279782027,0.0017729363311599486,0.0038463007810369022,0.9391889507670653,7.0
2021-04-12 03:55:19.180,0.11535311922428122,1.0,0.13749795882058663,0.4019347431939681,0.0175287953218999,0.01435985488913627,0.9986014494937923,0.9931052396981396,0.006330467916204889,0.37467135257908946,0.5633391763169071,0.4064676614281665,0.007092108445240766,0.04230773320709355,0.898648251278442,7.0
2021-04-12 03:55:19.200,0.13894049436245473,0.9966470786068655,0.167440588602359,0.37121691310327415,0.0038253343470588427,0.0,1.0,0.9991989564670322,0.0,0.3334794147951437,0.6178244844823273,0.44278606790940866,0.008865226336701457,0.046154033988128215,0.9256756149014091,7.0
2021-04-12 03:55:19.220,0.12570032458996322,0.9660898065101979,0.17638671049541604,0.36270891705441427,0.0,0.0013126621301780747,0.9991856709940049,0.9995994782335161,0.002512060560546507,0.28834358600851845,0.6748394692624581,0.49054726406652605,0.02482256111864368,0.0769232586981886,0.8783779015341308,7.0
2021-04-12 03:55:19.240,0.15966990313739668,0.8656462633260195,0.17183170792984026,0.3607652310146802,0.010314675734085937,0.011628890306280075,0.9983713419880096,1.0,0.005024121121093014,0.2164767722441254,0.7273788735648276,0.534328352738841,0.05141824012874754,0.08461546641418487,0.8243238661798511,7.0
2021-04-12 03:55:19.260,0.14207052659804018,0.8071550654188163,0.1802337116076697,0.37152561030504716,0.029695734590951442,0.02919790349749343,0.9906756147262825,0.9798657584860293,0.0345447604762749,0.1468010369342362,0.775637282997507,0.5746268626326895,0.07092181069361063,0.14615391583430562,0.7297298232286017,7.0
2021-04-12 03:55:19.280,0.17520921465606357,0.8959307701116953,0.15806265233214287,0.4383325096029952,0.10139387257171126,0.16615418190647013,0.91031504469953,0.8977471956793034,0.25065402912059737,0.13584571639804172,0.8182525983039978,0.6228855630629658,0.09929060759517518,0.20000015753843012,0.6959457916728069,7.0
2021-04-12 03:55:19.300,0.18590972459602587,0.8546800270198692,0.2263100388199936,0.21059963855230054,0.1019540026727191,0.12412795581306896,0.9377223284292909,0.8971808146180339,0.1904948167143931,0.19018404599905359,0.8536680231276073,0.6975124256956553,0.14184398450782273,0.2653849077395878,0.6283780745070436,7.0
2021-04-12 03:55:19.320,0.1369308139126096,0.7799778412969859,0.27266593053729343,0.12524755126213585,0.12993954492702392,0.13283403438426664,0.933522015568911,0.8688762041651357,0.2038330059907459,0.23269064161615058,0.8908348139885343,0.7781094332667639,0.20744671386750294,0.34807722376325534,0.4628378074507041,7.0
2021-04-12 03:55:19.340,0.11746352377328813,0.7486617300657658,0.3001676116885687,0.15457386225912403,0.1798176902582288,0.18353598097666587,0.9013885012452958,0.8183677438513608,0.27715871540226183,0.20639790819744624,0.9202179416149202,0.8487562332088082,0.2872338416779654,0.42307733207092657,0.29729754039436446,7.0
2021-04-12 03:55:19.360,0.09937222878667006,0.7432784979660986,0.3121464856808219,0.1860792620400549,0.23964613124378695,0.2407674369222266,0.8606187784683124,0.7577122514391502,0.3571726363047005,0.15425067498501974,0.943568787971529,0.8980099340410106,0.351063725486636,0.5038464977040745,0.2905405265157095,7.0
2021-04-12 03:55:19.380,0.2087198639031034,0.7101940877597929,0.35508508337838307,0.21037430035100682,0.3097450050171931,0.30034178249800547,0.8131176342568901,0.686606079360681,0.4367641209704858,0.1319018325689948,0.9676980086153147,0.9303482615428231,0.4148936092953066,0.576923061775151,0.16891911994149394,7.0
2021-04-12 03:55:19.400,0.2537047636210967,0.4754390766125387,0.3947357974268773,0.22237261841991113,0.3907017879536866,0.3636188754594882,0.756933224237219,0.6045297084998658,0.5162703756213405,0.1174407936792263,0.9848219562391828,0.97114425534885,0.4875885378803779,0.6115385872662482,0.12162140657421554,7.0
2021-04-12 03:55:19.420,0.19457513208383256,0.33162155288445544,0.4354612370358983,0.22780862402255833,0.4787494143490788,0.431918787181315,0.6900644713877889,0.5154483875396566,0.5954584039875325,0.05828217756189616,0.9961082082013445,1.0,0.5567375938031294,0.7192306768284219,0.14864877019718176,7.0
2021-04-12 03:55:19.440,0.27039059663376475,0.5628802730771689,0.4734816413708218,0.23175768944523686,0.5667843897494022,0.5013838431563541,0.6161772324412397,0.42671778907104146,0.6683270546081371,0.0,1.0,0.9761194202463239,0.6329787581711216,0.7846154270295773,0.10135140277573071,7.0
2021-04-12 03:55:19.460,0.5120281762627593,0.5397914813357101,0.5742153782543605,0.22923087454501165,0.6547591700543242,0.5682985506562384,0.5398078364080358,0.338534847296071,0.7302143141242909,0.12489043890364228,0.98209771790757,0.8917910593630907,0.7056736867561929,0.8423075756686634,0.0945947348429021,7.0
