2021-05-01 19:20:46.980,0.0,0.3406908924735884,0.3733084190199303,0.5784607434764016,0.0662212109420366,0.312161125030879,0.9351481663832475,0.9158868398903653,0.6598303270396915,0.9496808104418634,0.6204081886285916,0.8142076600741461,0.79310364309154,0.017462239553531385,0.1071836048850053,2.0
2021-05-01 19:20:47.000,0.2928250481855046,0.3949088639544794,0.16166787586215348,0.5813067542681783,0.054709451423589225,0.3189849298336541,0.9193989977230933,0.9306781670164856,0.6795208055626798,0.9575666535040421,0.7646258664012775,0.8233151248088277,0.7999997528276066,0.017462239553531385,0.1071836048850053,2.0
2021-05-01 19:20:47.020,0.6100513179196886,0.5023556118692281,0.6357007072699633,0.5879191388369303,0.04942033868883589,0.3278231519113956,0.8995925492887041,0.9374528842730596,0.7050036434363659,0.956393165026323,0.7425170241740716,0.8242258719532068,0.7793107174125722,0.008148965652728319,0.09464083143191794,2.0
2021-05-01 19:20:47.040,0.2537677746381132,0.3844423886434109,0.723429146213176,0.598892790455017,0.0424891366050027,0.3434428152458027,0.8748241442923251,0.9433729857497509,0.7332780745484505,0.955219676548604,0.7204081819468658,0.825136619097586,0.7793107174125722,0.017462239553531385,0.09122006442092306,2.0
2021-05-01 19:20:47.060,0.18023584643622387,0.3431570105501174,0.06802159464149907,0.6038224477105764,0.033956362159159675,0.35241189053216937,0.8307100295956019,0.9570995231662895,0.773645013170307,0.9434847917283812,0.2707483480463263,0.734061939696134,0.8137933847134129,0.017462239553531385,0.08779935579076942,2.0
2021-05-01 19:20:47.080,0.5819071057789424,0.4593022839970187,0.25456523441910045,0.608752104966136,0.025423587713316653,0.3613809658185361,0.812664003862144,0.9640747656689478,0.7872134412531661,0.9547502811366155,0.7455782482922818,0.6138433598745725,0.7517241598477983,0.018626309384846607,0.09578112602281046,2.0
2021-05-01 19:20:47.100,0.5817300735275568,0.4409218940198908,0.5149539949616369,0.6138175863419958,0.022697884037570254,0.36769853791763796,0.7946179781286861,0.971050008171606,0.800781869336025,0.9655463753449426,0.834353758132732,0.622950830200179,0.765517085526768,0.017462239553531385,0.08779935579076942,2.0
2021-05-01 19:20:47.120,0.5815530412761711,0.4225415040427628,0.7753427555041733,0.6188830677178556,0.019972180361823876,0.37401611001673984,0.7462293018355327,0.9771137062761702,0.8339020543037129,0.9763424695532698,0.9231292679731824,0.6320583005257855,0.765517085526768,0.017462239553531385,0.09122006442092306,2.0
2021-05-01 19:20:47.140,0.21354091905966155,0.30976639039769754,0.292668980328767,0.6297017324677944,0.014026733648982236,0.3899863076473795,0.6885630837773533,0.9854648922131448,0.8667789931126945,0.978595567050711,0.2938775759291543,0.7595628493023568,0.779310364309154,0.012805602603129851,0.09635121493741539,2.0
2021-05-01 19:20:47.160,0.42844969873263017,0.3447871036398755,0.0,0.63582431453646,0.0016546385392264785,0.40229710998881063,0.6602598945300463,0.9979305482807387,0.8781539390390354,0.967330078410888,0.7224489981370347,0.7595628493023568,0.7724139014696692,0.015133861474140736,0.10376283787401025,2.0
2021-05-01 19:20:47.180,0.803373078529603,0.45163905788684566,0.3525059905498966,0.6413964517831927,0.0,0.41002908436603747,0.6302579206312355,1.0,0.8918062473375946,0.9502440850659574,0.6897959390943329,0.8014572037801212,0.7793107174125722,0.017462239553531385,0.098061598442913,2.0
2021-05-01 19:20:47.200,0.7403489072960479,0.4520274768298788,0.4900373085671427,0.6477327048707905,0.0005167731774887623,0.4183020475835833,0.5976403134538432,0.9993539477277411,0.9058448534535043,0.9410439356899305,0.5687075006747708,0.7923497359145218,0.7517241598477983,0.013969672434445074,0.09920189303380551,2.0
2021-05-01 19:20:47.220,0.3092229957669831,1.0,0.4838157789946553,1.0,0.32669873379701736,0.346243593540254,0.8528726506820578,0.576526631854538,0.7557315326759003,0.938415321494676,0.6081632914875783,0.7049180459851344,0.7448280501117316,0.0162980505138364,0.0900798865917132,2.0
2021-05-01 19:20:47.240,0.5073880504919713,0.7293245420232153,0.4607823771937271,0.8852063207178121,0.19872046788161515,0.39968084178520585,0.6924931307999379,0.7428528384120374,0.8935198567281941,0.9363499802330109,0.7537415130529572,0.6830601234655147,0.7241376022830243,0.017462239553531385,0.098061598442913,2.0
2021-05-01 19:20:47.260,0.6132389681634528,0.5576493852272636,0.4163931682351201,0.8354750816159827,0.11035458715554741,0.42398653963153055,0.5896610207149894,0.8586865232948384,0.9338364614417662,0.9312805084624836,0.8639455928901806,0.6830601234655147,0.7517241598477983,0.018626309384846607,0.09920189303380551,2.0
2021-05-01 19:20:47.280,0.6833380869487842,0.4723528130948912,0.39813295257532383,0.8120813472050683,0.06315675640567127,0.4388852970284513,0.5204281702086827,0.9198302372975526,0.9487845122033103,0.9160721023718336,0.8843537492237645,0.641165771969577,0.7448280501117316,0.026775275037574923,0.09122006442092306,2.0
2021-05-01 19:20:47.300,0.7042885627266589,0.3951107400040557,0.42143469294165314,0.8010891641065065,0.04119031603105671,0.4504257800769435,0.4666950944589473,0.9479662577086196,0.9581413191000823,0.901426964604307,0.9142857311491173,0.5792349914973213,0.7586202695838649,0.030267842156661236,0.08323835256972327,2.0
2021-05-01 19:20:47.320,0.7509333180223419,0.35790789714594606,0.43264839847965186,0.7941519083431756,0.02925967320013087,0.4644947384908875,0.4016415882769087,0.9631422897406823,0.9684633064129983,0.901426964604307,0.9768707609809625,0.5683060451466448,0.8206894944494795,0.03143191198797646,0.08209805797883075,2.0
2021-05-01 19:20:47.340,0.782027173405802,0.3149818202749305,0.41385850706219757,0.7924866272726315,0.031065159598910576,0.47820920948391044,0.3382360863479298,0.9608508213564094,0.9777526381891571,0.8629365455331511,0.9469387901918191,0.641165771969577,0.8275863103923806,0.04540158442242153,0.08209805797883075,2.0
2021-05-01 19:20:47.360,0.7724371581358221,0.2949988901412113,0.39916241697903004,0.7938094655558976,0.04273527794539798,0.4866191862312119,0.2992113662438831,0.9459954413738783,0.983976695216091,0.7400488142315436,0.8795918503481418,0.7131147669299919,0.8689650874292879,0.05587892815453982,0.07411634612763096,2.0
2021-05-01 19:20:47.380,0.7560115929806561,0.38159262648401554,0.36198403435311255,0.7944722804872848,0.05982167003221249,0.4948746530398292,0.26037105353065454,0.924117149208209,0.9896362947903263,0.610214055717344,0.7755102190814251,0.7795992812605017,0.8620689776932212,0.07916187448978863,0.06157357267454377,2.0
2021-05-01 19:20:47.400,0.7791602057886733,0.3777339436182073,0.34168445544194853,0.794600096884974,0.0841963958148925,0.502642856574308,0.22325211952617416,0.8926755376680968,0.994648111191954,0.5611153123129328,0.7537415119393363,0.8142076585832327,0.903448460936963,0.11292216455715574,0.04104908737025662,2.0
2021-05-01 19:20:47.420,0.8096954554317793,0.37463205710903,0.3476965471415581,0.7938351227915095,0.11533676503885469,0.5098779093401551,0.18812522520317795,0.8521892180572267,0.998347464949812,0.5120165689085214,0.7319728047972475,0.848816035905964,0.9655176858025776,0.17811412819573844,0.01710383505497476,2.0
2021-05-01 19:20:47.440,0.8408590025460738,0.3602632801071584,0.35456444676462173,0.7918709891315138,0.1542402126826031,0.5166559377746954,0.15488203781062745,0.8012694700028935,1.0,0.3927901316539331,0.6557823359248518,0.8888888938586,0.9517240539167734,0.21420255792573598,0.0,2.0
2021-05-01 19:20:47.460,0.8560123044695046,0.40445405927127903,0.3324985320089653,0.7882462722046775,0.20176463662119917,0.5230116613943806,0.12388190546602529,0.7388550957885381,0.9983579219424029,0.27469018494093145,0.5809524089519935,0.9125683099215214,0.9534482579024992,0.2761932401219168,0.0,2.0
2021-05-01 19:20:47.480,0.8785868824820509,0.5251843103501288,0.276295676848997,0.7787447044798247,0.28852488813499416,0.5320639391972016,0.0954532223012569,0.6664230115212524,0.9917737040759156,0.13368382147577684,0.5204081897422125,0.9462659404726016,0.9551724618882229,0.33818392231809763,0.0,2.0
2021-05-01 19:20:47.500,0.9215058347678067,0.5251732042853466,0.26890451702340123,0.7694275086111421,0.3564330494626845,0.5382090230078045,0.06954012504793872,0.5851231202892385,0.9784009717297957,0.04675177028641767,0.41768709146606536,1.0,0.9586208698596744,0.4342258226331894,0.005701297811938668,2.0
2021-05-01 19:20:47.520,0.9557437345173503,0.5176249682188826,0.30658589251754503,0.7601103127424592,0.4243412107903748,0.5443541068184075,0.03795611794319104,0.4556228215183538,0.9419497392906636,0.023282008370039894,0.33333337787817147,0.9927140407359266,0.986206721217614,0.4866123028770227,0.01710383505497476,2.0
2021-05-01 19:20:47.540,0.9829943601614962,0.5303561878892177,0.34287447992925113,0.7413784528710415,0.5331898776130444,0.5545106924639719,0.014870252378902311,0.32965019385050165,0.8889822539332052,0.03567404979274157,0.28027216806999056,0.9362477259844426,1.0,0.5960419003150914,0.04675032680135405,2.0
2021-05-01 19:20:47.560,0.98583118115724,0.5819011427260686,0.37075045312011823,0.726180380322082,0.6041411750509407,0.5624036213153497,0.005028982179847668,0.25554655477775917,0.844993401087307,0.0567029387656262,0.22040821535549432,0.8251366198430427,0.9982757960142742,0.6612339831620545,0.0749715378803796,2.0
2021-05-01 19:20:47.580,0.9914978636071528,0.5796334234828313,0.38397285042528967,0.7090238024433332,0.6731941550529306,0.5715051487796659,0.0,0.19042956153121238,0.7961198228255234,0.07641761438702704,0.11564628418486414,0.6994535593915762,0.9965515920285485,0.726426066009018,0.10319274895940532,2.0
2021-05-01 19:20:47.600,0.9873997313368397,0.5383582254696332,0.35934269522672635,0.6891846612047411,0.741152511853318,0.5824845384447775,0.00029919218271671116,0.13396371610647137,0.7427816095623143,0.1055200441664206,0.04489797845613397,0.5701275386899464,0.9655176858025776,0.8079161993698168,0.16305593812845165,2.0
2021-05-01 19:20:47.620,0.9914557335251185,0.4792900188984847,0.38346688087951253,0.6649661008743307,0.8062555981957851,0.5963498272620923,0.005642661846017216,0.08765523400469438,0.6870226520474241,0.13105518730183588,0.03537414729626023,0.4335155080331902,0.9517240539167734,0.8440046290998148,0.20866597033891318,2.0
2021-05-01 19:20:47.640,1.0,0.4315331753914036,0.411995589353712,0.633232346514193,0.8678562550232821,0.6151770230611316,0.015769535560608196,0.05137072321356872,0.6298618851425949,0.1434472133563173,0.028571448934783136,0.36247727475355945,0.8896555352579952,0.8859138848199095,0.25997724198047195,2.0
2021-05-01 19:20:47.660,0.9976493713359099,0.4992159900462052,0.44223937716659684,0.5865110625191577,0.9243340501276887,0.6434408379803058,0.029990945181964178,0.024886125353608353,0.572029322507961,0.11847540770101671,0.006802720633896141,0.2622951447811027,0.8413792360713503,0.9278230213316244,0.3147092806330258,2.0
2021-05-01 19:20:47.680,0.9887773042389699,0.5501178283880748,0.4236317457136281,0.5051825492890176,0.9735526332816723,0.6936406697692954,0.04861443895709882,0.007294341503873741,0.510918707339598,0.08599318356423867,0.025850382953643627,0.19125685186493885,0.79310364309154,0.9615833113989916,0.3831243172725498,2.0
2021-05-01 19:20:47.700,0.9890056828385285,0.5232744755610957,0.4071166605988099,0.3611398291967109,1.0,0.7835608684026308,0.07124886774523762,0.0,0.44638523615741843,0.0461885250156244,0.05850340858771692,0.06557379737712567,0.7517241598477983,0.9825377604464686,0.44697836236719596,2.0
2021-05-01 19:20:47.720,0.9690215021250836,0.4460726407034594,0.4223000900114035,0.19943394537012607,0.9826277171675477,0.8850083983156624,0.09771670945594135,0.0046198933832529146,0.3795981487820906,0.014269653727181027,0.0884353682406507,0.0,0.7172414925469576,0.9906868453075767,0.5119726553480617,2.0
2021-05-01 19:20:47.740,0.9490262110006242,0.427292708464143,0.44289377582303335,0.10126064387934948,0.930811822565249,0.9475172703453238,0.12747471525785142,0.0222754214581406,0.3125050991598082,0.0,0.07142861120074825,0.0491803405782776,0.6896549349821837,1.0,0.5906499463158974,2.0
2021-05-01 19:20:47.760,0.9299689790862047,0.39907558488614925,0.45351416421545676,0.05142811290228026,0.864329757439197,0.980676659629608,0.1592931961028218,0.053242690495996406,0.24727932718608936,0.044498681625702925,0.0190476511835379,0.18032790551426228,0.6137927844376013,0.9941792932182829,0.671607768084677,2.0
2021-05-01 19:20:47.780,0.9169283267882573,0.35567077565757194,0.4563393987833364,0.025230756343776313,0.7931088584753851,1.0,0.19218094566175364,0.0963633836457152,0.18647173364829062,0.1408186291290922,0.06428573504679058,0.2527322738605024,0.5999998587586335,0.9848661385258596,0.7377423206279303,2.0
2021-05-01 19:20:47.800,0.872075072450692,0.26479964227773695,0.43944986601122143,0.011400029251055441,0.7229179615960988,0.0,0.22488075944549227,0.14832780260843756,0.1330335130101499,0.23713857663248136,0.10952381891004326,0.3251366422067426,0.5724140074006939,0.9627473812303068,0.7844926007246114,2.0
2021-05-01 19:20:47.820,0.8541056464003574,0.20925277142327978,0.43056091172756256,0.004590142690637974,0.6596850033757117,0.009193300146961713,0.2734586442438631,0.22652159325141513,0.07537813861128939,0.49662034779865266,0.314285737830843,0.38069218036830926,0.5241384144208856,0.9545984155775792,0.8209806264929805,2.0
