2021-04-12 01:28:46.200,0.3342926766673146,0.4193570532951909,0.0,0.9210982645130043,0.5731955678395855,0.4937651618109801,0.5376735965529039,0.4221852571199816,0.46760190188883305,0.05866227964877745,0.46533333812071564,0.3903872810113949,0.24999857777575057,0.9661021361676708,0.7499999085714288,5.0
2021-04-12 01:28:46.220,0.5618536357884868,0.6913701901149266,0.9806535613644954,0.8956792091891231,0.5754468400561292,0.24983426002545037,0.5540769791458393,0.41993727943954956,0.6890851594597808,0.06140350766974836,0.37066667340392506,0.3969571276610679,0.1666676148161609,0.9830502002874107,0.6071427657142859,5.0
2021-04-12 01:28:46.240,0.26717865446783096,0.29630317707332704,0.011145493426471375,0.8971410280992558,0.5849382011801391,0.5442911931305298,0.547510465783822,0.41045988175466347,0.4214333780272875,0.1392543780803785,0.5279999991050942,0.4716459257602194,0.30555634568014217,0.9491523364550916,0.5,5.0
2021-04-12 01:28:46.260,0.44711874131228635,0.4285801449987531,0.504184094688371,0.8698530012403418,0.5845808815915934,0.33186856792100344,0.5584406788407349,0.41081685174439425,0.6143322684573366,0.337719292183616,0.8426666517079158,0.5311203372584146,0.24999857777575057,0.8983046729101732,0.5357143771428569,5.0
2021-04-12 01:28:46.280,0.6189035548600428,0.5802689598826793,0.7106483053587838,0.8747957401154616,0.5827475938892948,0.5923213535251343,0.5430758116223443,0.41264700344011357,0.37785698529858924,0.3399122746003928,0.005333354927483436,0.5352697148048003,0.5,0.8644068090778441,0.5357143771428569,5.0
2021-04-12 01:28:46.300,0.7906883684077992,0.7319577747666055,0.9171125160291964,0.8579291115237612,0.5753785523125403,0.3815496138565684,0.5459268910977948,0.42000513484609425,0.569476162241117,0.3991227998533644,0.8026666752810445,0.5629322317807051,0.41666619259191146,0.9491523364550916,0.6785715199999998,5.0
2021-04-12 01:28:46.320,0.1813360590662763,0.23600943710188835,0.5579289945657383,0.8621899872411269,0.56329678298028,0.40504690785601893,0.5262789542601687,0.43236998422896517,0.45294492282829746,0.3207236780048511,0.5620000082069411,0.5670816149876126,0.45138837530790676,0.9449153204251541,0.696428617142857,5.0
2021-04-12 01:28:46.340,0.3678283178514043,0.37043962671785374,0.5197664383772598,0.8664508629584932,0.5512150136480203,0.42854420185546954,0.5107302504692716,0.45593253111651627,0.6019084835840007,0.24232455615633777,0.32133334113283774,0.57123099819452,0.4861105580239102,0.9406783043952166,0.7142857142857143,5.0
2021-04-12 01:28:46.360,0.5543205766365323,0.5048698163338191,0.48160388218878114,0.8732653931035096,0.5259477544766588,0.5451004434498176,0.48642995826587665,0.46941660585117767,0.42198256731516814,0.14035087467371055,0.09066668453568037,0.6016597668680153,0.5208327407398974,0.9194914886526949,0.6785714285714286,5.0
2021-04-12 01:28:46.380,0.3332966834326237,0.3661740133408168,0.2890206202220893,0.8536446525693592,0.5085667768375595,0.35801100118856544,0.4785040218281772,0.48680985194397475,0.5926843764554658,0.2785087669306444,1.0,0.5546334766879336,0.5555549234558927,0.8983046729101732,0.6428571428571429,5.0
2021-04-12 01:28:46.400,0.11227279022871506,0.22747821034781443,0.0964373582553974,0.844799827876548,0.48429977430106613,0.4683504582463702,0.4426300885640739,0.5126340836929366,0.4240663219582071,0.29769736262869545,0.6573333341045529,0.5705394296096007,0.583332385183831,0.796610213616771,0.553571382857143,5.0
2021-04-12 01:28:46.420,1.0,0.7411912139214857,0.7767051680404221,0.8406979253928918,0.4733382812832496,0.49426024135313795,0.45344741951506257,0.5095913811579148,0.561539358785111,0.3168859583267465,0.31466666820910594,0.5864453825312677,0.6666676148161609,0.7288136181556881,0.35714285714285715,5.0
2021-04-12 01:28:46.440,0.0,0.0,0.3689252287212121,0.836596022909235,0.4623767882654336,0.5201700244599057,0.4232466183746317,0.5330847116422284,0.44606730273039175,0.30043859109841164,0.0,0.5836791308336772,0.5277760395036969,0.7118638184430989,0.6071427657142859,5.0
2021-04-12 01:28:46.460,0.7736456172350441,0.5068558730711679,0.28115197916871043,0.8404709367364287,0.45944581478712326,0.661654823842884,0.40965641912158324,0.5412064594069617,0.33152689003979735,0.2730263106643299,0.12333333886283268,0.5612033301302327,0.5624989333318129,0.7288131842574783,0.5714285714285714,5.0
2021-04-12 01:28:46.480,0.5576778650404766,0.36965300917435795,0.4640772233175262,0.8367684539684258,0.4491083208774368,0.6301930772990425,0.38360618550937764,0.5698453781378632,0.3648625781969219,0.2456140302302482,0.24666667772566536,0.5387275294267885,0.5972218271599289,0.7457625500718527,0.5357143771428569,5.0
2021-04-12 01:28:46.500,0.47451002290858524,0.3380219973546423,0.4804358323200583,0.7706063446768698,0.40895417479502555,0.584309905648261,0.3575559518971721,0.5984842968687646,0.3981982663540463,0.249999994839429,0.2806666762414314,0.5190179860814562,0.5555549234558927,0.7627114819880173,0.2857142857142857,5.0
2021-04-12 01:28:46.520,0.4813407350281042,0.3353087613901744,0.48983561734534425,0.7044442353853138,0.3688000287126143,0.5384267339974848,0.3315057182849665,0.627123215599666,0.4315339545111709,0.2543859594486098,0.3146666747571973,0.4993084427361241,0.5972218271599289,0.7542365821317226,0.3392857599999999,5.0
2021-04-12 01:28:46.540,0.4881714471476232,0.33259552542570653,0.4992354023706302,0.5149835583823538,0.4349522716314924,0.6401095577525154,0.39065594179153706,0.560591232517633,0.3371808520328999,0.27631578424462044,0.36266667484450515,0.46473029651624326,0.6388887308639651,0.745761682275428,0.39285723428571406,5.0
2021-04-12 01:28:46.560,0.48711327068516125,0.3420927063032235,0.5019622972842219,0.5113467483785951,0.44070981509796486,0.6474487087047501,0.39768365918634685,0.5529962390800679,0.32572813386166416,0.3174342046938077,0.39066667416786904,0.4457123163783348,0.5972225382720496,0.7203382844011836,0.39285723428571406,5.0
2021-04-12 01:28:46.580,0.4839269670642357,0.3557810241083428,0.503259456240692,0.5077099383748369,0.44646735856443676,0.6547878596569903,0.4038884122755517,0.5465095182113838,0.3197625387808423,0.35855262514299496,0.41866667349123293,0.4266943362404264,0.5555563456801341,0.6949148865269393,0.39285723428571406,5.0
2021-04-12 01:28:46.600,0.4889240797039492,0.36474496281364116,0.50558964116903,0.5040731283710781,0.4522249020309092,0.6621270106092251,0.4100931653647623,0.5400227973426994,0.31379694370002037,0.36677630920590765,0.4266666736876757,0.4180497988363779,0.5277760395036969,0.6779659546107797,0.6071427657142859,5.0
2021-04-12 01:28:46.620,0.4939211923436628,0.3737089015189396,0.507919826097368,0.5030677326802487,0.46691504480628815,0.675782923627101,0.4162979184539672,0.5335360764740155,0.3078313486191986,0.3749999932688204,0.43466667388411845,0.40940526143232936,0.416667614816169,0.7542374499281473,0.6785713371428573,5.0
2021-04-12 01:28:46.640,0.48701506466720923,0.3795010056802108,0.5058222694888226,0.5020623369894188,0.4816051875816671,0.6894388366449717,0.4353959581755717,0.5138125124008674,0.2913628454035783,0.3695175372268786,0.3906666758048919,0.40179806926395556,0.4104943714685404,0.7664781041463737,0.6388888380952383,5.0
2021-04-12 01:28:46.660,0.472214434581512,0.4082761775076886,0.500902729461709,0.502091236898249,0.4902578799291837,0.6940076722025839,0.4543343503473535,0.49458916321937557,0.27895489415388497,0.28563596158015,0.37066667487724564,0.38969571780397116,0.4043211281209199,0.7787187583645951,0.5992063390476187,5.0
2021-04-12 01:28:46.680,0.4796335656323845,0.4534477936649499,0.507800659401495,0.5021201368070798,0.4989105722767003,0.6985765077601959,0.4683095582116902,0.48077477944805574,0.2760227548769349,0.20175438593342138,0.35066667394959933,0.37759336634398677,0.3981478847732913,0.7909594125828215,0.5595238399999997,5.0
2021-04-12 01:28:46.700,0.49008868646421516,0.49297855485057174,0.5097443733405195,0.5021490367159099,0.5075632646242169,0.703145343317808,0.4822847660760268,0.4669603956767359,0.2730906155999848,0.1118421032556131,0.3413333415693771,0.3706777387981671,0.3935183078186323,0.7853099132435017,0.601190491428571,5.0
2021-04-12 01:28:46.720,0.5005438072960458,0.5325093160361937,0.5116880872795438,0.48249341976418836,0.543899411200841,0.7174283260690629,0.5061988402169959,0.44327915043475613,0.260957476745441,0.16995613640270577,0.3466666743970523,0.37448133318419746,0.3888887308639732,0.7796604139041818,0.6428571428571429,5.0
2021-04-12 01:28:46.740,0.4865937120730458,0.45389025263760113,0.5142208744309883,0.46706515501535106,0.568659038343409,0.7247904938772052,0.523273065039446,0.4267167928229591,0.25775182639604416,0.22807016954979842,0.35200000722472746,0.37828492757022786,0.30555634568014217,0.7627114819880173,0.8571428571428571,5.0
2021-04-12 01:28:46.760,0.48807336205423185,0.4548598993405902,0.5148582731447174,0.46205081196401515,0.5844744797585598,0.7232177787902684,0.5398183565655458,0.4109221345599935,0.2589238048805242,0.2807017493474211,0.34933334143841527,0.381742745588529,0.347221827159937,0.7203387182993984,0.7678571885714285,5.0
2021-04-12 01:28:46.780,0.4875033045818431,0.5077064572267092,0.5087413418583141,0.45715596585830837,0.604595384002627,0.7258364890001121,0.5503341310335474,0.40088133285128147,0.25756958937213165,0.26754385484676074,0.34400000681001497,0.38450899388980647,0.3888873086397318,0.6779659546107797,0.6785715199999998,5.0
2021-04-12 01:28:46.800,0.4821085111580975,0.5254350716278403,0.5072062599626126,0.4617914339530937,0.6068764106183311,0.725605402248406,0.5608499055015491,0.3908405311425695,0.25621537386373916,0.23464911769761923,0.3240000079013636,0.3845089972861195,0.2777774617279464,0.6779659546107797,0.6071427657142859,5.0
2021-04-12 01:28:46.820,0.47762849927197687,0.5334615464151824,0.5077269532142825,0.4664269020478796,0.609157437234035,0.7253743154966946,0.5765329927518952,0.3760220639599102,0.25468712329364834,0.23659843528175534,0.32296297083684067,0.38281850976022386,0.3333323851838391,0.745761682275428,0.7857142857142857,5.0
2021-04-12 01:28:46.840,0.4731484873858563,0.5414880212025244,0.5082476464659524,0.47106237014266494,0.6114384638497391,0.7251432287449886,0.5922160800022355,0.361203596777251,0.2531588727235575,0.23854775286589144,0.3219259337723179,0.3811280222343282,0.23611055802391018,0.7542365821317226,0.7678570971428572,5.0
2021-04-12 01:28:46.860,0.47729020928439175,0.5734768223801918,0.5087436415774143,0.4756978382374509,0.6137194904654432,0.7249121419932772,0.5765154333131918,0.37645583844951985,0.25643051551482376,0.24049707045002758,0.320888896707795,0.37943753470843256,0.13888873086398126,0.7627114819880173,0.7499999085714288,5.0
2021-04-12 01:28:46.880,0.4782355514338808,0.5389134022570621,0.5082341895988772,0.4803333063322362,0.6160005170811471,0.7246810552415712,0.5608147866241537,0.39170808012178915,0.25970215830608995,0.2540204626483942,0.32844445226092533,0.37989857552592665,0.22222253827206173,0.7627114819880173,0.7499999085714288,5.0
2021-04-12 01:28:46.900,0.47918089358336985,0.5043499821339322,0.5077247376203402,0.5175996827541944,0.6495984998294393,0.7263661868861978,0.54511413993511,0.406960321794058,0.2629738010973562,0.26754385484676074,0.3360000078140557,0.3803596163434207,0.3194443654319906,0.8220336114910105,0.6696427885714288,5.0
2021-04-12 01:28:46.920,0.4821970058518705,0.5895999669663274,0.5068142590298016,0.554866059176152,0.683196482577732,0.7280513185308245,0.5976139948009732,0.3572198055349597,0.25752557252055225,0.24780701332911775,0.3146666747571973,0.3879668107760032,0.41666619259191956,0.8813557409940086,0.5892856685714287,5.0
2021-04-12 01:28:46.940,0.4791965532885199,0.621182111250047,0.5045464751251411,0.5523373551297126,0.6933413415270153,0.7296966204679295,0.6501138496668364,0.3074792892758613,0.25207734394374837,0.21929824167767276,0.3146666747571973,0.4052558827538393,0.30555634568014217,0.8644068090778441,0.7499999085714288,5.0
2021-04-12 01:28:46.960,0.48502799473588665,0.6293874220876644,0.5035927723018169,0.5465714245676497,0.7046187447632823,0.7339866894328788,0.6676992691689958,0.2912184410385611,0.2471796007929752,0.2280701677548172,0.32000000785770966,0.4232365210523861,0.47222396049630305,0.8983046729101732,0.9285714285714286,5.0
2021-04-12 01:28:46.980,0.48394614697244936,0.6093375760695172,0.5055542236670508,0.5399792262442468,0.7117485410244176,0.739866224296342,0.675273658476803,0.28413158543768574,0.24173975045317395,0.2543859594486098,0.3266666746698894,0.44190871967149054,0.22222253827205363,0.7627114819880173,0.6428571428571429,5.0
2021-04-12 01:28:47.000,0.47225364430666744,0.578751862547666,0.5062639741250019,0.5364648112469478,0.714449877113823,0.741492914220583,0.6781763412006794,0.28144595010644446,0.24022741645956708,0.26973683780203184,0.34933334143841527,0.4605809189698575,0.5277760395036969,0.8983046729101732,0.6428571428571429,5.0
2021-04-12 01:28:47.020,0.4722500025680558,0.5789017000199086,0.5018792123716413,0.5337928988480787,0.7147350975498359,0.7482319518380645,0.6782666468854235,0.28116276558027753,0.23412969824027055,0.2763157845138677,0.35200000646078344,0.4674965482138337,0.22222253827205363,0.9322025367425023,0.6428571428571429,5.0
2021-04-12 01:28:47.040,0.47778646076939313,0.5710148232537287,0.5024908866741334,0.5313369097824973,0.7137835157833617,0.7568701592481084,0.6769475388475743,0.2821093387801717,0.2263281286542995,0.2763157845138677,0.360000008294249,0.4688796740626289,0.3888887308639732,0.8644059412814243,0.8392856685714287,5.0
2021-04-12 01:28:47.060,0.47333634191518825,0.579521153381644,0.5032223300477568,0.5294509343917765,0.7112308246427913,0.7649701072461393,0.6739029471905278,0.2846456533313943,0.21904698445838072,0.26809210043300513,0.362666674571668,0.4716459257602194,0.3194436543198619,0.8644063751796343,0.7946427885714288,5.0
2021-04-12 01:28:47.080,0.47462534564535447,0.5917977885120528,0.5032549530014263,0.5275004468852521,0.708607463628042,0.7747228019864227,0.6707422482245273,0.28725390627924,0.21026626026825268,0.2598684163521426,0.3653333408490871,0.4744121774578099,0.24999857777575057,0.8644068090778441,0.7499999085714288,5.0
2021-04-12 01:28:47.100,0.4814449807823506,0.5850702415801254,0.503882798339252,0.5250375366522805,0.7043645714292971,0.7854917126290333,0.6657851111727473,0.2914719266726089,0.2005871360652752,0.2785087669306444,0.3733333432282269,0.4771784291554003,0.2777774617279464,0.7796612817006016,0.803571382857143,5.0
2021-04-12 01:28:47.120,0.4822992180368733,0.5704797296488686,0.5045322488901767,0.5221986617709232,0.7007156237910689,0.7977235274826849,0.6614488257035768,0.2950990800731709,0.18957919029254325,0.30921052256049986,0.360000008294249,0.4744121774578099,0.3541665481479779,0.7245761682275458,0.7857142857142857,5.0
2021-04-12 01:28:47.140,0.483153455291396,0.5558892177176118,0.5051816994411016,0.5196523557432186,0.6980497020431058,0.8064153374897716,0.6582994149481692,0.2977503016308926,0.1817543524345005,0.3289473661064716,0.34400000681001497,0.486860310096967,0.43055563456801743,0.6694910547544851,0.7678571885714285,5.0
2021-04-12 01:28:47.160,0.47423852919482307,0.5236475854127207,0.5039056281183952,0.5191360024772651,0.6935013412983307,0.8143254429566018,0.6531310270981577,0.30227308806941594,0.17466188447682424,0.2982456086816349,0.3360000078140557,0.49792531688732894,0.44444507654410725,0.6779659546107797,0.7857142857142857,5.0
2021-04-12 01:28:47.180,0.47117762332500873,0.5606652119308974,0.509873197953875,0.5180493791969193,0.6847474084007262,0.8131863877693761,0.6436795696289109,0.3109805504823325,0.1758184752091855,0.1995613999266822,0.3120000082069411,0.5020746989621321,0.4236109135799685,0.6610165887964004,0.7589285942857142,5.0
2021-04-12 01:28:47.200,0.47243245513631976,0.5835370599240398,0.5112008231856314,0.5117425722202457,0.6767498019655432,0.8128774283558505,0.635045701126888,0.31893975635631633,0.17620252612763054,0.14473683950726401,0.3173333413074535,0.49654219103853364,0.40277675061582163,0.6440672229820259,0.7321429028571428,5.0
2021-04-12 01:28:47.220,0.4842144238383195,0.531808258209354,0.5138039015180035,0.5012599942511586,0.672024290109203,0.8154496085335322,0.6318535564313836,0.3218285690509935,0.1742319036068901,0.17324561092536148,0.3360000078140557,0.49100968764335273,0.41666619259191146,0.6440663551856013,0.6071427657142859,5.0
2021-04-12 01:28:47.240,0.4844633384544673,0.4890334591781243,0.5138123629437679,0.49639210651967125,0.6709448673343825,0.8173201158262785,0.6286614117358735,0.3247173817456711,0.17226128108614966,0.26973683780203184,0.34933334143841527,0.4840940583993766,0.4305556345680094,0.7118638184431039,0.803571382857143,5.0
2021-04-12 01:28:47.260,0.4847122530706151,0.44625866014689464,0.5138208243695322,0.49152421878818386,0.6698654445595627,0.8191906231190247,0.5831320269110948,0.3684696340736804,0.20393862269477547,0.3684210460184902,0.3680000079450175,0.47302905160901465,0.44444507654410725,0.7796612817006064,1.0,5.0
2021-04-12 01:28:47.280,0.48641672230363275,0.4607498568598282,0.5122808387317369,0.5252509820367507,0.5831732012214295,0.7488930505349655,0.5376026420863218,0.4122218864016897,0.23561596430340134,0.3925438705528465,0.3680000079450175,0.46611342236503844,0.44444507654410725,0.7288136181556881,0.35714285714285715,5.0
2021-04-12 01:28:47.300,0.48238033852818035,0.4982364011231058,0.5118895494809925,0.4880725215299572,0.6703340890510291,0.8133687854954346,0.6282381038386388,0.32526659251827084,0.1777324979691848,0.32236841526617893,0.3360000078140557,0.4619640448186528,0.5277760395036969,0.5593208278083637,0.7499999085714288,5.0
2021-04-12 01:28:47.320,0.47834395475272795,0.5357229453863834,0.511498260230248,0.48954805460510536,0.6702206996349303,0.8096770927440318,0.6280199994839704,0.32558052098758977,0.18159760785572532,0.2598684154905516,0.31400000844703785,0.45850623019666464,0.5,0.5593216956047834,0.8392856685714287,5.0
2021-04-12 01:28:47.340,0.47245479136650065,0.5829947290175558,0.5091309432956749,0.49102358768025356,0.670107310218832,0.805985399992629,0.6278018951292962,0.32589444945690876,0.18546271774226586,0.19736841571492422,0.29200000908002,0.45504841557467657,0.5416669037040442,0.5466097797185563,0.848214262857143,5.0
2021-04-12 01:28:47.360,0.47751502764520026,0.5191916139029364,0.509471650744094,0.48133429511926085,0.6700744368166859,0.798199995011979,0.6267601545517331,0.32694581940215506,0.1884647188655095,0.1995613999266822,0.2906666758048919,0.43983403123792897,0.5833338074080885,0.5338978638323292,0.8571428571428571,5.0
2021-04-12 01:28:47.380,0.47759745300798384,0.5009286400414162,0.5125394746822681,0.46899744241503294,0.6765020603841518,0.7909859788262288,0.6325993846312649,0.32170403785359547,0.19337474940594615,0.24561403067899348,0.30933334165668497,0.42738589871198224,0.5833338074080885,0.4915251001437054,0.6428571428571429,5.0
2021-04-12 01:28:47.400,0.4694237480078793,0.5236898855057084,0.5092531010741134,0.4642887415335326,0.6823254168252106,0.7878070470292068,0.6417960510614117,0.31339223662210725,0.19882449187210946,0.27302631088870255,0.3186666745825815,0.4080221361495863,0.5833338074080885,0.576270627520943,0.8928570514285716,5.0
2021-04-12 01:28:47.420,0.47485216711514616,0.5292685246262939,0.5113747571200488,0.4609321462420451,0.690585216434033,0.781403025643257,0.650936276438605,0.3051741497343288,0.20449730489846793,0.26096490705793624,0.3413333415693771,0.4011065052074536,0.7500014222242495,0.4915251001437054,0.5357143771428569,5.0
2021-04-12 01:28:47.440,0.4775373639390257,0.5681735787221471,0.5066890601129311,0.4583636241214815,0.6990174822975936,0.7811476688267742,0.6600990782369727,0.2967877853268812,0.2046005189716415,0.27576753864042625,0.3380000079450175,0.40491010185769266,0.5,0.5593208278083637,0.5357143771428569,5.0
2021-04-12 01:28:47.460,0.48044707581309326,0.5612835004329293,0.5102441208672258,0.45454151623808464,0.7087748480041868,0.7813896249939977,0.6751527133633041,0.283052023418087,0.20425084163693868,0.29057017022291637,0.3346666743206579,0.40871369850793177,0.6388887308639651,0.6101702269461214,0.39285723428571406,5.0
2021-04-12 01:28:47.480,0.47187732834672697,0.5543333482973662,0.5104833725367748,0.45230478291972115,0.7168948959517122,0.7812183944756554,0.6877100413471013,0.27175662579366794,0.20778441493832606,0.31359648559907205,0.3360000078140557,0.41078838841322896,0.6666676148161609,0.6101702269461214,0.5,5.0
2021-04-12 01:28:47.500,0.4874348391322113,0.6069872800457523,0.5101242695714384,0.45097361172490186,0.724199778811234,0.7772130893075124,0.6949602977507471,0.2653046265429941,0.2111793636722775,0.31140350138731404,0.34666667423335,0.4066390108668433,0.44444507654410725,0.6101702269461214,0.6785715199999998,5.0
2021-04-12 01:28:47.520,0.47619537244109156,0.6188852804866709,0.5078600848820047,0.4509756624411655,0.7338186633261784,0.7734962703387444,0.7001907707590171,0.26058430115590436,0.21107242190578412,0.3179824504326255,0.34400000681001497,0.4038727580371484,0.44444507654410725,0.5254229639760345,0.42857142857142855,5.0
2021-04-12 01:28:47.540,0.47012223907429734,0.6149262694979193,0.5077170704925782,0.4517907367095642,0.7434647041298519,0.7731631153084944,0.705421243767293,0.2558639757688151,0.21096548013929067,0.3289473661064716,0.35733334174399284,0.4011065052074536,0.5833338074080885,0.5593208278083637,0.42857142857142855,5.0
2021-04-12 01:28:47.560,0.46827804774857756,0.6015227971761147,0.5120810456740356,0.45280755019042584,0.7507589468060707,0.7709371185700657,0.7171496945732735,0.24538371794937835,0.21304140610790273,0.39473685296962324,0.38933334252976387,0.39280775011468216,0.5,0.5932204272335322,0.2500000914285712,5.0
2021-04-12 01:28:47.580,0.4675388902615595,0.5586863235807354,0.5141559734088481,0.4572207983985274,0.7582210105823766,0.7680922724039345,0.7281573125028226,0.23560485949702076,0.2154838280998541,0.49342104377476365,0.4106666705664188,0.38589212313491467,0.5555549234558927,0.6271182910658614,0.42857142857142855,5.0
2021-04-12 01:28:47.600,0.46190750322515356,0.5689301152423734,0.5130870925680258,0.4616340466066284,0.7656830743586823,0.7652474262378034,0.7396035580439837,0.22554923264576124,0.2203921892143533,0.5460526038275929,0.4426666735348869,0.3706777387981671,0.47222253827206173,0.6949148865269393,0.5,5.0
2021-04-12 01:28:47.620,0.4641715903223031,0.6213749873311865,0.5111654984449142,0.47997714818509857,0.7815538606078815,0.7602501007840473,0.7517174206116298,0.2148385775290308,0.22218892702542087,0.530701744859968,0.44800000227000497,0.35546335446141947,0.5555549234558927,0.7627114819880173,0.5357143771428569,5.0
2021-04-12 01:28:47.640,0.4512211006688439,0.6908070172197688,0.5132730868639488,0.49392526574719336,0.7918883371521532,0.7586978589112664,0.7633313767101654,0.20459503592010558,0.22341959464534014,0.47149123755680866,0.4266666698679558,0.3360995880498687,0.30555634568014217,0.7288136181556881,0.5357143771428569,5.0
2021-04-12 01:28:47.660,0.45035120247446786,0.7122643686177292,0.5119429814772053,0.5019235718555595,0.8021107344521514,0.7587574173524315,0.7704913274290671,0.19827670598748126,0.2232736183823165,0.45394737104266997,0.4186666702171873,0.323651459939129,0.3263890864200396,0.7415251001437054,0.5714286628571427,5.0
2021-04-12 01:28:47.680,0.4606351910048624,0.7067806339343422,0.5116833790655578,0.5099218779639255,0.8123331317521492,0.7588169757935913,0.7776512781479631,0.19195837605485735,0.22312764211929284,0.4627192899398895,0.43733334261707174,0.31396957899756234,0.347221827159937,0.7542365821317226,0.6071429485714284,5.0
2021-04-12 01:28:47.700,0.47083238370427244,0.7096466485775184,0.515038512832664,0.524920133146171,0.8372553790096816,0.7589416762797715,0.8047736229995684,0.16820125524724988,0.22264199470808566,0.4429824661387113,0.43733334261707174,0.31258645314876715,0.3680552790119551,0.7881348798622616,0.5892857599999999,5.0
2021-04-12 01:28:47.720,0.4454964835965134,0.7579857394120798,0.5107623069656022,0.5353232458600307,0.8520018790246093,0.7644043020551056,0.8209028633352534,0.15399237686309541,0.21568740474227083,0.3486842042674997,0.4266666698679558,0.318118949751322,0.3888887308639732,0.8220331775928056,0.5714285714285714,5.0
2021-04-12 01:28:47.740,0.44442519636589367,0.8559274775731465,0.5011888735004132,0.5423038840224249,0.8627386180212305,0.7832508262803094,0.8370321036709327,0.1397834984789405,0.208732814776456,0.21929824167767276,0.43466667388411845,0.3388658442758766,0.33333309629595975,0.8347450934790277,0.6250000457142856,5.0
2021-04-12 01:28:47.760,0.4353165296478956,0.8705613965998245,0.5019316874651447,0.5425027180535146,0.869536742299842,0.8137894169861426,0.8441267440285402,0.13299061816372607,0.18412386406322903,0.17105262312364106,0.43466667388411845,0.3720608612506493,0.2777774617279464,0.8474570093652548,0.6785715199999998,5.0
2021-04-12 01:28:47.780,0.42880589783959616,0.8143530844664663,0.5089263676808248,0.5391230522040579,0.87269449461035,0.8428740372471022,0.8512213843861477,0.1261977378485116,0.15951491335000206,0.256578942583379,0.47200001213579595,0.4190871435060004,0.47222396049630305,0.8813566087904333,0.6071427657142859,5.0
2021-04-12 01:28:47.800,0.4571984551645525,0.737646152414142,0.5157870679900644,0.538578587035987,0.8719611160059481,0.8664986374145379,0.8487549103716082,0.12775884966226406,0.13638325942390678,0.3991227998533644,0.5413333315289703,0.4674965482138337,0.347221827159937,0.8135591455329306,0.8392856685714287,5.0
2021-04-12 01:28:47.820,0.4822657138507132,0.7519259592338088,0.5137544275405979,0.5457162758855927,0.8639539810484042,0.8931547622371214,0.8462884363570686,0.12931996147601696,0.11325160549781152,0.49780699065850487,0.602666662184862,0.5283540855608241,0.19444365431985783,0.7627114819880173,0.6428571428571429,5.0
2021-04-12 01:28:47.840,0.4719024564704359,0.788502661925566,0.5085696204434977,0.5593068852456773,0.8444468724531051,0.9278885006422984,0.8183146379064548,0.15256024378950495,0.070298686326656,0.5877193056459752,0.6480000153661877,0.6099585219607866,0.3611112691360349,0.7118638184430989,0.6785715199999998,5.0
2021-04-12 01:28:47.860,0.4554037921203953,0.7629286171350801,0.5081130142401813,0.5778891088851719,0.8120595837560286,0.9645504435800998,0.780873255971462,0.18461336854555807,0.03759926512907146,0.7379386101700873,0.6693333259412657,0.7420470461812535,0.13888873086398126,0.8135591455329356,0.5,5.0
2021-04-12 01:28:47.880,0.4314459973123944,0.692861870108351,0.5180896646737667,0.5969464792106924,0.7746184065007387,0.9815897413563015,0.7293699888407956,0.22978815405977063,0.014982985801884934,0.7620614302169906,0.6319999942376795,0.8229599055055141,0.2777781728400751,0.7499995661017902,0.5624999771428572,5.0
2021-04-12 01:28:47.900,0.42833070780654303,0.6869924480628273,0.5179781151802161,0.616003849536213,0.7371772292454487,0.9986290391325033,0.6645659844287203,0.28798097015538376,0.0,0.7861842502638937,0.5946666625340934,0.9038727648297746,0.416667614816169,0.6864399866706447,0.6249999542857144,5.0
2021-04-12 01:28:47.920,0.42521541830069165,0.6811230260173036,0.5178665656866653,0.6433988554268956,0.6585520314492056,0.9993145195662516,0.6200146424217425,0.3292334604147793,0.0014609395236766954,0.7521930228038545,0.5066666663756404,0.9861687528330912,0.44444507654410725,0.6779659546107797,0.5,5.0
2021-04-12 01:28:47.940,0.42210012879484027,0.6752536039717797,0.5177550161931147,0.6707938613175782,0.5799268336529618,1.0,0.5754633004147591,0.3704859506741753,0.002921879047353391,0.8662280546268073,0.5226666656771773,1.0,0.6111126913602681,0.4915251001437054,0.6428571428571429,5.0
2021-04-12 01:28:47.960,0.4858989844335341,0.5735624048540409,0.5225004836497864,0.6922119905721736,0.5141030071381334,0.9882105926921042,0.4814808842216656,0.4605089797103589,0.012072489958221504,1.0,0.5039999998253842,0.9930843707560238,0.5555549234558927,0.4745753004311162,0.6785715199999998,5.0
2021-04-12 01:28:47.980,0.5193852826688616,0.40994104231039413,0.5278875177885581,0.713630119826769,0.44827918062330496,0.9764211853842084,0.3941972147146641,0.5472204121506286,0.029996400779893562,0.9912280523830809,0.4293333429663033,0.9709543684963435,0.5,0.45762723631137625,0.7499999085714288,5.0
2021-04-12 01:28:48.000,0.5208154962711512,0.43536896149393994,0.5273512788784758,0.7467993445910821,0.3696995212235127,0.9405521141943797,0.28216656238510385,0.6642815847717694,0.08696956336848964,0.857456160859325,0.3386666741460421,0.929460581711443,0.3611112691360349,0.35593190922154944,0.42857142857142855,5.0
2021-04-12 01:28:48.020,0.5222457098734408,0.46079688067748575,0.5268150399683935,0.7793411356251452,0.293934904946637,0.8899549849856925,0.18214011572028377,0.7741202395859695,0.16049455530210346,0.6710526015838663,0.2506666775510496,0.8769018220993109,0.5277760395036969,0.2711863818443119,0.2857142857142857,5.0
2021-04-12 01:28:48.040,0.5302254898103429,0.4795956257167841,0.5161899363840525,0.8054512823299684,0.22288309582961974,0.8363192585569662,0.142115346161037,0.8199955252373019,0.17881129967432607,0.5482455952192757,0.19333334672054228,0.8464730534258158,0.8055563456801341,0.2457625500718527,0.21428571428571427,5.0
2021-04-12 01:28:48.060,0.5134120849549264,0.49045819316723954,0.5128531502440105,0.8212117203903062,0.16115097562540429,0.7838277986790699,0.10209057660179598,0.8658708108886348,0.19712804404654868,0.4254385888546851,0.136000015890035,0.8160442847523205,0.7638894419760898,0.21610170226946102,0.2857142857142857,5.0
2021-04-12 01:28:48.080,0.49659868009950997,0.5013207606176949,0.5095163641039684,0.73046752571171,0.10322835866120422,0.8114591929756791,0.06777522270027016,0.9089492240325966,0.26277100213782945,0.11842104691598082,0.05600001938235041,0.7268326561839842,0.7222225382720536,0.1864408544670644,0.35714285714285715,5.0
2021-04-12 01:28:48.100,0.49486016137420813,0.4663348731372897,0.5027894219852631,0.7140354780749375,0.06358637065570825,0.6789342165850171,0.03345986879874434,0.9520276371765584,0.32841396022911024,0.050438602765789646,0.066666685583375,0.6376210389366915,0.7638880197518485,0.02542296397602959,0.42857142857142855,5.0
2021-04-12 01:28:48.120,0.4930248307638498,0.37910114765835146,0.5037511900914985,0.6878908109796719,0.02070857586069544,0.613483212150517,0.017765224570887087,0.9731923023193623,0.3688734206725137,0.11842105050594327,0.0853333405216825,0.5822960049848819,0.8888901530882145,0.05084766354490847,0.2500000914285712,5.0
2021-04-12 01:28:48.140,0.47651451272296313,0.309702972244191,0.5084913690103376,0.6627786795232904,0.0005450314790617234,0.5468410388927791,0.0020705803430298327,0.9943569674621662,0.4093328811159172,0.1995613999266822,0.14933334864131578,0.5242047080144384,1.0,0.0,0.2857142857142857,5.0
2021-04-12 01:28:48.160,0.4846990220143418,0.3081792226088397,0.49954209921950293,0.6515397290388594,0.0,0.5152564530640391,0.0,1.0,0.4598296353941609,0.2872806965977513,0.2346666782495127,0.4619640448186528,0.7777774617279464,0.10169359149697751,0.39285723428571406,5.0
2021-04-12 01:28:48.180,0.502639462391297,0.33031107868955417,0.5000938702608958,0.6450353697287614,0.009108632142500739,0.4942546577492825,0.00863064329899894,0.9907422088529145,0.479070443314606,0.37280701085204365,0.2906666758048919,0.4011065052074536,1.0,0.03389786383231926,0.5,5.0
2021-04-12 01:28:48.200,0.4998354229458071,0.3013127423714972,0.5013058969052618,0.6427696700431703,0.028443036270002598,0.4780696513634947,0.03650123525276092,0.9583457726810827,0.49776596073072604,0.34100876580878114,0.33600000759578597,0.3208852048452255,0.8333323851838391,0.0847455273772376,0.35714285714285715,5.0
2021-04-12 01:28:48.220,0.4986733340990192,0.3825072900031684,0.5009513610695935,0.6420040693046395,0.05355251899193278,0.4686631400624696,0.07480535899734947,0.9130906397549663,0.5013369976092057,0.24342104826221675,0.34933334143841527,0.24757953825539097,0.7777774617279464,0.06779746325749768,0.39285723428571406,5.0
2021-04-12 01:28:48.240,0.5047019777924717,0.45378192325660505,0.4984422737358854,0.6384771791167355,0.08558963449223421,0.4685350894139719,0.10813460707351681,0.873861076651431,0.49496692447269236,0.21929824167767276,0.35200000646078344,0.20193638524514815,0.7777774617279464,0.10169359149697751,0.39285723428571406,5.0
2021-04-12 01:28:48.260,0.494680985543316,0.4622156103676875,0.5045748914855335,0.6321501213169558,0.12429068091456019,0.47460037216581086,0.13950696321333322,0.8380538126426675,0.49128847403343257,0.20120613673926474,0.3573333411983186,0.17565699411803865,0.6666676148161609,0.2542365821317227,0.5357143771428569,5.0
2021-04-12 01:28:48.280,0.496876971746562,0.5110980092537382,0.5034479512617404,0.62054639967708,0.1950604457696854,0.48101407179845146,0.17087931935314962,0.8022465486339045,0.48761002359417294,0.18311403180085675,0.3626666759358538,0.14937760299092914,0.7500014222242495,0.2542365821317227,0.5357143771428569,5.0
2021-04-12 01:28:48.300,0.48246649622752924,0.5531222747779377,0.5022758610936572,0.6076045856749946,0.273378864848074,0.49561333468828883,0.24184507414741493,0.7231479970163065,0.47257679118230367,0.12061403292271998,0.3680000079450175,0.10373447262277331,0.7500014222242495,0.3220340453892203,0.7499999085714288,5.0
2021-04-12 01:28:48.320,0.4798100697751263,0.6148903414189392,0.5038673091369256,0.5973510898018902,0.3292047304666878,0.5100004206314932,0.2937127892200814,0.6668905182179616,0.4582088198219381,0.10745613842205964,0.3733333432282269,0.07192255545839583,0.6111098469117774,0.22881361815568813,0.5535714742857142,5.0
2021-04-12 01:28:48.340,0.4742062388494031,0.6320693919834006,0.5058879403388852,0.5867263288385047,0.3892441086734327,0.5254536026714935,0.35078275677453835,0.6064940540484839,0.44280982759319887,0.11842105050594327,0.37866667196334497,0.047026312822168556,0.5624996444439336,0.3305080774490952,0.5625000228571428,5.0
2021-04-12 01:28:48.360,0.4611673749048467,0.6748017656927958,0.5046186237671961,0.5777030063842219,0.45115758841992326,0.543126081125298,0.41095536964052165,0.5443341270212383,0.4253705687486346,0.1359649098401571,0.38933334252976387,0.024896276599357798,0.5138894419760898,0.43220253674249737,0.5714285714285714,5.0
2021-04-12 01:28:48.380,0.4550240762709646,0.7243932529947682,0.5048576501713722,0.570553696809119,0.5145273440006197,0.5623024102184397,0.4739726115759015,0.48084324244240995,0.4065745332266933,0.1688596389118831,0.4133333436647663,0.009681880941566664,0.5,0.35593190922154944,0.42857142857142855,5.0
2021-04-12 01:28:48.400,0.4579433173631873,0.7754674086989265,0.504113903563279,0.5660053790287604,0.5785102599952607,0.5850775581188042,0.5389669029665429,0.4168766895194213,0.38452826020298947,0.17763157216895248,0.4266666698679558,0.0,0.5555549234558927,0.4745753004311162,0.2857142857142857,5.0
2021-04-12 01:28:48.420,0.4604727681898957,0.7985465914335642,0.5025294888862841,0.5623170803815836,0.64323989452561,0.6118341878108435,0.6061156299789101,0.35230818720198426,0.3589234347034685,0.17324561092536148,0.4426666735348869,0.009681880941566664,0.3888873086397318,0.6440663551856013,0.2857142857142857,5.0
2021-04-12 01:28:48.440,0.4606239017424555,0.7651426888593852,0.5012593343290845,0.5394639837829353,0.5519914294117534,0.6275166698493206,0.5096465822523548,0.44337403134705916,0.3464792434310966,0.17763157216895248,0.43733334261707174,0.030428757352451694,0.44444507654410725,0.5593208278083637,0.2500000914285712,5.0
2021-04-12 01:28:48.460,0.44665177393721095,0.8608116237384665,0.5008028944196847,0.46578884048059166,0.7616160628018555,0.6756436127108177,0.73242748130995,0.2346105541988256,0.2988817324435521,0.18421051941928265,0.4426666735348869,0.05670818244269171,0.24999857777575057,0.6440663551856013,0.2857142857142857,5.0
2021-04-12 01:28:48.480,0.44809100023794135,0.9122386625040769,0.5067426726009279,0.4643069416403751,0.8127402378700324,0.7042800557020327,0.7886008424230322,0.18393889747018924,0.27210720966269536,0.21271929442734255,0.44533334226784016,0.08298757356980128,0.44444507654410725,0.6610161548981904,0.14285714285714285,5.0
2021-04-12 01:28:48.500,0.44938370670361344,0.9157769817108851,0.5058458747789478,0.4644422889137935,0.8594857392958167,0.7325610092475652,0.840768501377165,0.13769203541818897,0.24581122108687775,0.2302631537615564,0.45600000192077345,0.12033196016622916,0.08333096295958967,0.6610161548981904,0.03571419428571452,5.0
2021-04-12 01:28:48.520,0.46039398469301274,0.9477903040853142,0.5077450028398529,0.4657933691456752,0.8995499996506205,0.7604864733474154,0.8860310006514903,0.09812086214474243,0.22002812993073634,0.24780701183928336,0.464000001571542,0.15352699185835836,0.19444365431985783,0.8474570093652548,0.0,5.0
2021-04-12 01:28:48.540,0.46216521892176105,0.939009437353889,0.5083056301642296,0.4679260286136438,0.9346256021232089,0.7885515275437305,0.9260718962258692,0.06352607606474397,0.1942644704777421,0.2719298196803142,0.4666666746698894,0.19502075600117197,0.13888873086398126,0.7966093458203464,0.42857142857142855,5.0
2021-04-12 01:28:48.560,0.45266639610963033,0.9376244937379586,0.5081726400280022,0.47156374292631015,0.9626767779111062,0.8157976531740722,0.9583110256790658,0.0358935657811992,0.16941461952792636,0.28947367901452803,0.45600000192077345,0.23098202806984813,0.08333096295958967,0.8135591455329356,0.17857133714285736,5.0
2021-04-12 01:28:48.580,0.439539401148735,0.971722776124297,0.5109837045376886,0.4769243152402052,0.9832482224541534,0.8376835190998332,0.9821194744209191,0.015650878683768306,0.14950989853965357,0.29385964295059086,0.4293333429663033,0.3042876980559957,0.13888873086398126,0.8305072096526755,0.2500000914285712,5.0
2021-04-12 01:28:48.600,0.4298672297966468,1.0,0.507088978201299,0.4822754884378906,0.9950111833090777,0.859076166684718,0.9983648220655468,0.001631446178560072,0.12255029760005919,0.3991227998533644,0.44533334226784016,0.381742745588529,0.08333096295958967,0.8305072096526755,0.35714285714285715,5.0
2021-04-12 01:28:48.620,0.4397027944151234,0.9619718975462228,0.5089728843654707,0.48878505998516003,1.0,0.8760949912467744,0.9991824110327705,0.000815723089280036,0.11609923656737117,0.44517544855548796,0.43733334261707174,0.4260027727499766,0.08333096295958967,0.9322025367425023,0.35714285714285715,5.0
2021-04-12 01:28:48.640,0.4524077091978671,0.8925918533147771,0.5176733625261605,0.49887979624083134,0.999164983823745,0.8819838321166666,1.0,0.0,0.10964817553468316,0.4276315869775476,0.41866667403690727,0.4519363824148873,0.0,0.8474570093652548,0.17857133714285736,5.0
2021-04-12 01:28:48.660,0.46328348470775915,0.913663576493588,0.5144527904426666,0.5170013350162876,0.98508198658257,0.8817269863391533,0.9832160434499381,0.01384896766942678,0.11006017119164568,0.41008772539960725,0.4000000054567428,0.47786999207979797,0.08333096295958967,0.9491523364550916,0.39285723428571406,5.0
2021-04-12 01:28:48.680,0.4614094308708464,0.927380707219189,0.5110903506431607,0.5329109199615701,0.9595550751768651,0.8812616860175753,0.9529410626398952,0.03896854338065193,0.11080538841335652,0.36403508118493677,0.34933334143841527,0.5214384563168479,0.0,0.9322025367425023,0.14285714285714285,5.0
2021-04-12 01:28:48.700,0.4630627935658511,0.9069829955220479,0.5134613707056972,0.5384102787709516,0.9416432000335404,0.8745311168659463,0.9264911726193195,0.06123687962732824,0.11715457817199455,0.33114034493328587,0.30133334200591655,0.5504841048020697,0.027778883952195802,0.8644068090778441,0.35714285714285715,5.0
2021-04-12 01:28:48.720,0.45421451179502625,0.8747292234761844,0.513663003337449,0.5439096375803325,0.9237313248902156,0.8678005477143175,0.8959259235368884,0.08730084122233478,0.1295297941565675,0.2982456086816349,0.26133334375207423,0.5781466387595396,0.22222253827205363,0.9491523364550916,0.39285723428571406,5.0
2021-04-12 01:28:48.740,0.46195096223937115,0.851860322346663,0.5118980748530562,0.5503994282603057,0.8808631380219167,0.8439185434089839,0.8620225893219986,0.11656771410592433,0.14536999181162133,0.2719298196803142,0.23200001169925652,0.5988935151704248,0.26388801975184845,0.8559319092215544,0.1250000457142856,5.0
