2021-05-01 19:26:45.940,0.09186404518993457,0.14622218710913587,0.7907169704319481,0.8999546589159353,0.001885670569867074,0.28320613176805026,0.8707124233788699,0.9981060764482088,0.5734322396096018,0.9197504308036973,0.7774158484070666,0.35312025672905517,0.8958335999999993,0.017241496387073132,0.046087847374062116,2.0
2021-05-01 19:26:45.960,0.10042869597284047,0.11635090675328617,0.2934471883111102,0.9011489063014783,0.0,0.2929792577314794,0.8561290504528853,1.0,0.595542538810086,0.9124354589103977,0.6482084731660679,0.5251141873355767,0.8958335999999993,0.01458901071560209,0.031082570632368755,2.0
2021-05-01 19:26:45.980,0.5861187269595224,0.21370534274346234,0.4288303024383391,0.9043235113903539,0.00414460028505457,0.3110150571346159,0.8324076677672453,0.9958373895606529,0.6368905213925569,0.9008175648600941,0.5038002302496575,0.5190259070471447,0.8541669333333327,0.01458901071560209,0.03590566002143612,2.0
2021-05-01 19:26:46.000,0.7284530443038653,0.20181826502841382,0.9194922241468039,0.9067347096578992,0.009631509721265096,0.32237504668172723,0.816063666202119,0.9902726691945807,0.6632728997089717,0.9051204905390922,0.8045602594139032,0.45509895156029095,0.843750399999999,0.02917788562219979,0.031082570632368755,2.0
2021-05-01 19:26:46.020,0.1979277384079191,0.10218337556160745,0.8618795074555641,0.9088515056989703,0.014692257262362748,0.3353297839779384,0.7905448925812356,0.9850854800600666,0.6924070678511973,0.9313683336589856,0.9044516800102096,0.42617962019023903,0.8541674666666677,0.026525399950728747,0.031082570632368755,2.0
2021-05-01 19:26:46.040,0.0,0.04335745912007244,0.3427978817222916,0.9102678168387921,0.01920727684480737,0.34848344677603676,0.7583962286261323,0.9804138450489013,0.7208513651491141,0.9343803816342843,0.7003257337674791,0.3942161511676347,0.812500266666666,0.03183037129367083,0.031082570632368755,2.0
2021-05-01 19:26:46.060,0.3969824208112625,0.128497041523391,0.1624690181493807,0.9122510002089171,0.028194033340969166,0.35879899812632976,0.7359729456095873,0.9709979025202703,0.7449503949487507,0.9188898474288946,0.34201956713277676,0.3485540465127312,0.8229162666666646,0.030504060553432726,0.030010718113612004,2.0
2021-05-01 19:26:46.080,0.8196773788507081,0.2647448986347648,0.5483098517452344,0.9141627496006837,0.03720009926384447,0.36726664653126756,0.716308768491892,0.9614055340698829,0.7651396321895044,0.92211704344914,0.44299675066080796,0.2054794597345795,0.843750399999999,0.02917788562219979,0.028938865594855253,2.0
2021-05-01 19:26:46.100,0.5258937120761711,0.14399509979727243,0.8049074084478554,0.9160431712524318,0.04584431930557487,0.37701259518060964,0.6882735478297418,0.9520556186589733,0.7870126296438147,0.9645008613872699,0.9956568860626792,0.12176561822695761,0.9166666666666666,0.02917788562219979,0.031082570632368755,2.0
2021-05-01 19:26:46.120,0.20288820592933698,0.05969102430587895,0.5371116837271479,0.917283155175159,0.053258692791831055,0.3887781647824683,0.6470039116523625,0.9439269915418714,0.810865759484898,0.9739672978810654,1.0,0.13242010873171356,0.906250666666668,0.026525399950728747,0.04072880428724536,2.0
2021-05-01 19:26:46.140,0.20000123582318696,0.10205442627729595,0.0723769849031106,0.9183044619368099,0.06133840647666957,0.40064939469430544,0.6014410820071803,0.9349572167444576,0.8338739359941623,0.9675129111235654,0.7611292089127271,0.16438356778766364,0.9166666666666666,0.03183037129367083,0.037513356484458686,2.0
2021-05-01 19:26:46.160,0.6047309846619291,0.26884890720028876,0.0415754884940664,0.9197334780598263,0.07139657064119809,0.40797939586054144,0.5748118820395156,0.923632925903137,0.8500693914285445,0.962134252263821,0.748099892873654,0.13850838902014556,0.9166666666666666,0.030504060553432726,0.02679527031082533,2.0
2021-05-01 19:26:46.180,0.40106790967241573,0.18078299889327726,0.3151688621852006,0.9208130370291925,0.08188833879555124,0.417372778501458,0.5358320354793003,0.9116393651749302,0.8686063296793246,0.9599827894243221,0.7719869670944196,0.10654491127671868,0.9374997333333309,0.030504060553432726,0.023579822508038497,2.0
2021-05-01 19:26:46.200,0.12821092808340862,0.35440596697168153,0.4349504359146973,0.03882216560168705,0.15371869813213043,0.3156801023008539,1.0,0.8251088215911675,0.6858404355336767,0.9629948373996207,0.7090119456451549,0.10350077736166166,0.906250666666668,0.030504060553432726,0.03322616591639868,2.0
2021-05-01 19:26:46.220,0.3557304051717616,0.3628041382824408,0.360515862055309,0.0,0.1460465295615279,0.3755135411120097,0.7793535298979415,0.8346811929089485,0.8263338098230656,0.9655765928070195,0.6753528797293029,0.10654490504755974,0.906250666666668,0.02917788562219979,0.03429796355841372,2.0
2021-05-01 19:26:46.240,0.45427107227070235,0.33878409140011884,0.2948647538397575,0.9922523441885964,0.13510673499181738,0.4088791831698609,0.6107448185247398,0.8482069302794363,0.8818773282891884,0.9604130819790144,0.6636807844627517,0.12024353569653169,0.9166666666666666,0.02122015698977711,0.03322616591639868,2.0
2021-05-01 19:26:46.260,0.5583808220838434,0.368910330800604,0.227998254449415,0.9834540451642801,0.13267973476436018,0.4290419104349824,0.4640536495707122,0.8484628600450195,0.9169388559851607,0.9552495711510093,0.6520086891962005,0.13394216634550368,0.9895829333333314,0.030504060553432726,0.023579822508038497,2.0
2021-05-01 19:26:46.280,0.6692949589108595,0.42467135228594755,0.18068358523366224,0.9784560225701082,0.1371089201355108,0.4424387898748702,0.35479313576180205,0.8312192259066071,0.9420432761480974,0.9401893307726324,0.618892514077774,0.15525115981333354,0.9166666666666666,0.025199089210490647,0.02572347266881029,2.0
2021-05-01 19:26:46.300,0.7420475039342352,0.47823619206245577,0.16198638413377217,0.9741028970699197,0.1488275949485647,0.4553246675876394,0.3198243188877364,0.8189836876804909,0.9502687157700549,0.9427710863561309,0.5798045597395125,0.15372908974122554,0.8854165333333306,0.02917788562219979,0.02572347266881029,2.0
2021-05-01 19:26:46.320,0.7628424582899772,0.4987648098550773,0.15541708650927918,0.970159360034571,0.1682838317952684,0.46746419916503784,0.2848555020136707,0.8067481494543746,0.9584941553920125,0.9578313265848231,0.5624321484262452,0.1659056378597716,0.8750005333333319,0.022546603539020375,0.022508079742765325,2.0
2021-05-01 19:26:46.340,0.784582556751813,0.5099557454934363,0.16110444944243674,0.9680457051813981,0.18877901430879315,0.4751779150046961,0.23910319833084212,0.7805089545818539,0.9700672338777222,0.9567555951650736,0.5602605870139833,0.23287671355753273,0.8333333333333334,0.034482992774146265,0.022508079742765325,2.0
2021-05-01 19:26:46.360,0.8007676817448979,0.5502657200362443,0.15456388510027566,0.9670008254873519,0.19758596603847156,0.47796431164757586,0.22464399904043109,0.7720257482266546,0.9731523549915457,0.9169535326343425,0.5374592943880689,0.31354643485424727,0.843750399999999,0.03183037129367083,0.01929263193997865,2.0
2021-05-01 19:26:46.380,0.8169528067379827,0.5905756945790522,0.14802332075811456,0.9659559457933058,0.20639291776814994,0.48075070829045574,0.21018479975002008,0.7635425418714553,0.9762374761053693,0.8716652403031383,0.5255157555002455,0.351598187902779,0.843750399999999,0.03713534263661214,0.024115748767416952,2.0
2021-05-01 19:26:46.400,0.8331379317310675,0.6308856691218603,0.14148275641595343,0.9649110660992596,0.21519986949782835,0.4835371049333355,0.19572560045960904,0.755059335516256,0.9793225972191928,0.8263769479719342,0.5135722166124221,0.3896499409513107,0.843750399999999,0.04244031397955422,0.028938865594855253,2.0
2021-05-01 19:26:46.420,0.8736106911380782,0.6930649418369975,0.15161004255933075,0.9638661864052136,0.2240068212275067,0.4863235015762154,0.14437004245754315,0.7110743173354891,0.9896508884531015,0.7155765967692626,0.4701411483368399,0.46879758220926293,0.781250133333333,0.07559699601346315,0.011789883815648394,2.0
2021-05-01 19:26:46.440,0.8944043114385338,0.7431375729815326,0.1775237350718007,0.9589499609048315,0.27361876126679846,0.49569552151890756,0.09746560453642855,0.6520363421547433,0.9980156196400477,0.6174698877661153,0.39630838025924686,0.5418569581287647,0.734375466666667,0.11604791178716241,0.014469460235798481,2.0
2021-05-01 19:26:46.460,0.9020630562937266,0.8138099984589965,0.19576759995423546,0.9552429244672483,0.31445459046603025,0.5003491738169512,0.07746882809390736,0.6132621190732187,1.0,0.48171260548669076,0.33550489178319415,0.5951294106525445,0.7083338666666653,0.1724138773986931,0.002143650160771791,2.0
2021-05-01 19:26:46.480,0.929761727744191,0.868197227183293,0.1674568903195734,0.9524405641674433,0.34945459489126757,0.5028327642809026,0.060739050140946146,0.5658543211572175,0.999350532100596,0.3483219094377542,0.2768729736066065,0.6423135828878924,0.6666666666666666,0.22944306628484423,0.0,2.0
2021-05-01 19:26:46.500,0.9401398698345463,0.8753139830081222,0.15629167403674954,0.9493923498219802,0.39108190009838273,0.504968025087382,0.04675244092504021,0.5097488764964653,0.9943264384882731,0.2721601108315147,0.25624324239295404,0.6514460157788583,0.6770837333333323,0.2891248766514716,0.0,2.0
2021-05-01 19:26:46.520,0.9662183057893958,0.813876032185698,0.1674808707552154,0.9463057681100491,0.4370164596123793,0.5069107822703599,0.03494152578654831,0.4487587255476221,0.9835078472388986,0.23085198204920684,0.2823018726936597,0.6651446339695124,0.6770837333333323,0.35543783329227396,0.006430840728831639,2.0
2021-05-01 19:26:46.540,0.9896671476606699,0.7904276712907995,0.20206669580517808,0.9431121616390227,0.4849735834497973,0.5089101507510262,0.024156460997087667,0.3868071758686114,0.9664095978601123,0.17469882483124433,0.2823018726936597,0.6438356778766362,0.6458335999999993,0.41909830426160527,0.0182207794212219,2.0
2021-05-01 19:26:46.560,1.0,0.8627677726354093,0.22236028483893489,0.9398636124261018,0.535060481642057,0.5108798745451216,0.015538172034580614,0.3247661756013082,0.9424796111709526,0.0772375036110344,0.2812160786567241,0.6377473851298864,0.6770837333333323,0.4960213393972962,0.016077184137191818,2.0
2021-05-01 19:26:46.580,0.6771232135522272,0.7825461589445768,0.21467181918291842,0.1402185330029888,0.5171493914317479,0.43387655675243075,0.4754053811912125,0.3465898511771934,0.9156661946871281,0.0,0.21932681391814207,0.7595129784402082,0.687500800000001,0.564986917518574,0.04930329517684879,2.0
2021-05-01 19:26:46.600,0.80725742711911,0.851692531897327,0.24087985646549245,0.08541100242008898,0.6234335939464601,0.4663961021550884,0.25809396886136554,0.22432582167059506,0.8800225530664938,0.05185024034394953,0.15635176402982753,0.9299848140579859,0.656249599999998,0.6379311562425566,0.06538053419078248,2.0
2021-05-01 19:26:46.620,0.8793360856805722,0.7021834535158347,0.2833704843132552,0.04947281191091333,0.6934728558061057,0.4886506418986659,0.1344581040861112,0.1551393398980668,0.8316363344774367,0.14006024317836221,0.1270358493775492,1.0,0.6354176000000007,0.6976128308001788,0.09860664523043944,2.0
2021-05-01 19:26:46.640,0.8947110094813782,0.6784985665029624,0.3117217113957027,0.023091937998223584,0.7494465278760898,0.5052855338275546,0.06335025580962018,0.10776832756103086,0.7811508934090703,0.10757314197494885,0.05428881312647009,0.9147641382535416,0.656249599999998,0.7493370483433885,0.13612005659163984,2.0
2021-05-01 19:26:46.660,0.9308976552235514,0.9168523159221087,0.31470430877371597,1.0,0.808345358755334,0.5280430941336643,0.0,0.05235459652017211,0.6912858651524443,0.06303788056828681,0.0,0.7199391441070824,0.6458335999999993,0.7970823336658845,0.1714898177920686,2.0
2021-05-01 19:26:46.680,0.9157875223844417,1.0,0.30417282957510844,0.9825444749435717,0.8857696759421821,0.5417138509366188,0.008710208831450442,0.031460702256864204,0.6324800173506103,0.07465582920949666,0.032573287875882095,0.5372907479124407,0.656249599999998,0.8461539297286186,0.21436227224008575,2.0
2021-05-01 19:26:46.700,0.931529644110649,0.9087827509122187,0.34531529705447883,0.9440786097977408,0.9633468369769904,0.5779666177992997,0.017420417662900884,0.010566807993556186,0.5736741695487766,0.11660927533486254,0.11834963927731394,0.37899544795489115,0.6354176000000007,0.8899205544484109,0.2604501196141479,2.0
2021-05-01 19:26:46.720,0.92616946700768,0.7970583171135308,0.3748121856680957,0.7602991067162777,1.0,0.7618114525949762,0.04215696220542306,0.0,0.4848089991161593,0.1624354179672179,0.17155265836684844,0.2724505404156678,0.5833333333333334,0.9177719935213674,0.3086816720257235,2.0
2021-05-01 19:26:46.740,0.8775529512606387,0.770415770928385,0.37857977790191566,0.5538286719273524,0.968810034837392,0.969156285790377,0.06268320879493748,0.0033278764735173365,0.4290664680363356,0.19707405245000953,0.17046689099152215,0.2846270997467,0.5833333333333334,0.9429708111138485,0.3365487729046088,2.0
2021-05-01 19:26:46.760,0.8201760731163699,0.8042095889048094,0.3686045050372863,0.5242011952163859,0.9238554421972236,1.0,0.08352745373366689,0.013339123885138507,0.37607365293230505,0.19320137355298989,0.11943538887823409,0.3592085370174872,0.5729173333333347,0.9681699003243395,0.3804930359699892,2.0
2021-05-01 19:26:46.780,0.7866660572051462,0.8402699455282927,0.36470247836731723,0.5151209008164032,0.8776238338201031,0.0,0.10361177175816803,0.029954485306850683,0.32425298473871056,0.1439328868554423,0.07709011463958743,0.3546423268011632,0.5104170666666656,0.9787798430102229,0.44265808943193996,2.0
2021-05-01 19:26:46.800,0.7858157332174618,0.8233570310214409,0.3693705107158975,0.5115133777723543,0.8288691475419135,0.005819444764967525,0.12469474744635016,0.05421734771250723,0.27194255145960616,0.0860585664098683,0.06623236978869958,0.2587519097666958,0.47916693333333266,0.9940318732869392,0.516077171789925,2.0
2021-05-01 19:26:46.820,0.7934762676396926,0.7439349148030129,0.36739852407657747,0.5102505829357604,0.7772523332256013,0.010026738080514717,0.1481959574993505,0.08711952010588529,0.2196928274860856,0.05077447370426039,0.09337677635193463,0.14459665685025969,0.4583333333333333,0.9970159366434694,0.5581457670310825,2.0
2021-05-01 19:26:46.840,0.7978267643917617,0.7393652578486383,0.36902716422629506,0.5111526249280577,0.7441189207292622,0.012155420630788259,0.16559949304045685,0.11676059760845509,0.19195982412499485,0.05646392426822312,0.1218482398291935,0.12447150811905396,0.437499733333331,1.0,0.6002143622722401,2.0
2021-05-01 19:26:46.860,0.802177261143831,0.7347956008942634,0.37065580437601275,0.5120546669203551,0.7109855082329233,0.014284103181061799,0.18300302858156323,0.14640167511102492,0.1642268207639041,0.06215337483218602,0.15031970330645228,0.10434635938784823,0.41406239999999644,0.99038465456029,0.6385316191211147,2.0
2021-05-01 19:26:46.880,0.8065277578959001,0.7302259439398886,0.37228444452573045,0.5129567089126523,0.6778520957365841,0.01641278573133526,0.2004065641226696,0.17604275261359476,0.1364938174028133,0.06784282539614876,0.17879116678371115,0.08422121065664248,0.39062506666666497,0.9807693091205797,0.6768488759699893,2.0
2021-05-01 19:26:46.900,0.7937172412782374,0.6730499990943234,0.38900817089094547,0.5138587509049496,0.6447186832402451,0.0185414682816088,0.21781009966377599,0.20568383011616456,0.10876081404172255,0.1878227076492576,0.30076005138225337,0.09893456714533766,0.36458346666666636,0.9575596860204458,0.7470525160128617,2.0
2021-05-01 19:26:46.920,0.7656507777566086,0.5762256951576339,0.3955343898738323,0.5224625673472789,0.521653667307659,0.02653318907268849,0.29083020899988654,0.3410613085504154,0.03172837389632026,0.31088644194249626,0.3843648502586265,0.14003044663393568,0.2916671999999986,0.9250663630701637,0.814040727459807,2.0
2021-05-01 19:26:46.940,0.7444731547119918,0.5289986748106169,0.37987493653739884,0.5269015987272131,0.4821283944504139,0.030071033712419,0.32045377139880066,0.39042041995978183,0.01656505007862159,0.4406196353153117,0.4657980610611285,0.15525115981333354,0.2708330666666643,0.8872679329679346,0.8542336521329046,2.0
2021-05-01 19:26:46.960,0.7266136207520063,0.5073835916290715,0.3587144219483281,0.5313188016558885,0.44877088649470304,0.0339162997402893,0.35047564094800066,0.4333837350493083,0.007652592572120018,0.4982788675898359,0.5363735181255395,0.14764080945279356,0.23958400000000135,0.8660477759781575,0.8713826339121115,2.0
2021-05-01 19:26:46.980,0.6930064464815282,0.5809534458112503,0.3231919995043219,0.5357060202632983,0.4173592977525528,0.03785831226163262,0.3802447565524291,0.47470029846208145,0.0024019928343509724,0.4899957365382634,0.6156351835127452,0.23896500007512367,0.18750080000000102,0.8474802404688566,0.8960342979635584,2.0
2021-05-01 19:26:47.000,0.6810676355731704,0.5281737242003042,0.28335612885872463,0.540579578896277,0.38569899836100763,0.041844177952681326,0.4094115467296987,0.5169708470339095,0.0,0.5380809389255519,0.6753528797293029,0.31050229471003127,0.16666666666666666,0.8249337727388414,0.917470525187567,2.0
2021-05-01 19:26:47.020,0.6928127929881294,0.3819392917812977,0.2886721899003764,0.5460655065007024,0.35546471052194833,0.04609874958947312,0.43886998630292806,0.5577248447716484,0.000850905738681387,0.5616932405073084,0.7190553754070117,0.34170473118824524,0.156249599999998,0.8050399264893024,0.9346195069667739,2.0
2021-05-01 19:26:47.040,0.6903845564880123,0.3340308323910165,0.2762344384515511,0.5517084598444423,0.32788723402544173,0.0505608517195187,0.4821835230336146,0.6124607223393504,0.007619028339592645,0.5853055420890648,0.7627578710847204,0.37290716766645915,0.19791679999999967,0.786472255170996,0.9517684887459807,2.0
2021-05-01 19:26:47.060,0.6482116885899852,0.3394113089475114,0.26211046501143054,0.5573364140159692,0.30219552260647864,0.05516846663995044,0.5249783872605097,0.662637258672104,0.018911032599942652,0.6480206671309888,0.845819761833622,0.4048706391807271,0.13541760000000067,0.7652520981812189,0.9732047159699893,2.0
