2021-04-18 19:06:46.460,0.9836212498890639,0.6949513313704115,0.28744367066026016,0.79638054519484,0.022021796301207076,0.481273415370533,0.7015838836025505,0.9653210906611046,0.9943833461253894,0.4378927934574621,0.3094547975380555,0.30304460580451953,0.3346774709677418,0.07739270836939549,0.025016077194241242,6.0
2021-04-18 19:06:46.480,0.42946758528904266,0.7122068107625783,0.46820471765480726,0.7962690151265401,0.036238512652693386,0.4975661949737823,0.5037688756673104,0.9430306078500988,0.995493004942947,0.3565768872176944,0.32205374865152997,0.3459995342772018,0.3669355354838708,0.1221994852053904,0.021167439828491723,6.0
2021-04-18 19:06:46.500,0.5049678803376033,0.7455083807033509,0.0,0.8006807600659689,0.07722866426325256,0.48371747494798806,0.6691426144431306,0.8792729408199016,0.9849638161948652,0.29854093302824836,0.2650797275701098,0.3875383567387952,0.3709675354838703,0.19551934317179706,0.045542055567397835,6.0
2021-04-18 19:06:46.520,0.9759184092338167,0.8013086145224824,0.3587567970905987,0.7985813331375448,0.12132859845136215,0.4808611167124329,0.6995912585731549,0.8117028522311186,0.9731245741576239,0.24498608628965027,0.27879363019031655,0.433797527419169,0.41935483870967744,0.3238288339205518,0.056446407684614945,6.0
2021-04-18 19:06:46.540,0.5660054870192004,0.7940718037547303,0.6270497555261124,0.7954011479353106,0.17508104623157356,0.48050668264728724,0.6983091174112339,0.7311216841687977,0.95691987349454,0.17809715642623536,0.2831419419791731,0.48855324143878903,0.45161290322580644,0.4327900954384657,0.09364977632752677,6.0
2021-04-18 19:06:46.560,0.2692869061516547,0.7360516230148526,0.121178998849612,0.7907124856067272,0.24371129054798893,0.48365994093409626,0.6554272033125964,0.6317167995609756,0.9329441959066913,0.09820207582444108,0.22416100544783302,0.5447250749922273,0.4838709677419355,0.5417513569563797,0.1308531449704386,6.0
2021-04-18 19:06:46.580,0.7374825859687382,0.7173610825836134,0.10959148294445288,0.7878400602627738,0.3290835477799532,0.4820946716381019,0.6608146099120562,0.5147140268689046,0.894323357773079,0.043444998200920966,0.16295016772822948,0.5725749621875511,0.5161290322580645,0.7026475091774167,0.2046183222762306,6.0
2021-04-18 19:06:46.600,0.7014861563127226,0.6623652086514114,0.6710106330090937,0.7818719991282016,0.41560791061355923,0.48056906308562664,0.6609148724157602,0.4051519328459547,0.8479621594532014,0.049456242085221626,0.15447653445186282,0.5805995043185609,0.528225858064516,0.749490711214906,0.24053878442925467,6.0
2021-04-18 19:06:46.620,0.26284898965727144,0.5595955091136516,0.5527319772115817,0.7740399197517687,0.503589596971681,0.48193420258138814,0.6316168663789138,0.3045994899676937,0.794885799796342,0.06399258293286778,0.11378080901913662,0.592872347096471,0.5403226838709675,0.7963339132523953,0.2764592465822787,6.0
2021-04-18 19:06:46.640,0.4687834784635,0.48968637573275425,0.0863270407172472,0.7671153084875613,0.6025447856541603,0.48402329837741814,0.5960589090618174,0.20634546794447584,0.7278340471421363,0.09055139365717739,0.06516891237440117,0.5886240657677554,0.6048388129032255,0.9266801420335934,0.427838369925874,6.0
2021-04-18 19:06:46.660,0.877300822716257,0.516177459028621,0.34176848233389084,0.7578591568674862,0.6875836155450015,0.48443533217737844,0.5765633900711279,0.13575564474186536,0.6645191993905,0.09568825852927251,0.03762961107071384,0.5633703301041184,0.6612905290322587,0.9775967158589853,0.5073765164169165,6.0
2021-04-18 19:06:46.680,0.6922176643876026,0.4811881881845629,0.7029178696617217,0.7425418674956075,0.7637053723639669,0.4889041428185041,0.5400318632565388,0.08424433074613154,0.604810277606257,0.06388328108335752,0.019232924898639463,0.5173471890051401,0.7177418322580648,0.9979632619675561,0.5894804299095429,6.0
2021-04-18 19:06:46.700,0.570436170395837,0.4792357415255224,0.21442777911036157,0.7223916181326547,0.8562002051382201,0.500753575140635,0.4887439840586899,0.03731303649745976,0.5283649400680314,0.014590947042556092,0.009978817354154982,0.46896392595587055,0.7338710709677416,1.0,0.6844130864537051,6.0
2021-04-18 19:06:46.720,0.5906792119483703,0.4106034820390587,0.2807134007588408,0.673955962908679,0.949070219312648,0.5395310025196499,0.42896455117166127,0.008162617243675221,0.4457778056055778,0.0,0.0,0.37078121947123116,0.8064516129032258,0.9735232397940987,0.7716484945396207,6.0
2021-04-18 19:06:46.740,0.6671336053562459,0.38754937786485777,0.2831298093317679,0.43792801622076843,1.0,0.7608500519040156,0.3654855248430723,0.0,0.35917272582808996,0.13689272089670743,0.022466287005964883,0.2853434091318373,0.854838916129033,0.9450101586636858,0.8640153972188254,6.0
2021-04-18 19:06:46.760,0.7123556040334744,0.3488476103902062,0.25046593164630215,0.28675954768810835,0.9284450274047547,0.8992890039785415,0.29854239741832717,0.013052882051652758,0.278531172791918,0.28170939647639215,0.05803324280852716,0.22563134628931864,0.9032258064516129,0.9083501254034997,0.914047466219238,6.0
2021-04-18 19:06:46.780,0.8060859031281188,0.26732402299284697,0.2457950602936492,0.2581087843080917,0.8554650349958047,0.9185062813265618,0.2310308372423531,0.037616672930044406,0.21788482454104738,0.3625608123490944,0.10201807199201166,0.20344583677470698,0.9354838709677419,0.8716903006972792,0.9512508053047409,6.0
2021-04-18 19:06:46.800,0.8478466174083276,0.3329240343061195,0.19242276605367498,0.2475895829921849,0.8034000537575463,0.9211843948291906,0.14630250933973551,0.07193702212708172,0.1663439207136799,0.4434122282217966,0.14600290117549616,0.18126032726009528,0.9637099354838715,0.8676170331863581,0.9769082756438614,6.0
2021-04-18 19:06:46.820,0.8598713209495678,0.3866968330942197,0.16182760614767153,0.24327582287172866,0.7560929881049021,0.9186061319990351,0.10396361484135756,0.08644830829448243,0.1517217804580973,0.5574621749445254,0.2368714535371819,0.18621666449208302,1.0,0.8533602840671854,0.9820397702371505,6.0
2021-04-18 19:06:46.840,0.8707999388289789,0.40886819847688166,0.1300024711802243,0.24669396625047638,0.7297626570145908,0.913381713522723,0.06162472034297967,0.10095959446188313,0.13709964020251475,0.5916716937794089,0.2950719231012088,0.1838565039054222,0.9959675870967735,0.8513237545887083,0.9871712648304397,6.0
2021-04-18 19:06:46.860,0.8944708337018097,0.41304874244179396,0.09889285467065219,0.2496659474426404,0.722027456853801,0.9123007453739875,0.03771164440748383,0.10868814498109772,0.13127297793647635,0.5894857820327709,0.3607425677603421,0.16686334768146432,0.9717739354838705,0.8391037435019796,0.980756895931997,6.0
2021-04-18 19:06:46.880,0.953685028637973,0.40885550208769544,0.06869819652462232,0.25263792863480444,0.7142922566930111,0.911219777225252,0.013798568471987892,0.1164166955003123,0.12544631567043796,0.5596480866911633,0.42161892641613,0.1465659666361813,0.9556451096774194,0.8452137490453445,1.0,6.0
2021-04-18 19:06:46.900,0.948012166753764,0.4325994558246884,0.05721330174824147,0.25554838531580504,0.6956514061632147,0.9161078343260719,0.012269692682381183,0.1297619793163874,0.10841528309196492,0.5446745903320966,0.466662965462914,0.14255369557067638,0.8830645677419353,0.8248472029367737,0.9897370108134217,6.0
2021-04-18 19:06:46.920,0.9061602669427354,0.47836497686728924,0.0767843517264567,0.2566069150434504,0.6796183882429787,0.9222999863396384,0.023641629321737603,0.14179484962438735,0.09180457412357593,0.545439658548823,0.5181737287243489,0.13688930823087195,0.8104840258064524,0.8126271918500451,0.9923027594237288,6.0
2021-04-18 19:06:46.940,0.9052488206158549,0.46522408644030117,0.07677487906818695,0.2577627011643682,0.663929612776294,0.9299776850670866,0.04698293993447468,0.1540423201178229,0.07413060653270018,0.562052589612465,0.5791615752300053,0.13264102110670095,0.6975805935483861,0.8136455608662664,0.9775497114827755,6.0
2021-04-18 19:06:46.960,0.8483466442595241,0.4263418653689515,0.08507023774857911,0.25977386139764364,0.6509388087312025,0.9386871176639479,0.08320984729026003,0.16453345751466653,0.05771048676147077,0.5922181717160683,0.6308953324431888,0.12886475837258823,0.528225858064516,0.7922606457414743,0.9538165460330724,6.0
2021-04-18 19:06:46.980,0.7565130487219759,0.3930414612471262,0.09711301510966704,0.26297104319954623,0.6427087528011703,0.947781680509947,0.12995002926191437,0.17134190673490368,0.044877916316100136,0.5834745247295167,0.695005012139276,0.11092754177760296,0.41129042580645137,0.7780038966223016,0.9307248269315843,6.0
2021-04-18 19:06:47.000,0.682540036990158,0.3971937172016413,0.014161982775224303,0.26582152905515233,0.6325387103291296,0.9592889063843816,0.19382886226058924,0.17992807697614935,0.029968316888416717,0.5507951450118767,0.7818597555035359,0.12744866781604713,0.2903225806451613,0.7678206235680156,0.896087235142726,6.0
2021-04-18 19:06:47.020,0.5194317563233939,0.42888745242518794,0.010174838491574984,0.26930713274734563,0.6166157233027132,0.9727987869892091,0.27306061789646957,0.19375008320863865,0.01145723883854427,0.5834745247295167,0.8621362457362504,0.17016757250278947,0.1774193548387097,0.7841139021656655,0.8460551595740002,6.0
2021-04-18 19:06:47.040,0.3540801926792784,0.38078107455050003,0.12049685985562744,0.2747990289391679,0.607464979426727,0.9863596647736501,0.36200907183042,0.20190092507819707,0.0,0.6806383045513629,0.9210056816413137,0.21123436671068765,0.08870978064516102,0.7780038966223016,0.7767799891329098,6.0
2021-04-18 19:06:47.060,0.3268852630912324,0.29675924062416836,0.19655808949274972,0.281556027137326,0.6165544762910238,1.0,0.4573687411414873,0.19380439411783057,0.004205492765617733,0.7641401261161561,0.9599175010900786,0.19565730606599888,0.04838709677419355,0.7963339132523953,0.6998075702335727,6.0
2021-04-18 19:06:47.080,0.3477391575670683,0.26826823976342845,0.22354205049297476,0.2870702270303457,0.641111399320982,0.0,0.5594488517787856,0.1726779310696514,0.02270357849693284,0.7858899596249632,0.9912476356914548,0.1465659666361813,0.0,0.7820773726871882,0.6164207863767804,6.0
2021-04-18 19:06:47.100,0.309284295907044,0.3277189769283395,0.2239843323746567,0.29014441473090663,0.669479928474254,0.018135618142370746,0.6649616456177067,0.14965671420056775,0.04818973683771731,0.7311328641095051,1.0,0.11942411795776345,0.02822565161290303,0.7881871696765865,0.5394483543408172,6.0
2021-04-18 19:06:47.120,0.22183702736270633,0.47859016755888034,0.2633841906553999,0.292139954279725,0.6931269014198834,0.03696378813819704,0.7603446816566142,0.13162381015251629,0.07408592852916981,0.6901470233330285,0.9521128222909409,0.10007079728350779,0.03629047741935503,0.7718940996329035,0.46889032667218716,6.0
2021-04-18 19:06:47.140,0.1800586969987346,0.5336031617837651,0.30579307450247717,0.29414023437675013,0.7111009230177014,0.05502051296675213,0.8408062479091807,0.1186332895209312,0.09831664882746767,0.7215148515297012,0.9172148392176191,0.0854378035780292,0.1008066064516131,0.747454077459446,0.40731239155271737,6.0
2021-04-18 19:06:47.160,0.07368891679190144,0.4299176873187354,0.5462321993627535,0.2923952790499132,0.7342977169085225,0.07346891193032475,0.9032628168331551,0.10279589196127906,0.1287051144674403,0.752882679726374,0.8823168561442974,0.07080480987255063,0.16935473548387123,0.7169042582965892,0.33803718170174846,6.0
2021-04-18 19:06:47.180,0.03443083941873941,0.38105501544451414,0.7707307253222805,0.28271171208800766,0.7674678727268043,0.09664966864103039,0.9514213086356151,0.08199481374073704,0.1710503732645613,0.8128313268225585,0.7723269032378641,0.021713465806368692,0.2338708645161293,0.6945009741555757,0.2790250135838624,6.0
2021-04-18 19:06:47.200,0.052201824855764,0.6393992100369423,0.7255799592185522,0.24925358045078852,0.8193474520377284,0.14485961827539215,0.9839369950345194,0.061138823826609186,0.22298417430684617,0.7819553166918211,0.6239826294510462,0.0,0.2943549935483879,0.6619144169602762,0.2469531756599618,6.0
2021-04-18 19:06:47.220,0.0,0.647602664068753,0.8669009817890235,0.20406236075542947,0.8525025954499496,0.198649556323127,1.0,0.04297464838853052,0.2925842841364774,0.8405377622368803,0.5157208226331296,0.033750286730157314,0.3467742967741933,0.617107848678248,0.1969210475447314,6.0
2021-04-18 19:06:47.240,0.05509418792559417,0.5933055433828651,1.0,0.15852159066782612,0.8639081615157989,0.24520456568046073,0.9924348893741669,0.03419989192609703,0.3624623240082732,0.9116891869061539,0.4054521250055087,0.10337502596846988,0.3669355354838708,0.5682280128852988,0.1763950691715748,6.0
2021-04-18 19:06:47.260,0.14915757084350784,0.772478394839768,0.9310172889762127,0.10014439883272669,0.8618108794636343,0.3006815428937193,0.9677255938181307,0.035034621762727446,0.4169788171826178,0.9139843915563328,0.3047720012097798,0.1940051944280637,0.36290312258064544,0.5112016420705073,0.1456061016118399,6.0
2021-04-18 19:06:47.280,0.2635550329822984,0.9745724402125445,0.8155599709930226,0.04522089870676977,0.844558637869035,0.34974209897001207,0.9308142557626353,0.04225016248814716,0.4688433412556124,0.8805399400435789,0.23374958384272795,0.307528918646449,0.3306450580645164,0.4602850682451142,0.12251440878360424,6.0
2021-04-18 19:06:47.300,0.3913338919388933,1.0,0.749595917599111,0.0,0.820244784490892,0.38732163292179345,0.882642698649162,0.05346896994266068,0.5140973221788901,0.8766052971104369,0.18614116454386492,0.4415860399687834,0.31854864516129083,0.42362524353889364,0.11225141959702595,6.0
2021-04-18 19:06:47.320,0.4683975731300281,0.90605668811877,0.7103659215758741,1.0,0.7907842894861575,0.4188430911838879,0.8195362273201054,0.0686936875776003,0.5569409079857013,0.9199956443866026,0.15525700871998066,0.5626622799963017,0.2903225806451613,0.37678193722442155,0.10711999068686762,6.0
2021-04-18 19:06:47.340,0.5344998314210468,0.7888306956679652,0.6488544160819514,0.9623703666019129,0.7497475685164894,0.44631223683248167,0.7453179026099284,0.09283536734096619,0.6035094423308227,0.9732225676847319,0.14232356029067897,0.6766580575820225,0.2479838967741935,0.31364545658928367,0.09749839727249363,6.0
2021-04-18 19:06:47.360,0.6124143431887449,0.7421351353169157,0.5751166298633102,0.9293057365980871,0.6947113926413627,0.46873189730578346,0.663906074477878,0.13045372246731302,0.6551592995172645,1.0,0.14600291030150195,0.7703564309406383,0.22580645161290322,0.2362524353889387,0.0827453749479615,6.0
