2021-04-25 16:31:15.700,0.6751450861846328,0.40497678225415285,1.0,0.9863534292109938,0.13941340167538344,0.763698229507048,0.0025968706226577776,0.8418010962410256,0.3603458485565356,0.21185256145195305,0.6240977410855989,0.6135465200220455,0.8623377093148874,0.41756100991771417,0.7243589743589743,5.0
2021-04-25 16:31:15.720,0.48718143787814266,0.3374483977954241,0.37021936781736026,0.9836812053562894,0.13470383825987972,0.7798826574069382,0.0026356135968559503,0.8466406022386105,0.3616724271323384,0.20438639637786343,0.746252101440703,0.6261228760650464,0.8649352113934747,0.4195123042836368,0.7467948635897436,5.0
2021-04-25 16:31:15.740,0.07843263088706616,0.28610069205050853,0.7790951074318933,0.9823963551408805,0.13061580122083577,0.7790808817610935,0.002461247476477186,0.8527012213218454,0.355339258536613,0.12459170486959702,0.41921155939977706,0.635824633499964,0.8623377093148874,0.3843902045262591,0.7564102564102564,5.0
2021-04-25 16:31:15.760,0.4047531836793751,0.334290352928167,0.0,0.9782995638277452,0.12037574674909743,0.7867402285765343,0.0022868813560987453,0.8587618404050805,0.3490060899408876,0.06532898927700348,0.5863409356126886,0.6223499648404783,0.8805194259429963,0.37658542667231215,0.7660256492307692,5.0
2021-04-25 16:31:15.780,0.6522247743291008,0.4283007274028042,0.9258503352020743,0.9714291168785096,0.10946916069467261,0.7744307278271685,0.003594002005540159,0.8716701543567614,0.3693066034601421,0.036864220370324684,0.6313159487436395,0.6234279440978164,0.8961039064665195,0.3531706935007266,0.7724358892307692,5.0
2021-04-25 16:31:15.800,0.14150626162686292,0.26548982616220673,0.32377203038852725,0.9661288676942168,0.10447981921235243,0.785624452293951,0.0031087144226267073,0.8775736938478836,0.3507986546500154,0.02566497466892305,0.4908384297905088,0.6103125984261463,0.8922077863356387,0.32292682965815545,0.7852564102564102,5.0
2021-04-25 16:31:15.820,0.983153640907648,0.3698918822919346,0.3443792176102885,0.9610657648452106,0.1022082643065963,0.7958925868745755,0.0026412522456828826,0.8802614708586798,0.3338286548030505,0.04246386231835297,0.737923399597616,0.6047430663802768,0.8935064043879322,0.284877788351895,0.7948717948717948,5.0
2021-04-25 16:31:15.840,0.4866521895558596,0.3087007696245033,0.9700007659322001,0.9566606884945001,0.09857368669362428,0.7881309062620729,0.003405561999581212,0.8845610158436992,0.34663001408111327,0.03733084446777552,0.574680745306273,0.6151634771436051,0.8753246877598234,0.27317082137584403,0.8044871876923076,5.0
2021-04-25 16:31:15.860,0.4455776476672233,0.24404577703424393,0.014990975219958604,0.951332043609714,0.09448302626574874,0.8066347393264945,0.0027520244113476535,0.8893990995379931,0.3160475768381936,0.08306115185759326,0.6179900230678437,0.6115702399126701,0.9038961467282797,0.24975608820425968,0.8333333333333334,5.0
2021-04-25 16:31:15.880,0.9476187596856168,0.35640846645594915,0.8020585572399034,0.947940024485801,0.09074789036934458,0.7894655899831818,0.004073832831523862,0.8938155927797203,0.3443789393016265,0.12132527125652856,0.7751249502519093,0.6268415220406776,0.8831169280215836,0.2243902604716239,0.855769238974359,5.0
2021-04-25 16:31:15.900,0.15427102572023754,0.18365303983667572,0.621218749876224,0.9452841102897326,0.08643663692517835,0.7976679817122747,0.004073832831523862,0.89891237824489,0.3308105924656506,0.15585630620868632,0.7512493207286506,0.6379805802501928,0.8987011425711066,0.21463438805662435,0.855769238974359,5.0
2021-04-25 16:31:15.920,0.6847021876415006,0.25045580167194575,0.09446279372458216,0.942684480660637,0.08025393482238932,0.8273903986328593,0.003624923628139371,0.9062190326887393,0.28170828020097677,0.14745684328664396,0.5835647006045487,0.6467840250686258,0.8883116662047579,0.1970731383730643,0.8397435897435898,5.0
2021-04-25 16:31:15.940,0.3620712283985142,0.21443079871893997,0.47120565084098487,0.94068862679679,0.0739080113257283,0.8300107713562008,0.004463445276276326,0.9137146423560174,0.2773588832789478,0.13532431119568603,0.6146585359679435,0.6552281557225786,0.8857141641261705,0.17560969956740258,0.8814102646153846,5.0
2021-04-25 16:31:15.960,0.48878173358327226,0.15354398386863016,0.5043863224158932,0.4519969513544223,0.017858493346411222,0.8552183128646836,0.016768977827559376,0.9796936495800701,0.23573286045701883,0.13905740710085998,0.6396446551314875,0.6636722863765316,0.8727271856812361,0.14634148290779272,0.8942307774358974,5.0
2021-04-25 16:31:15.980,0.5259107212754974,0.19528317440158696,0.5489913125593386,0.45034456200697637,0.060366934820659794,0.8349770981065184,0.006643237777637655,0.9296951834006758,0.26911572535362127,0.16192253405951051,0.6396446551314875,0.670319781503624,0.8727271856812361,0.12097585498002698,0.8910256410256411,5.0
2021-04-25 16:31:16.000,0.4871672988671918,0.16395554490704942,0.552909444129207,0.4467442535971797,0.05288911315218214,0.836595613302496,0.00808545863405364,0.9385107789997374,0.26642096421513467,0.19785349477653727,0.6174347759753205,0.6735537016289671,0.8805194259429963,0.09560982744252,0.8942307774358974,5.0
2021-04-25 16:31:16.020,0.4615871532124354,0.14490922753558472,0.5514999920526176,0.44384637814269745,0.045253157179477935,0.8371034206350842,0.00973449057809072,0.9475047548191471,0.26555310117300795,0.25711621036913074,0.6235424917206952,0.6673553569278934,0.8727271856812361,0.0819511664908052,0.9166666666666666,5.0
2021-04-25 16:31:16.040,0.4858788875647972,0.1338595408055129,0.5581146622622222,0.4415746636223877,0.038189292249469445,0.8369907086463395,0.01140753225261656,0.9558171523997724,0.2657083660659648,0.31964537485265465,0.6696280026725013,0.6525332222847927,0.8831169280215836,0.0604877276851423,0.9294871794871795,5.0
2021-04-25 16:31:16.060,0.5159972823272257,0.12199887073709534,0.5701696851031023,0.439962691038573,0.03231868502606229,0.837962638365129,0.012879219596451049,0.9627191868473552,0.26408376294886005,0.34951005042687494,0.677401452878304,0.6401365299415334,0.8805194259429963,0.04682926653829869,0.9519230687179487,5.0
2021-04-25 16:31:16.080,0.509204677766061,0.11186012554253626,0.5772612219226565,0.43905896700548264,0.0277711785054325,0.8408760139885473,0.014500603972045991,0.9700783107171542,0.2561882174359494,0.36024266821136036,0.6724042335903563,0.6273805101987906,0.8753246877598234,0.03707319431842912,0.9487179487179487,5.0
2021-04-25 16:31:16.100,0.45194043298737363,0.11568880848522113,0.5770543790771809,0.43874039583658475,0.024335693486597035,0.844636636218581,0.015536842112921884,0.9746391938045005,0.24722252464178474,0.3583761278977044,0.6762909632380186,0.6139058503626406,0.8675324474980618,0.023414733171584375,0.9775641009230769,5.0
2021-04-25 16:31:16.120,0.4122258249560809,0.10783670757871114,0.5818484973763094,0.4386283205409078,0.02216775712247224,0.8482138782151067,0.01570491022634416,0.9754172726560564,0.24125311343905126,0.3607093052949938,0.6679622613949316,0.6002515150623015,0.85194796697454,0.013658660951714805,0.9647435881025641,5.0
2021-04-25 16:31:16.140,0.3695606405115358,0.09759690675790123,0.5923389033424943,0.43834575408057586,0.021901656165712016,0.8532506318568925,0.015465904272840654,0.9744856138953998,0.23667058102692407,0.38030799711278973,0.6418656480463414,0.5876751590193003,0.8753246877598234,0.0,0.9358974358974359,5.0
2021-04-25 16:31:16.160,0.32364626259527524,0.09362276419767458,0.5888862157563622,0.438438439726305,0.024352888678626967,0.8563376853113616,0.014878029659656731,0.9720748594278888,0.23389947380576015,0.4288380987403632,0.6079955708576651,0.5706072487172119,0.8441557267127784,0.0019512943659226187,0.9839743606153847,5.0
2021-04-25 16:31:16.180,0.28714579877548896,0.08347233263997039,0.5936897371720888,0.43953708692264415,0.028261395849086362,0.8563426571892379,0.013900906385515034,0.9678339245920766,0.234973151612221,0.5160989515032538,0.5569128383455306,0.5485087930568113,0.8623377093148874,0.009756072219869568,1.0,5.0
2021-04-25 16:31:16.200,0.2503038190481922,0.044747427952942856,0.604930036543042,0.4422591039702271,0.0348871778854908,0.8537208363461264,0.012923783111373661,0.9635929897562646,0.23604682941868182,0.6112926163544776,0.49139368142779305,0.520840809762209,0.8597402072363008,0.023414733171584375,0.9887820521025641,5.0
2021-04-25 16:31:16.220,0.23643579146746535,0.014673967222892836,0.6119756200025689,0.44680957020618617,0.04475472530809374,0.8476872453255118,0.009704569360928283,0.9480915735120845,0.2481369097154622,0.6672888830561408,0.4486396553035067,0.4841897150083202,0.8805194259429963,0.05268294983119535,0.9647435881025641,5.0
2021-04-25 16:31:16.240,0.31064773160887743,0.06225597910360987,0.5994162660440034,0.4525357224085184,0.058278336472230116,0.8395623280041001,0.006956182787533042,0.9321581500910682,0.2615514252320793,0.6579561528418696,0.4114380955596912,0.4405317918456321,0.8805194259429963,0.07999987212488258,0.939102555897436,5.0
2021-04-25 16:31:16.260,0.4175811383490749,0.15944717219332505,0.5724067498122335,0.4582981132428074,0.0756721308260523,0.8296501895335361,0.004209524187165898,0.9116311985778728,0.27796121300158283,0.6238917725428863,0.38423099257081544,0.3902263617914042,0.9064936488068669,0.09560982744252,0.939102555897436,5.0
2021-04-25 16:31:16.280,0.5146501577063751,0.2226946826628824,0.5516365718068126,0.4636971820639656,0.09799112559426862,0.8182988613651468,0.0019453338452984166,0.8852498442412842,0.2967887553316753,0.6313579261585794,0.4114380955596912,0.3368667017815814,0.8883116662047579,0.1346341163219994,0.9134615302564103,5.0
2021-04-25 16:31:16.300,0.598241820202161,0.21906305525932415,0.5459667301479917,0.46958874409507506,0.1265822214550057,0.8081752974082012,0.0009425638135891029,0.8514152363397942,0.31358199368614265,0.6854876620952502,0.47140478155219684,0.29087315346336357,0.8987011425711066,0.18926836051911738,0.9038461538461539,5.0
2021-04-25 16:31:16.320,0.624929590545619,0.21080957594837554,0.5399734860917978,0.47688351507946203,0.16036180913831405,0.8011514338183805,0.0024107952113683667,0.8114357212781754,0.32513670662314514,0.7214185769786913,0.5136035633108167,0.25691698773559296,0.8987011425711066,0.23414633269149343,0.8846153846153846,5.0
2021-04-25 16:31:16.340,0.5726508269911329,0.17960164161987235,0.5444059918016964,0.22987745182415992,0.12442332121432019,0.8741598401295084,0.0,0.8539707974208192,0.20442125258056526,0.7074195484979303,0.5080510942034892,0.23499818989271032,0.8883116662047579,0.2907316714496617,0.862179478974359,5.0
2021-04-25 16:31:16.360,0.47597019029971116,0.30597051685558924,0.48625307253779165,0.21408465991613146,0.211807595320718,0.8137182171801698,0.009362157863614069,0.750684172527426,0.30406712756470333,0.7148856868357616,0.4863964575950843,0.22278116419030441,0.8701296836026488,0.33560984342690897,0.8685897517948717,5.0
2021-04-25 16:31:16.380,0.3804331001798637,0.3555612344485503,0.45929758616132843,0.21347859689995108,0.27062297780503786,0.787937437460836,0.027868385205567565,0.6817059005381292,0.34538080645302194,0.7909472480636648,0.48861744596517703,0.2181099432903636,0.8701296836026488,0.3843902045262591,0.8269230769230769,5.0
2021-04-25 16:31:16.400,0.30762053016893537,0.30950827637452993,0.45395125595134206,0.2220092891238398,0.3082005471673051,0.7805870228629394,0.04406349409606176,0.6380571845715235,0.35623472370752973,0.9563695774380202,0.4725152802820043,0.2181099432903636,0.8545454690531273,0.4234144934057396,0.782051282051282,5.0
2021-04-25 16:31:16.420,0.20912269253420548,0.2667760465578005,0.42540797720701007,0.23338354758831548,0.34524190669265603,0.7706950615278334,0.06384933093793839,0.5954597762545003,0.37066426303226124,1.0,0.3925596989586635,0.21164210009856552,0.836363752425017,0.47219485450508975,0.7596153764102564,5.0
2021-04-25 16:31:16.440,0.17966263402126142,0.3587403859766993,0.3988253357203258,0.2469099727246626,0.3803730561946737,0.7561611281355023,0.09918637935265033,0.536390920213323,0.40616316194325514,0.9706019943568163,0.36424208815045817,0.19996406255427263,0.8337662503464313,0.5248780041411552,0.6858974194871795,5.0
2021-04-25 16:31:16.460,0.21448101441046277,0.4597378317314499,0.39005286063845623,0.261126270429813,0.4145059697690229,0.736268910241844,0.12886008711530517,0.4980325770636532,0.4372597723043614,0.9539197531830852,0.392976126324724,0.19012755440343704,0.8129870316397351,0.5697559763135324,0.6666666666666666,5.0
2021-04-25 16:31:16.480,0.3251445914626472,0.5213289124812872,0.40246897653094243,0.27525448038343786,0.4490222660870348,0.712898912044512,0.15853379487796032,0.45967423391398343,0.46835638266546764,0.9372375120093543,0.42171016449898985,0.1802910462526014,0.7948053150116248,0.6185365372177525,0.6282051282051282,5.0
2021-04-25 16:31:16.500,0.35846472902308274,0.5371386319331758,0.3906919587869836,0.2893672910302894,0.48485224363022833,0.6896618995127004,0.21334355323275536,0.4014614436624229,0.5103549758558014,0.9272048838435618,0.45419212622873867,0.17014011486277053,0.7428571352578852,0.6556097315361816,0.5961538625641025,5.0
2021-04-25 16:31:16.520,0.32027972489251266,0.5830906409404717,0.373614417590865,0.3115712937610072,0.5390864153023087,0.655964273147537,0.2537783039708275,0.3644842191622993,0.5370119967357436,0.8964068913240615,0.4347584689009045,0.17014011486277053,0.70389593394908,0.6907316314886881,0.5512820512820513,5.0
2021-04-25 16:31:16.540,0.2981571916731263,0.6352347869940412,0.36431799138730075,0.334330272588718,0.59118569596725,0.6187998480536195,0.29630553909939145,0.329666570548561,0.5646774455843626,0.8469435529599826,0.4114380955596912,0.17409270449263956,0.6779219770592095,0.7414634867588309,0.50641024,5.0
2021-04-25 16:31:16.560,0.29331370569663046,0.6838572202875265,0.36286954106772595,0.34896196300400206,0.6241099576356495,0.5915962906605179,0.3403517534651771,0.29711323882459345,0.5924889601728821,0.7998133732778125,0.3953359298765184,0.1855910989249736,0.6181818230177086,0.7843901645652855,0.4358974358974359,5.0
2021-04-25 16:31:16.580,0.30035224683367173,0.7171850357585958,0.3677943873784662,0.362972139763144,0.6551554408910844,0.5631237459131949,0.3848657210349431,0.2672293880700768,0.6198746753850325,0.7559496233892455,0.3931149415064256,0.20158104173417132,0.6025973424941868,0.8058536033709472,0.3942307774358974,5.0
2021-04-25 16:31:16.600,0.31285663898501975,0.7520214224859031,0.36995640462063395,0.37631826389752837,0.6839014853001048,0.5347427706059781,0.4285585922003662,0.24029993003779765,0.6452702215429347,0.7106859744720678,0.4058856291792203,0.220265895922816,0.550649428714446,0.8331707254695069,0.3782051117948718,5.0
2021-04-25 16:31:16.620,0.29875531294368135,0.7840329094688026,0.3750323695087381,0.38879958430253964,0.7100299154889902,0.5077358196069478,0.47019171951687333,0.21646945242188886,0.6674990176314342,0.6691554176405986,0.40255414662408107,0.24487961985070508,0.49090914168594485,0.8673169782390514,0.3365384533333334,5.0
2021-04-25 16:31:16.640,0.2965964609166525,0.8116764108875019,0.3726950366101703,0.40030460594246764,0.7331656818786275,0.4822415503840571,0.5086945964100723,0.1959026740027972,0.6870499729525639,0.6341577547715246,0.4114380955596912,0.2745238803135707,0.4311688546574437,0.8975610418864932,0.27884616205128204,5.0
2021-04-25 16:31:16.660,0.29857402004059014,0.8349597595373709,0.3812189463746125,0.41074332679270537,0.752832836418965,0.45866386767641487,0.5428104226240051,0.17882706121722872,0.7042472759331967,0.6243583966403371,0.4347584689009045,0.3070427687956385,0.41298687205533463,0.8897560642276751,0.2532051364102564,5.0
2021-04-25 16:31:16.680,0.28181364219535915,0.8427391411067615,0.3925730193412541,0.42055746569165847,0.7686432794807458,0.4366374832721051,0.571652038617105,0.16537850631712,0.7203348668691156,0.6280914925455111,0.4508606391288384,0.3458497985353087,0.37402593672052975,0.9092682086674153,0.21794871794871795,5.0
2021-04-25 16:31:16.700,0.25956570292752573,0.8570522887260524,0.39004528876338374,0.42981080575054914,0.7797841344465621,0.4167713073989724,0.5935193735788559,0.15605393552300917,0.735720240222994,0.6145590614259425,0.47418102155957387,0.38717210389524676,0.3662339624327684,0.9287805529120257,0.18910257230769228,5.0
2021-04-25 16:31:16.720,0.23284420545044052,0.8782660452928253,0.35798647895618,0.2092857410476641,0.7734825468157684,0.3214493545331953,0.6143199853176858,0.161312521503042,0.8443483456969854,0.5884274626595687,0.47695725247742876,0.43011137961174795,0.35064948190924666,0.9287805529120257,0.21794871794871795,5.0
2021-04-25 16:31:16.740,0.2253466292296758,0.9094216381181522,0.3734765137873198,0.21531612361546432,0.7878472358557288,0.3923518085338521,0.6124763108539806,0.14938502597963677,0.7572736923973916,0.5664955877152852,0.4730705273745274,0.47179302266506085,0.342857241647485,0.9248779641801815,0.1730769066666667,5.0
2021-04-25 16:31:16.760,0.2602076369683226,0.9281055190630134,0.38061030033235493,0.22176266239335418,0.7853120099039732,0.3861594070451557,0.6105842349563121,0.15147455359959103,0.765691197621241,0.5440970810346198,0.515824553498814,0.5132949961364084,0.35324671801383367,0.9326829418389997,0.18269229948717952,5.0
2021-04-25 16:31:16.780,0.308618788317353,0.9483699827175863,0.39718582415359227,0.22670513224930375,0.778474269610634,0.3855316471249742,0.6007613812943463,0.1571436554616117,0.7709328937112567,0.5076995153174698,0.6046640883025259,0.5558749459239822,0.345454477752072,0.9307316474730771,0.16025642666666662,5.0
2021-04-25 16:31:16.800,0.3121900501036263,0.9540709173753185,0.4053413765987806,0.22978312871469533,0.7675779637224901,0.3946217362729168,0.5822112270591117,0.16627660007735276,0.7680062555454885,0.40783949299804134,0.6782343326066108,0.6305245999448189,0.37922094087770286,0.9307316474730771,0.19551281230769232,5.0
2021-04-25 16:31:16.820,0.24040468545217664,0.9498612883147259,0.4021637713246405,0.2304281334775705,0.7522839767525006,0.4150779726815587,0.5542196100928903,0.17929836605518576,0.7544857419705955,0.25338313356128417,0.6263187249109307,0.7055335872473626,0.3948051554272259,0.9151218919603109,0.19551281230769232,5.0
2021-04-25 16:31:16.840,0.1834604067781023,0.9486549205452967,0.3822289892426392,0.22825340619423162,0.7326551576278107,0.4432913522607574,0.49784018832359506,0.20675330974101902,0.7197019114381962,0.12785817285785472,0.6574125620922299,0.75080847488439,0.4389610949192054,0.8995121364475447,0.20512820512820512,5.0
2021-04-25 16:31:16.860,0.2323589190319835,0.9426670626347179,0.3854656109044878,0.22284431765450108,0.709267709657739,0.47616753268653733,0.4314042909390006,0.2414900383124744,0.669652646763215,0.03453104641055424,0.7512493207286506,0.787459566697167,0.4675325538876616,0.8975610418864932,0.2532051364102564,5.0
2021-04-25 16:31:16.880,0.3449987311695548,0.9210570168861665,0.4137123879837018,0.21426238971015707,0.6826142758086218,0.5157444046401909,0.3944892530081737,0.2631180637958774,0.6322561400222794,0.0,0.822876163850816,0.8197987826561575,0.5168832315628155,0.8702439197879348,0.2628205292307692,5.0
2021-04-25 16:31:16.900,0.37510681812456775,0.8462263686239162,0.44859794284705495,0.20366249564366418,0.6531842686948436,0.5621100620743781,0.3575742150773468,0.2847460892792804,0.5948596332813436,0.007932819727264222,0.8450860929993547,0.8528566151796606,0.5558441668976203,0.8331707254695069,0.3076923076923077,5.0
2021-04-25 16:31:16.920,0.3255069430526239,0.7571307172076043,0.47301801926229464,0.19268030577789866,0.6207558231703626,0.6106918254628547,0.2825817954221812,0.3360858645140695,0.5144763832098987,0.03126457842229653,0.8650749701511457,0.8848365007980559,0.6025973424941868,0.7921951422241037,0.3365384533333334,5.0
2021-04-25 16:31:16.940,0.3248568162245485,0.7028720808176937,0.4983550914147025,0.17768871772801023,0.5651306633769295,0.6765850883680095,0.2337496414455968,0.3762418914135931,0.46374251709749864,0.07279516580948954,0.8850638563924587,0.9112468470178021,0.6493505180907534,0.7531706535397531,0.3814102646153846,5.0
2021-04-25 16:31:16.960,0.2988060470417991,0.6375448584609689,0.5175050071853082,0.16499142430351488,0.5035537230470903,0.7336235574524745,0.20011621528070203,0.4099732577066621,0.4293395618541695,0.13392443890333372,0.8767351727284158,0.9302910609581606,0.698701461739906,0.716097459221324,0.4134615302564103,5.0
2021-04-25 16:31:16.980,0.2639529357352317,0.5705212553583442,0.533163569527997,0.15862352927003465,0.45995442030569506,0.7642651683969004,0.16648278911580694,0.4437046239997311,0.3949366066108404,0.20578629922593955,0.838423109710032,0.9392741577118879,0.7701298431870492,0.6478049536822341,0.4342948594871795,5.0
2021-04-25 16:31:17.000,0.24075031209309414,0.5190669800343303,0.5366652999226403,0.15406934625131072,0.41575505824874875,0.7883272471675202,0.10860001262329746,0.5158595814093266,0.3395935585601746,0.2669155608613873,0.7984453008693174,0.9399927889819597,0.8285712461892566,0.58731702619222,0.48397436717948716,5.0
2021-04-25 16:31:17.020,0.27626368366357734,0.4860803435371899,0.5363424427825757,0.15096922453187347,0.37200731654706193,0.8069810813047572,0.077601995426874,0.5649940431274741,0.31199777578487964,0.30424639769023176,0.7790116844443328,0.9355012553106554,0.8564933961315672,0.5507316554652721,0.4919871835897436,5.0
2021-04-25 16:31:17.040,0.33319885180524056,0.4593434274469527,0.5341569943935719,0.148750292225547,0.32940413428161414,0.8227476059744305,0.05243179463095116,0.6136153550469242,0.28782638006963707,0.3224451843682723,0.7873403771978976,0.9268774594864047,0.8844155460738778,0.5141462847383242,0.5,5.0
2021-04-25 16:31:17.060,0.3784681122522751,0.42160135846641406,0.5448262113212599,0.14684944374772096,0.2885892805744629,0.837458451331965,0.03291315698671335,0.6607880498231229,0.26454840656619344,0.3238450910358139,0.8045530370661168,0.9151994219421121,0.9168831251732156,0.44292683765035107,0.5160256328205128,5.0
2021-04-25 16:31:17.080,0.394460203583594,0.3779547021485316,0.5585115874636704,0.14487748255909433,0.24989645364101187,0.8520033662992169,0.01859480869610588,0.7059352506509686,0.2409930781311375,0.30004667386814154,0.8145474801867734,0.9015451042884439,0.9350648418013244,0.40390234896599936,0.5320512656410257,5.0
2021-04-25 16:31:17.100,0.3892668081555612,0.36982589413244044,0.5570542484211843,0.04691132168288278,0.24675607985470047,0.8268138056112083,0.01802694219166264,0.7096144614047556,0.28225780585114396,0.2529164865470405,0.8139922467285333,0.8862738074548774,0.9610390646651936,0.34341462128085704,0.5641025641025641,5.0
2021-04-25 16:31:17.120,0.39227933523322506,0.2997139982524908,0.5881847885247822,0.059422395843628385,0.17925891066500269,0.8797920606206104,0.003151822802368291,0.7890916093127731,0.19516800430154266,0.2011199398480021,0.80510828415864,0.8695652039644893,0.9662338028483679,0.29658535474255837,0.5641025641025641,5.0
2021-04-25 16:31:17.140,0.3846247194364701,0.258710973201787,0.6026558351816785,0.05435892261592007,0.14753117564785745,0.8917622186372678,0.0007362984016614987,0.8266180543634497,0.1753118915932766,0.16565564142308095,0.7912270841217548,0.8524972995446246,0.9740260431101295,0.25756086605820777,0.5993589825641026,5.0
2021-04-25 16:31:17.160,0.3838225145920281,0.20947860390265885,0.6127769013366675,0.048324056516463,0.1184209262085129,0.901965187828254,0.0009563875978100108,0.8610755919719049,0.15843403036993214,0.17032199698155284,0.7756801973444325,0.8354293951247599,0.9896105236336513,0.22243876630083007,0.6346153682051282,5.0
2021-04-25 16:31:17.180,0.38495302363800765,0.16564977435685213,0.6197751039936857,0.042073318114537454,0.09188812599378883,0.9104145805194055,0.003159189424222675,0.8924673570478453,0.14455330457818955,0.2029864858908564,0.7506940872704106,0.8172834996831098,0.9896105236336513,0.1814633828602981,0.6538461538461539,5.0
2021-04-25 16:31:17.200,0.38927638329644587,0.11388959863416152,0.627088871745862,0.036053319146139566,0.0682126764242068,0.916749525264103,0.006688710752048451,0.9204383163681036,0.1342700826999307,0.26854878339711974,0.7279289496598178,0.7827883457972261,0.9974024979214127,0.15219536600555944,0.6762820594871795,5.0
2021-04-25 16:31:17.220,0.41358407150075854,0.08088998985506388,0.6364787324187312,0.030446935719892515,0.04761369398793052,0.9213907491261144,0.010943889805522976,0.944725260183409,0.12685868931282102,0.32524499770335547,0.7179345042667807,0.7400287411332462,0.987013021555064,0.12097585498002698,0.6570512738461539,5.0
2021-04-25 16:31:17.240,0.42634711482200927,0.06323260721505168,0.6466473645579561,0.02532793167835912,0.030290295578204195,0.9251515161681246,0.015395330216555085,0.9651024997259551,0.12094232406891493,0.3463602584674304,0.7043309482275818,0.7149209361488439,0.9844155194764768,0.09365853307659738,0.721153837948718,5.0
2021-04-25 16:31:17.260,0.4443224218376307,0.0545998363071427,0.6519354499707646,0.020566369075826766,0.01655948449414624,0.9283591014580949,0.01950808791417463,0.9812163412070151,0.11594146600857437,0.3674755192315053,0.6907273921883829,0.6898131311644418,0.987013021555064,0.07609768300277972,0.7243589743589743,5.0
2021-04-25 16:31:17.280,0.4574991454693432,0.04748744448977497,0.6578464481347391,0.016138101820068192,0.006549610051494511,0.9305018360107181,0.023825564942592154,0.9963635443101186,0.11202536904138999,0.41577229935717636,0.6651860213875546,0.6354653105121484,0.9740260431101295,0.0604877276851423,0.7147435979487179,5.0
2021-04-25 16:31:17.300,0.4330331404937306,0.0,0.673211986833785,0.009910333395543952,0.0,0.9313051804529803,0.024342274350823367,0.9981817721550592,0.11225733187295454,0.45730286764704203,0.6340921842062555,0.6006108409912287,0.9636363007697806,0.054634244197116835,0.7371794871794872,5.0
2021-04-25 16:31:17.320,0.42916371287368416,0.009408762175389213,0.6638237670767774,0.0047640967725992335,0.0017201910018489284,0.9301121952513403,0.024858983759054258,1.0,0.11248929470451909,0.486234279748499,0.6013326057473866,0.5637800840081543,0.9714285410315423,0.054634244197116835,0.7307692307692307,5.0
2021-04-25 16:31:17.340,0.43196007273321374,0.029048528984274895,0.6609993702278091,0.002088688960631444,0.00798382914399804,0.9273097938729425,0.022131150970093192,0.9912616642457098,0.11783371311379089,0.5216985743539546,0.5918934051744922,0.5260510139674284,0.9818180173978909,0.06243902205106492,0.7307692307692307,5.0
2021-04-25 16:31:17.360,0.34152738888460554,0.008114306873005654,0.6756164841160631,0.0,0.018211430737602126,0.9240128113225201,0.01873468356539414,0.9792797405960648,0.12302253041740527,0.5865609089777835,0.549694626142729,0.4911965419465637,0.9766232792147166,0.06634121117316777,0.7307692307692307,5.0
2021-04-25 16:31:17.380,0.30360094510540947,0.004161911838746519,0.6730386850286696,0.0004445302510096916,0.027769607163140596,0.9182593108007024,0.015994027397648942,0.9680442565230895,0.13233688224167015,0.6560895991600844,0.44697391402593706,0.45724037327768124,0.9896105236336513,0.0819511664908052,0.7019230851282051,5.0
2021-04-25 16:31:17.400,0.2656745013262134,0.00020951680448745913,0.670460885941276,0.0008890605020194294,0.03732778358867907,0.9125058102788843,0.01325337122990407,0.9568087724501142,0.14165123406593502,0.715818973225318,0.38145476165296055,0.41430110344340376,0.987013021555064,0.10146331093054546,0.7307692307692307,5.0
2021-04-25 16:31:17.420,0.32327884906730087,0.043630295409479276,0.6540536460147376,0.001333590753029121,0.046885960014217534,0.9067523097570666,0.010512715062158872,0.9455732883771387,0.1509655858901999,0.7769482195829037,0.3631315894206507,0.3683075845363044,0.9857142705157711,0.1443901885418701,0.6987179405128205,5.0
2021-04-25 16:31:17.440,0.39531383083500327,0.09825659567445393,0.6391889544449351,0.005301678716125475,0.0844594042456287,0.8849449534679296,0.0030383222582389697,0.901249196722667,0.18665123227785937,0.799346710985707,0.347029428282239,0.31674452623055604,0.9792207812933039,0.21268289388583056,0.6538461538461539,5.0
2021-04-25 16:31:17.460,0.40001253773689116,0.16984583215701773,0.6136720595186418,0.00942548818089722,0.11549082975263351,0.8692823313917347,0.00019362392504162574,0.864543802231575,0.2124933459508201,0.7774148054856996,0.3170460761964641,0.26536111103676635,1.0,0.25756086605820777,0.5993589825641026,5.0
2021-04-25 16:31:17.480,0.392394116469792,0.2686002752787763,0.5787771967015226,0.014069855164643172,0.15039576313898845,0.8522541323726767,0.00032122109123860094,0.8232278251063849,0.2406629791316851,0.7708819535374247,0.27984452554217065,0.21882860397155393,0.9792207812933039,0.310243815889402,0.5865384697435897,5.0
2021-04-25 16:31:17.500,0.35743424463672374,0.22358310595887232,0.5696640952640648,0.10631540002543785,0.10928523931983826,0.8792808743418932,0.0006599038046508442,0.871887708582909,0.19596103900450587,0.8072795498102986,0.2787340404466464,0.17894356850453902,0.9714285410315423,0.36292676572059734,0.5544871712820513,5.0
2021-04-25 16:31:17.520,0.3251460015398042,0.2540539532997849,0.5457092750788656,0.09044360699004161,0.20579826163326567,0.8269420848874776,0.00767074510742608,0.7577655863303534,0.28233612473188596,0.8418105351094054,0.2820655048227414,0.15019761183482233,0.9532465584294332,0.4234144934057396,0.5256410256410257,5.0
2021-04-25 16:31:17.540,0.27826631826129744,0.31413776002157995,0.5029572287307599,0.08865008386348493,0.2776152461291629,0.7921593341081904,0.030253351767470807,0.6735549275601903,0.3383450093486218,0.8306112894080037,0.25152691018920437,0.1307941116705465,0.9220778633563884,0.48000003196877905,0.4679487343589743,5.0
2021-04-25 16:31:17.560,0.23187028666773005,0.4159397218226706,0.4563977483342261,0.09786227289921229,0.32272392367353,0.7697946930609986,0.05191576731733633,0.6212997715512455,0.37307366597597647,0.7820812374334811,0.1932259700190294,0.11157023991267016,0.8935064043879322,0.5287803930681292,0.4262820430769231,5.0
2021-04-25 16:31:17.580,0.1864746641877351,0.48657076030054486,0.4374445991569191,0.10713248143372789,0.368340552622026,0.743411398976136,0.07994712766319273,0.5691507019155821,0.4127150135525764,0.762949152907488,0.13520263748845238,0.08542940247753968,0.8623377093148874,0.5931707094851167,0.3717948717948718,5.0
2021-04-25 16:31:17.600,0.15203490146500329,0.4885821132463042,0.4487349541775532,0.1167704110406954,0.4153238062631008,0.711900674816572,0.11543296365017759,0.5163395124425002,0.45815299495991363,0.7116192608616241,0.1254858065521548,0.06449875939490393,0.8181817698229079,0.6517073426092076,0.34615384615384615,5.0
2021-04-25 16:31:17.620,0.14707800704570148,0.4939476450931098,0.45010538640662223,0.12714841577527886,0.4630279286653099,0.675977650395263,0.1583887360895897,0.46382973528828375,0.5072607683461607,0.6402240169975382,0.14658522333660273,0.053718996232641605,0.7532468775982326,0.7102439757332984,0.3012820348717949,5.0
2021-04-25 16:31:17.640,0.17004804921561234,0.5716606003691048,0.4370695855833556,0.13781869479091208,0.5107929274788703,0.639341909693948,0.23539885528153137,0.387789003383714,0.573965531569668,0.6070928848934564,0.15102718189774417,0.04779015590451589,0.7220779165511891,0.7512195589787016,0.2692307692307692,5.0
2021-04-25 16:31:17.660,0.16100482767399268,0.6523033696099269,0.4327640538399412,0.148292790056135,0.5582901644201975,0.6035334074110957,0.3235525815826085,0.3154104969379925,0.631758673640056,0.632757840465052,0.17379231269119533,0.0499461085369683,0.6363635396458174,0.7960975311510777,0.2564102564102564,5.0
2021-04-25 16:31:17.680,0.14884207092821936,0.6823699106726235,0.4098180651256358,0.15922644081831133,0.6054972700167007,0.5667235303074697,0.37313326619097076,0.2828187207746213,0.6591743444699001,0.7069528862058247,0.19655746166369073,0.061444473558183874,0.5766233856043164,0.8409755033234537,0.2339743507692308,5.0
2021-04-25 16:31:17.700,0.11939257126422405,0.6731451479811913,0.3898809194046428,0.17175743745450597,0.651727251321968,0.5273822191696932,0.4227139507993328,0.25022694461124995,0.6865900152997442,0.7587494596411215,0.17379231269119533,0.07959033958871552,0.5090909913010537,0.8780486976418829,0.18269229948717952,5.0
2021-04-25 16:31:17.720,0.07936930451314075,0.7266174303572341,0.3689319484414978,0.1959140789768773,0.7146719312446174,0.4559118367306747,0.524499910963916,0.19499949553575105,0.7482812167594136,0.7480168380371707,0.13270402329971742,0.10492275360891334,0.4207793782910951,0.8956097475205718,0.1506410666666668,5.0
2021-04-25 16:31:17.740,0.06168095250090571,0.8011811520324639,0.3501541097766539,0.2233621525651214,0.7685734838675436,0.3727835108973547,0.5903734076955914,0.1654372376485424,0.7915977870839612,0.6920205560576456,0.10549692485560279,0.13402804061922524,0.3662339624327684,0.9131705975943893,0.10256410256410256,5.0
2021-04-25 16:31:17.760,0.09280759793547497,0.8657511650759531,0.3433973738041826,0.24132011338682613,0.7989216970834081,0.31561883817495695,0.6530572844885683,0.14033563279141664,0.831208172739576,0.6154923363571023,0.11715712288811209,0.16654688498461523,0.29350656397233194,0.9502439917176886,0.08012816410256397,5.0
2021-04-25 16:31:17.780,0.13668469637525565,0.9058114817889603,0.3421159985541423,0.2576810337344951,0.825892462984276,0.26298535634739967,0.7110733786474555,0.11884012376967777,0.8627322927256844,0.5356976410293705,0.16546361539286947,0.203557292432428,0.21818179642030902,0.9512194390957792,0.02724356923076928,5.0
2021-04-25 16:31:17.800,0.160069664503449,0.9326571438863567,0.3471385796654106,0.27181783647400826,0.8495469724405382,0.21868997920668973,0.7623640562693498,0.10063624026252675,0.8840857450394703,0.45823613111980543,0.20766238987987157,0.2452389501913002,0.12987031639735044,0.9658535474255836,0.0,5.0
2021-04-25 16:31:17.820,0.15762662696016858,0.9444856115318854,0.3530163042737423,0.2831925666839887,0.8698805657409712,0.18412010203355364,0.8057615895605691,0.08548454599815226,0.8959689494589508,0.39197388600896954,0.23597999159855476,0.29105282598644083,0.08051937274819708,0.9853656918653239,0.0448717784615385,5.0
2021-04-25 16:31:17.840,0.1483975524693295,0.9513861534607971,0.35511362622189724,0.2915122190727903,0.8866928324221907,0.1599128975266767,0.8403012784635808,0.07331059058068351,0.8998621991387663,0.3401773393099311,0.27429205461693873,0.3390226397084746,0.04935067767515308,0.9990243528170387,0.02243593846153859,5.0
2021-04-25 16:31:17.860,0.15257723147936547,0.9574735925890866,0.3512735538940297,0.29667964005791997,0.8998775282095844,0.1476528742027768,0.8650026165149476,0.0639910352464061,0.8960551039634638,0.3056463005383079,0.3264852722245974,0.38914839135740165,0.04415593949197875,0.9912195749630907,0.0641025641025641,5.0
2021-04-25 16:31:17.880,0.12900012958370083,0.9691800194186309,0.3344061682387309,0.1558321279455942,0.9133663487690651,0.0,0.9446926763592008,0.05466643477501806,1.0,0.27251518371208816,0.37867851255606133,0.4430470601131204,0.03506494819092421,0.9912195749630907,0.05128205128205128,5.0
2021-04-25 16:31:17.900,0.1796929482901763,0.9837794955009597,0.3643699811572449,0.14588334014375295,0.9132995548103321,0.15478365730226323,0.883071884951192,0.054712088319655905,0.8751729564811407,0.2333178008403894,0.4708495344596736,0.4998203289474787,0.025973956889869674,0.9912195749630907,0.038461538461538464,5.0
2021-04-25 16:31:17.920,0.22196523552757755,1.0,0.37750619677214875,0.14195162077005266,0.9122233330408388,0.1865418892658048,0.8701263657580499,0.0554482331786398,0.8496393062868717,0.21045265096494598,0.574680745306273,0.5562342703823536,0.03376646312563084,0.9892682805971691,0.10576918974358962,5.0
2021-04-25 16:31:17.940,0.22889490914825075,0.9986469788447508,0.38526923597054236,0.13559110082125433,0.9061177534468748,0.2277792718887588,0.8464923329836764,0.05965073346747395,0.8205507671389122,0.2011199398480021,0.6263187249109307,0.6140855081801585,0.06493515819867485,0.9892682805971691,0.09615382974358978,5.0
2021-04-25 16:31:17.960,0.1829367758208191,0.988792802875767,0.39524380280347654,0.12733747136014198,0.8938751340613926,0.2769791410656188,0.8111569943528023,0.06820881933295742,0.7886895472243058,0.17125526809324726,0.6413104009538181,0.6726553904830386,0.07532490053902303,0.9834145973042725,0.10897437538461534,5.0
2021-04-25 16:31:17.980,0.16260485895380591,0.9797445922296997,0.40186485715313036,0.11708580475020172,0.8756625098087993,0.33206619635437284,0.7653774047700422,0.0812613309698877,0.7536070127207721,0.09729351721360525,0.7154358855332847,0.7530542490728218,0.11948057405700226,0.9756096196454543,0.15384615384615385,5.0
2021-04-25 16:31:18.000,0.22763157561400138,0.9807049767152357,0.4181614715733446,0.1048872717331692,0.8519337880191877,0.3930179436279315,0.7104439235464699,0.098833642450203,0.7126107302958137,0.08866078234722505,0.8339811284250853,0.8251886348261702,0.17662349199391622,0.9580487695716366,0.2115384779487179,5.0
2021-04-25 16:31:18.020,0.3123028275966535,0.9684144830480717,0.4375819577031561,0.09186010409149035,0.8229326887418533,0.45771534922723633,0.648175051307157,0.12116094619508667,0.6652594674761826,0.14045732904626346,0.9050527608128159,0.8720804722319776,0.22337666759048275,0.9385366251318964,0.23076923076923078,5.0
2021-04-25 16:31:18.040,0.34782966420900574,0.8822095854985218,0.473725503479539,0.07972419756447019,0.788737812443107,0.5205378258900017,0.581032021886688,0.1486525611030158,0.6155897846052983,0.18233786636408356,0.9362854109034362,0.9032518756132034,0.30129880423409283,0.9248779641801815,0.2339743507692308,5.0
2021-04-25 16:31:18.060,0.31326320963865645,0.7957804857003317,0.5051242006129207,0.06578425435405179,0.7268103503392448,0.6034016285120496,0.510465150330925,0.18194456025452252,0.5667771872916405,0.22421840368190366,0.9675180609940565,0.9344232789944291,0.358441456197008,0.907317114106364,0.28525640205128205,5.0
2021-04-25 16:31:18.080,0.2915873601830825,0.7428269103015083,0.5207068512558125,0.06099037133635845,0.6912166959111191,0.6385762767040225,0.4018198739088987,0.2441628827066658,0.4976910108317378,0.2949136865732879,1.0,0.9804167979015284,0.4233766143956821,0.8741463087149088,0.3076923076923077,5.0
2021-04-25 16:31:18.100,0.2927380596219817,0.7013487152121264,0.5327123454433439,0.05619648831866512,0.6556230414829934,0.6737509248959955,0.29703783587930455,0.3169492044021571,0.43186551386445043,0.33737752597484794,0.994447529074768,0.9964067554162852,0.49610374688211906,0.8429267976893764,0.3365384533333334,5.0
2021-04-25 16:31:18.120,0.28055376932504766,0.655077712220585,0.5459166220301546,0.05107509955811997,0.5774163064764682,0.7299869666807189,0.25181164330053024,0.35754797670662175,0.40259004395720727,0.38964070822973357,0.9811216215780165,1.0,0.5428571884526858,0.8019512144439743,0.3333333333333333,5.0
2021-04-25 16:31:18.140,0.28238427891115847,0.5784141211477936,0.5611907936081235,0.04886645338311635,0.4984656471437678,0.7748979878062042,0.20658545072175594,0.3981467490110864,0.37331457404996415,0.4447037038197023,0.9639089617097973,0.9937117999201605,0.641558543802992,0.7570730424667271,0.32051282051282054,5.0
2021-04-25 16:31:18.160,0.2934496466944135,0.4929307136891294,0.5781106762255418,0.048995916984175464,0.4480500587916909,0.7980867296790238,0.13328583529579505,0.48018504098842507,0.3230478054406493,0.4685021133484437,0.9616879824292266,0.9822134496045042,0.6649349986142751,0.7141463646602725,0.3365384533333334,5.0
2021-04-25 16:31:18.180,0.3301608859796793,0.45165945518928974,0.5869706599614422,0.04964574316804968,0.3998187315159726,0.8193499549646818,0.09565513005179743,0.5336563322440816,0.2917746285437156,0.4400373482612304,0.9766796493825919,0.9669421233598191,0.7454543713624722,0.6614634148290783,0.358974358974359,5.0
2021-04-25 16:31:18.200,0.3630060856540136,0.45389536223118226,0.5862250874636447,0.04997338536621272,0.35356906793354403,0.8417267843532688,0.06537995125660924,0.5859511173104085,0.257155619283324,0.37097528599584584,0.9877845685092506,0.9504132070980676,0.8116882806004407,0.6087805649003185,0.40384617025641023,5.0
