2021-04-18 19:06:49.120,0.7663187251189256,0.48163195810226345,0.8042211840708309,0.7060964655583255,0.31105138265113935,0.5240827858632228,0.40774265112686137,0.5345354972067594,0.8907924877556198,0.401425183688953,0.2531445225453544,0.37082351970216093,0.7763972508468662,0.6111110424047278,0.13464231985317754,6.0
2021-04-18 19:06:49.140,0.19331187874883415,0.436173584352976,0.45350329160108305,0.703860910979945,0.32618780978170536,0.5256917311631325,0.3912545119393478,0.5141935979276496,0.8813241329068504,0.3325415674349407,0.19906603879475485,0.39309803421285366,0.8074530645577778,0.6618356460314183,0.17952310510577948,6.0
2021-04-18 19:06:49.160,0.6053902432378686,0.5632350440348066,0.07631800820460369,0.704021787366763,0.3648841192518581,0.5252152223220264,0.410304552916154,0.46350231270301573,0.8587374444983187,0.3082722342823679,0.23672515029721541,0.4200784258500986,0.8633539108522355,0.7198069042824716,0.19915848455842114,6.0
2021-04-18 19:06:49.180,0.7369107279603576,0.6024878759331158,0.3795002842065589,0.70193210345374,0.3774194619341139,0.525123783055086,0.4158284383226864,0.44761070364070804,0.8509310547660618,0.2735722522815045,0.2331098750425785,0.46274507628776984,0.8768114513277873,0.7564413264938055,0.234922857314536,6.0
2021-04-18 19:06:49.200,0.8684312126828464,0.641740707831425,0.6826825602085141,0.6998424195407169,0.3899548046163698,0.5250323437881457,0.4213523237292187,0.4317190945784003,0.8431246650338049,0.18685669848452705,0.18653810938535564,0.4847581507551017,0.8902689918033372,0.7930757487051385,0.2706872300706508,6.0
2021-04-18 19:06:49.220,0.30348943739277584,0.5558976744293114,0.45213568586637304,0.6905669769950216,0.4491987734173578,0.5300125111884314,0.3882507500059163,0.360817161649092,0.79997845071355,0.10014114468754955,0.1399663437281328,0.5067712252224337,0.9037265322788889,0.8297101709164724,0.30645160282676565,6.0
2021-04-18 19:06:49.240,0.9547871486763048,0.6974274879514657,0.318711991427743,0.6801904939491505,0.5459039461703891,0.5325992509752562,0.40957743861312024,0.2551065570665148,0.7268608259082979,0.03490654138733376,0.04150033068738012,0.5339607714622462,0.9378877365534835,0.9637682109360711,0.44460028249905087,6.0
2021-04-18 19:06:49.260,0.6149304670887207,0.6635458931971424,0.8322665299370761,0.6661932259626139,0.6099671833696275,0.538037836922462,0.40038198501898487,0.19429853454893953,0.6716612940470729,0.0422389854062615,0.017398488258608284,0.4812548875564935,0.9627327691370294,0.9879227369786899,0.5147265022753158,6.0
2021-04-18 19:06:49.280,0.35898307359391346,0.353947959165763,0.2728128136872664,0.6474809188218065,0.6792432748244075,0.5488869099391004,0.37190279587936803,0.13706722217264627,0.6058438521627068,0.02364970148508475,0.008699244129304128,0.40376469618030175,1.0,1.0,0.6100981565752436,6.0
2021-04-18 19:06:49.300,1.0,0.34812535194610916,0.5367429132301937,0.625570229175469,0.7552349555419188,0.5637784000884795,0.3692046162586813,0.06659847330418989,0.4933268339709002,0.005060417563907921,0.0,0.32627450480411,0.975154967416454,1.0,0.6928471223370426,6.0
2021-04-18 19:06:49.320,0.5693880347014757,0.31225285362293365,0.7403221029141098,0.5758571442145792,0.8448837192814671,0.6021732246530839,0.3248009849977908,0.030743032938399598,0.3953365237427372,0.0,0.04074714233190368,0.17098038372817748,0.968943550264395,0.968599066675999,0.7798036509448845,6.0
2021-04-18 19:06:49.340,0.283067782444864,0.250366656988898,0.16546180080251482,0.47814517217019137,0.8854185203519749,0.6890295784676908,0.3725718561430303,0.011090488713711356,0.2938417886108027,0.05204997300129519,0.0731339826923266,0.08909803236398083,0.9378877365534835,0.9057969526850191,0.8387096744079989,6.0
2021-04-18 19:06:49.360,0.7693267441253346,0.17894231436020697,0.0,0.3804332001258034,0.9259533214224825,0.7758859322822977,0.38023108871055333,0.015064365041930218,0.23688627579064367,0.1331199083578268,0.12510354767842757,0.09631370822800694,0.87577610913166,0.8574879005997815,0.9144459995217648,6.0
2021-04-18 19:06:49.380,0.722938706499401,0.2373363423616652,0.24822170163828408,0.24351764592875957,0.8815430130928298,0.8950368101229844,0.3878903212780764,0.01903824137014908,0.1799307629704846,0.2163585820230663,0.20313322508991524,0.15341175404767385,0.8447202954207484,0.8043477454316368,0.9621318338526543,6.0
2021-04-18 19:06:49.400,0.6254650601454013,0.435653433540921,0.29189764441008514,0.215617666384835,0.8377692014819842,0.9198396830376545,0.3805639622298466,0.042014748176228744,0.09606131619335812,0.3457606158451962,0.2906529968699103,0.24031371829409273,0.8136638456851435,0.780193219389018,0.9845722264789553,6.0
2021-04-18 19:06:49.420,0.6220538225804105,0.5234140160946377,0.3126914368032332,0.2094459715157224,0.8074990662063567,0.927634219660075,0.36096397869089925,0.05614670634258707,0.06499442440591569,0.46731385536476083,0.36250657661959795,0.30462744254566476,0.7888194491262925,0.7753623636490901,1.0,6.0
2021-04-18 19:06:49.440,0.4978666346593064,0.4649957795241243,0.3327255259454843,0.21586029808167922,0.7934054462499384,0.9260575588381859,0.33119865101737445,0.06338678977142663,0.0540354988930412,0.5049055098583629,0.4432477222469889,0.3300392067621396,0.7453414371359545,0.765700404826255,0.9775596073736991,6.0
2021-04-18 19:06:49.460,0.4052691599786929,0.46734304318538816,0.24665583922425982,0.22566886553013923,0.7820733118282756,0.9239234393274934,0.30268556402120794,0.06950911013407601,0.04606668880021186,0.501290927636345,0.5470362318097666,0.3780392109734612,0.6832291736894379,0.7826087709304722,0.9593267847743667,6.0
2021-04-18 19:06:49.480,0.5277856434007253,0.566254586988993,0.12712897814984636,0.23524237470230416,0.7671491942667623,0.92514570803128,0.2843161201953788,0.07797947507868964,0.03256582502094062,0.5355778213545161,0.65067409630359,0.3962352890543938,0.5652173359978537,0.7874396266704001,0.9172510486000524,6.0
2021-04-18 19:06:49.500,0.5918052087021598,0.5734912464150773,0.05629944884679959,0.24643051204758726,0.7565490132839722,0.9276730819133832,0.28054155162823596,0.08427500203341202,0.02160185444792034,0.5813281050038505,0.7318671278187837,0.36705881902807086,0.45962706056099906,0.8115941527130176,0.8821879387119199,6.0
2021-04-18 19:06:49.520,0.5674312959229062,0.4333388934943814,0.14101108697769826,0.25879002078441377,0.7556283190522641,0.9305777246760735,0.2945751058386651,0.08483280626220242,0.01846987346538159,0.5808117369687515,0.795285064567866,0.29113724595667867,0.3788816587015176,0.8055555212023632,0.8495792404839791,6.0
2021-04-18 19:06:49.540,0.48753925906503515,0.367143714001506,0.2312671342412513,0.26891048144783225,0.7582684539769647,0.9362521502744591,0.3289176737542086,0.08323815649054,0.016373773279293038,0.5399153207952394,0.838517721074983,0.22588234859088727,0.2981362568420361,0.7995168896917089,0.8169705422560385,6.0
2021-04-18 19:06:49.560,0.42749702525561906,0.27778110441084686,0.2467756601389269,0.27503367506551163,0.7573257791615069,0.9458630453523625,0.38031646035667327,0.08380589585902776,0.008907512329228814,0.5256635388507089,0.8915417522247041,0.20266665762773248,0.142856870275132,0.7898549308688738,0.7433380057462198,6.0
2021-04-18 19:06:49.580,0.3693533834409487,0.3005233260601401,0.27042112588130374,0.2799360771945742,0.7549967774939557,0.9574393367569021,0.4431555359429058,0.08521620689413706,0.0,0.5977486294836272,0.9639978629311488,0.18729411147206504,0.09937885828479393,0.7705315079091621,0.6690042087620606,6.0
2021-04-18 19:06:49.600,0.3780605299674201,0.3639723144839366,0.29429233257040294,0.2862789972239258,0.7648132807855925,0.9693211600337425,0.5197458076825912,0.07934669394161764,0.0035254039455443055,0.6696271793268441,1.0,0.10101959819395416,0.018633615431486193,0.7536231418049448,0.5848527507752833,6.0
2021-04-18 19:06:49.620,0.4117825038524384,0.37282812023874645,0.3211061412222,0.2901075322230228,0.7884270346136764,0.98387736157384,0.6145288108706898,0.0660434221863998,0.021374398675650313,0.686460818353023,0.9557128711643802,0.026509807262832395,0.018633615431486193,0.7342994715022539,0.5147265022753158,6.0
2021-04-18 19:06:49.640,0.3142347563698262,0.14948843545009824,0.3754338642157553,0.2906863924323246,0.8219516176604258,1.0,0.7055731101630811,0.04915727571526876,0.051700958462819725,0.5826706649382153,0.8412291596994502,0.0,0.0,0.7053140897197087,0.4572229997608824,6.0
2021-04-18 19:06:49.660,0.1505720667757894,0.2448966986915446,0.47718434976884544,0.2879025723820653,0.8487157100670031,0.0,0.7781596358411351,0.03738353667152819,0.07826514171417247,0.5652173984710869,0.7577766247666522,0.022274527350087885,0.04968942914239696,0.6956521308968722,0.41795231266485566,6.0
2021-04-18 19:06:49.680,0.05028355829785705,0.5551110991537755,0.5180549108330392,0.2858867253994054,0.8621375881373762,0.013398157228768857,0.826133440042237,0.03205506988084001,0.09307228622564735,0.6175255643656622,0.6885968347039583,0.023686289460901913,0.055900210269763544,0.6642511975728727,0.3842917237254042,6.0
2021-04-18 19:06:49.700,0.0,0.6390766969881039,0.7164485149913955,0.28456857390484025,0.8772336116515693,0.02301165065500409,0.994295707508089,0.020698187752713832,0.16502306353067664,0.6698337302602375,0.6194170446412642,0.025098051571715945,0.04968942914239696,0.6352655684473466,0.32538568590043854,6.0
2021-04-18 19:06:49.720,0.14330423592757963,0.47909884675334846,0.9674447863246605,0.15030583604651512,0.9149271999254539,0.17986978772736822,1.0,0.0075426862379344515,0.21472600771388167,0.7399566352084564,0.4629810796118562,0.10509802435219824,0.06211162742182335,0.5845409648206548,0.28892005506362506,6.0
2021-04-18 19:06:49.740,0.1978997291809264,0.5504296799804564,1.0,0.18737661792488464,0.9669791916039353,0.14919747187485635,0.8882659776411639,0.001164685653676367,0.24261499624100977,0.6793349379471038,0.3655193053819738,0.19764705501702637,0.06832304457388316,0.5410627684753451,0.2538569451754925,6.0
2021-04-18 19:06:49.760,0.1661375567309182,0.7875445174960918,0.9599134850663061,0.0,1.0,0.3161588797368031,0.8584557115475308,0.0,0.2852389535790027,0.6008468512191438,0.28327181140208946,0.2873725409171943,0.08074524285330864,0.5241546497141084,0.2398316782412776,6.0
2021-04-18 19:06:49.780,0.23281946029912787,1.0,0.9311600316448693,1.0,0.987481803443623,0.4291070369260319,0.8139378228619035,0.0011879075464629794,0.3150739892086316,0.5886605405697014,0.21202077617190052,0.38211764226746336,0.06832304457388316,0.5217390981726542,0.242636748862342,6.0
2021-04-18 19:06:49.800,0.3038849034629292,0.9673720599461517,0.9247956729004984,0.9284532218350212,0.9649786408441986,0.4887460399194422,0.7570723672139382,0.004193347155147475,0.3426629159039612,0.6563048681295072,0.1620094688526493,0.48094115693658146,0.09316744113273502,0.49758457213003676,0.22440391908208412,6.0
2021-04-18 19:06:49.820,0.3544429774206167,0.7197213406884375,0.9179321523733673,0.8861083616301726,0.9273225974402454,0.5211706011120705,0.6882573616719555,0.011715564611295849,0.3802296720824801,0.7334503949231023,0.12299464001071748,0.5866666810467893,0.09316744113273502,0.4782609018273459,0.21739128561497664,6.0
2021-04-18 19:06:49.840,0.4200651875947061,0.551387793465866,0.8534090959811079,0.8616999767027158,0.8756667009631535,0.5369089703683226,0.6095936314396727,0.027076367887689308,0.42904993177817413,0.7535887770324221,0.09859153210356705,0.7021176489439488,0.08695634199302184,0.45893723152465427,0.1935483864018459,6.0
2021-04-18 19:06:49.860,0.48563745819095033,0.5351914960899993,0.723337097139561,0.8437301031111015,0.8201272292091819,0.5466206926586605,0.521598898427375,0.05001552814454512,0.4793586218094265,0.7125890887734441,0.07554415583841528,0.7585882360916706,0.07453382570124974,0.43961356122196404,0.1823281900886954,6.0
2021-04-18 19:06:49.880,0.5943780630130819,0.7056677746704692,0.5890271466613978,0.8294918843194037,0.770438658505407,0.5525645161417871,0.44101566774769857,0.07607288586062658,0.522618804802778,0.6953423605600937,0.05219551409488491,0.7993725490316919,0.09316744113273502,0.42028989091927316,0.17812067032820636,6.0
2021-04-18 19:06:49.900,0.6480070764036757,0.6463646934281428,0.5437287210318329,0.8173969278631221,0.7242972839138998,0.5562740933261197,0.3687949643583046,0.1048416988107338,0.5616419093207462,0.7553444303804969,0.028846860021589517,0.8398431185124061,0.06832304457388316,0.39371981333520006,0.168302908792629,6.0
2021-04-18 19:06:49.920,0.6689326520154651,0.47713349839252167,0.5502260009268175,0.8084575633022709,0.669428308903079,0.5568717812253968,0.3043069850926415,0.1446176889416689,0.6084841155937327,0.8656408029479666,0.03637869425729418,0.8793725603303596,0.09937885828479393,0.3357488024271274,0.1402524898190094,6.0
