2021-04-22 01:54:15.600,0.0,0.8023909217003358,0.34238626117842563,0.22888085460034252,0.6979179912223912,0.7388715738778332,0.5414621045819946,0.20575869699088703,0.6540914667136813,0.9731508332290892,0.5112219603314448,0.6114754057336097,0.8888875456799633,0.08398948156047886,0.01515157924946215,2.0
2021-04-22 01:54:15.620,0.8755258704993398,0.955316988209652,0.5433787233122592,0.20472225503691543,0.6524180763085305,0.7595011377916056,0.5532771897956852,0.24491332831885873,0.6804546436848159,0.9740721282412372,0.6686409115219029,0.5889344209364602,0.9305543604946762,0.08136497824067736,0.014141439488051404,2.0
2021-04-22 01:54:15.640,0.3461429705535417,0.8330078411444141,0.43534615032584,0.18219225898999492,0.6160586007802852,0.7813800536811739,0.5415794954056466,0.2776434619242423,0.7053912944544158,0.9749934232533851,0.8260598627123609,0.5663934361393107,0.9583317629640757,0.08661425364662068,0.008080807788266513,2.0
2021-04-22 01:54:15.660,0.35979823752531226,0.818045951830469,0.47925273523468465,0.16376448332273302,0.5700845429767492,0.795177060719619,0.5500067327513886,0.3412984096815857,0.7406152199459147,0.9534087966081267,0.37157107873287115,0.6098360608114022,0.9305543604946762,0.07349093074858916,0.01515157924946215,2.0
2021-04-22 01:54:15.680,0.3734535044970828,0.803084062516524,0.5231593201435292,0.1459420164618264,0.5282877101291512,0.8141908031446419,0.527419634409294,0.3632224743905129,0.7565417865300148,0.9457752100109782,0.8216957726241334,0.5360655648066807,0.9027769580252727,0.08661425364662068,0.005050543655544004,2.0
2021-04-22 01:54:15.700,1.0,0.8733060728644007,0.5406825253927843,0.12480017087026592,0.48303481648388935,0.8391158861293317,0.5048325360671994,0.3851465390994402,0.7724683531141147,0.9792050575946332,0.6633416595270594,0.6229508154926855,0.8749995555558692,0.08661425364662068,0.011111123638158884,2.0
2021-04-22 01:54:15.720,0.17761011105000615,0.721687579994941,0.6096709160591783,0.10322645838913272,0.4210840680183002,0.8619948211668981,0.49304194930676287,0.45248821459642546,0.8047741638466677,0.9702553346194813,0.5635910371037056,0.6180327827387959,0.9444437728399816,0.08661425364662068,0.014141439488051404,2.0
2021-04-22 01:54:15.740,0.48048816034597625,0.7438841610874759,0.05883987235860277,0.09093449345666783,0.37834246794729515,0.870622996884888,0.4810337586380106,0.5213570590391581,0.8344500661351162,0.9755198797005855,0.7730673441927485,0.6081967172310166,0.8611101432105638,0.09448830113870887,0.010101087311088008,2.0
2021-04-22 01:54:15.760,0.825271183313747,0.8029425860719952,0.7937963050733438,0.07863826714309152,0.33372636302274533,0.8832157621776553,0.46409619095743077,0.5724598323961227,0.8554172514739496,0.9626217473759697,0.5486284437402025,0.6704917987802852,0.9166663703705822,0.08923902573276403,0.001010139761410747,2.0
2021-04-22 01:54:15.780,0.04643804276180367,0.6300776129044144,0.20909024033930718,0.06871610441880761,0.3023819015921419,0.8994830653826297,0.4171125961593112,0.609298059630328,0.8742941716467278,0.9942090027807841,0.7406483919051585,0.6409836022569474,0.9444437728399816,0.08923902573276403,0.01515157924946215,2.0
2021-04-22 01:54:15.800,0.9233000490062477,0.7560156411898167,0.27925738269783307,0.05766080710706472,0.25498136062465127,0.9070091447249525,0.4143912215067136,0.6664234452669688,0.8923195987842628,0.9589365672196506,0.8291770795117633,0.6655737660263955,0.9513877679020287,0.0866142536466222,0.012121263399569631,2.0
2021-04-22 01:54:15.820,0.5253679651487647,0.6660692724825436,0.7253732518481184,0.04828221133515515,0.21469885833112382,0.9196835445429186,0.3800811953677288,0.716264252296247,0.9108230835118596,0.9291918976377704,0.7543641024883697,0.6918032740471403,0.9027769580252727,0.08923902573276403,0.007070771461195636,2.0
2021-04-22 01:54:15.840,0.216719562298917,0.5771244069833295,0.0,0.043167420103550826,0.1941598122983225,0.9366337854378316,0.3106853203077652,0.742118960606083,0.9256686794741463,0.9057646837691238,0.6795511356708543,0.6999999953036229,0.8888875456799633,0.09448830113870887,0.01515157924946215,2.0
2021-04-22 01:54:15.860,0.4805206220315006,0.5578202690853846,0.4501066408966104,0.03593155792091442,0.16163518992151366,0.9468243514774103,0.27674193513801043,0.7836524655989493,0.9397523915028584,0.8841800556156841,0.6097256999745067,0.7049180280575125,0.8749995555558692,0.1049871207169389,0.007070771461195636,2.0
2021-04-22 01:54:15.880,0.49340102036907485,0.6310190459225506,0.27908121872308417,0.029189689858906034,0.13001739960866676,0.9558154078783646,0.2457763513721497,0.8247028384736595,0.952593494111729,0.9007633679888919,0.5910224582701278,0.6590163890212094,0.9027769580252727,0.1259842223407183,0.021212159232077032,2.0
2021-04-22 01:54:15.900,0.5924225245570615,0.6077793729646255,0.3443663335275721,0.02284450079513663,0.09629998676696751,0.9635852550905906,0.21968809261037875,0.8691860751979753,0.9650025235777253,0.9270860804671465,0.5947631066110036,0.6475409779203115,0.8472221530864698,0.1286089944268601,0.017171755337943774,2.0
2021-04-22 01:54:15.920,0.6102682508644341,0.4838873670187185,0.34678190040388374,0.017039343590193576,0.06210957281864742,0.971246271411961,0.19227907900111335,0.9150097754968083,0.9770682067061331,0.9023427351759485,0.5760598649066248,0.6819672085393609,0.8194433283958549,0.1259842223407183,0.01818189509935452,2.0
2021-04-22 01:54:15.940,0.6381159519518621,0.44965117175078373,0.3507715536051227,0.011820530192885622,0.031602294685677955,0.9783103759639369,0.1648973595509439,0.956481748708083,0.98756746363752,0.8265333127243985,0.5635910371037056,0.7622950822201796,0.9444437728399816,0.17060373520709954,0.0333333709144768,2.0
2021-04-22 01:54:15.960,0.6465132693331409,0.5036323946907766,0.32356041849245853,0.007156726482623366,0.009136314985602023,0.9847943847621428,0.1367014556231559,0.9873616874994124,0.9956102253781294,0.6213477295390142,0.4763092373803319,0.8729508272336285,0.8749995555558692,0.18635183019127594,0.028282878976102658,2.0
2021-04-22 01:54:15.980,0.6515246204657663,0.5740111959436724,0.28743861399354736,0.0033203718177302523,0.0,0.9903071986228342,0.10909250581362705,1.0,1.0,0.4264280632331187,0.34788029570144624,0.8983606765469454,0.9583317629640757,0.2598427609398651,0.042424318464154065,2.0
2021-04-22 01:54:16.000,0.6402381140035903,0.6445954401631446,0.2593859057286351,0.0009158634395585486,0.007761514981137477,0.9941812194542962,0.0855228609766386,0.9892605408023383,0.9997743141871703,0.36930776924812825,0.3273067400325079,0.9491803382734727,0.9722211753093851,0.3228346033438824,0.05858593404068709,2.0
2021-04-22 01:54:16.020,0.6375490888052207,0.5661725570587498,0.28378402464019137,7.966929903913337e-05,0.03095520661578003,0.996855147651545,0.06427817699688622,0.9573673843577089,0.9953580706738169,0.3121874752631378,0.3067331843635696,1.0,0.9444437728399816,0.39895030617861493,0.07474754961722012,2.0
2021-04-22 01:54:16.040,0.6630454146575794,0.4179260687752314,0.3260394673866039,0.0,0.06645340489377075,0.9990035545392487,0.03275031049627855,0.8782308421373478,0.9816566555670513,0.17004482701874452,0.1845386412773261,0.9967213316247377,0.9027769580252727,0.4671916927549189,0.09090916519375314,2.0
2021-04-22 01:54:16.060,0.7030223612469338,0.39188176073852704,0.3336470523765247,0.0002908707580174411,0.11281208047482699,1.0,0.021489265008357655,0.825860997893746,0.9707879212700888,0.13233752160954115,0.14650871647842245,0.9450819843543415,0.9027769580252727,0.5485564022292544,0.10808081709735705,2.0
2021-04-22 01:54:16.080,0.7237129090293462,0.40942930397324145,0.31755227275204834,0.0016612494013685793,0.1695409656963398,0.9990097403495887,0.010228219520436763,0.7734911536501442,0.9599191869731264,0.09463021620033782,0.1084787916795188,0.8934426370839454,0.9166663703705822,0.6351706558758766,0.1484848560386896,2.0
2021-04-22 01:54:16.100,0.7420667999624859,0.33193414379854386,0.3203837137745078,0.006358284473202115,0.267789288737431,0.9937401151488973,0.002866693712958985,0.6918557220176975,0.9399221285212571,0.09923669664743863,0.09351615749250226,0.7327868803295536,0.8749995555558692,0.7034120424521806,0.1737374191648999,2.0
2021-04-22 01:54:16.120,0.7565568641989769,0.2497866693049211,0.34125913905199656,0.013767744205670415,0.3673508254031258,0.9853078978768292,0.0,0.5722089417251827,0.9055741867919755,0.1268755362391558,0.076059818980172,0.6606557332725059,0.8472221530864698,0.7664041536225398,0.19595962506748196,2.0
2021-04-22 01:54:16.140,0.7628623391170687,0.19277567308994206,0.33965531042986363,0.02017219240572969,0.4304609497029884,0.9776964361805216,0.004533885511176668,0.4637124150738329,0.8692853680794159,0.16451702031860288,0.076059818980172,0.6360655695030578,0.9027769580252727,0.8215222173008108,0.23434346723346475,2.0
2021-04-22 01:54:16.160,0.7744834970470764,0.18140566546797673,0.34575506684650065,0.02693544148427089,0.4884399475590694,0.9690988033742967,0.010669969865173056,0.4022859216711716,0.8455534860181303,0.1708345106122729,0.08852864678309132,0.5934426176275257,0.8680548493832144,0.8805773047251265,0.2909091217513304,2.0
2021-04-22 01:54:16.180,0.7878210503628356,0.1910350440122228,0.3482075961368644,0.03491293961333935,0.5443440925880735,0.9589173154088891,0.01921090885572399,0.34585394614270437,0.8213586504405732,0.14872341308436682,0.044887749472874036,0.5278688489174862,0.736109698766433,0.9422571642355857,0.33636366297447107,2.0
2021-04-22 01:54:16.200,0.7884725681695397,0.19794475147940946,0.3170796782847959,0.04566740565191049,0.6022602923761539,0.9454524265718759,0.03268257947845845,0.29039441573612534,0.7946547600162942,0.17425646566908104,0.0,0.5016393408967414,0.7638885234570478,0.9580052592197605,0.3707071012463207,2.0
2021-04-22 01:54:16.220,0.7742214996528174,0.14357219302568947,0.3184411768645599,0.058044583384408134,0.6569430557605135,0.9299110967312262,0.04792006979004072,0.2409287884613863,0.7679362136687681,0.22821801989359747,0.0,0.4590163823120991,0.7187497111113134,0.9717847751393287,0.39343436927203257,2.0
2021-04-22 01:54:16.240,0.750765540990666,0.1039826374439882,0.318009413877149,0.07136284452154623,0.7048261049261809,0.9132981377129618,0.06380273407349793,0.19999235701528265,0.7431188479696477,0.28112664829644707,0.029925166315249357,0.40491804348846605,0.6736108987655829,0.9855642910588961,0.4161616372977444,2.0
2021-04-22 01:54:16.260,0.7643378124368435,0.09148050260038237,0.3058063345353629,0.0857901245346016,0.7456318933841198,0.8953644211163091,0.08207739851097821,0.16690042846964476,0.7203590674586589,0.3111345386687492,0.051122163374333694,0.35573770253134934,0.5138876345687903,0.9921259525079118,0.46161618369260204,2.0
2021-04-22 01:54:16.280,0.783920269741306,0.08932094801865287,0.29381778939055775,0.10198504766595633,0.7815321624091791,0.875438744876822,0.10324247692850952,0.13917798441875487,0.6986124572938791,0.29823640203504465,0.03865333557141437,0.33606557151579086,0.541666459259405,1.0,0.488888922907294,2.0
2021-04-22 01:54:16.300,0.7761568644631615,0.08515871935501577,0.2858410813133044,0.12142017677246404,0.8171209576772945,0.8521913793411394,0.12563925111052932,0.11300193399909703,0.6755985124034836,0.2613846230945694,0.021196997059084226,0.3262295194262321,0.5833318518529027,0.9816271329296817,0.5232323404922757,2.0
2021-04-22 01:54:16.320,0.7602759166215719,0.08043871928792384,0.2748207125797824,0.14595405949540205,0.8544757884087721,0.8238766615743389,0.14859372537545176,0.0869465174151885,0.6498588878973403,0.2311135120395723,0.03491267702466019,0.3262295194262321,0.5555558716047145,0.9921259525079118,0.5626262810459335,2.0
2021-04-22 01:54:16.340,0.7616316482610709,0.05930418019502612,0.24551506832884792,0.17712286073109884,0.8926813407226737,0.7890457112531422,0.17194954194809625,0.06182185694561984,0.6212094919349498,0.21031858256147135,0.06483789436930151,0.2868852573951151,0.5138876345687903,0.9737533542039354,0.5898990099171915,2.0
2021-04-22 01:54:16.360,0.7868531318426569,0.010238706547751235,0.22045394557014755,0.2162737994429522,0.9283726867504443,0.7462947431416455,0.19766672119734144,0.0397614237844696,0.5902668956361159,0.17846808277397413,0.08728179462043445,0.24426229344318456,0.4166660148152783,0.9422571642355857,0.6292929504708491,2.0
2021-04-22 01:54:16.380,0.7882999059062435,0.030712841098548754,0.21988806719324044,0.26428389009698017,0.9591360505113641,0.694731296992331,0.22561343262297046,0.021852840659348914,0.5572738285390305,0.10871287822433492,0.08104737051309659,0.20000001207639848,0.4444434172846778,0.9028871955414881,0.6666666839057233,2.0
2021-04-22 01:54:16.400,0.7710547736179953,0.06426024548215473,0.21748269099613474,0.32557729856303264,0.9846052691703453,0.6299577765066118,0.255589221233945,0.007808376689936636,0.5198833052396628,0.011055527218509567,0.06359099628019206,0.15000001241185393,0.3749992000005694,0.8425195876909305,0.7121212251288639,2.0
2021-04-22 01:54:16.420,0.7610086326728572,0.07846495619874172,0.20581703131037826,0.4018025864434128,1.0,0.550239716807697,0.3037248341800575,0.0,0.4546863732558769,0.0,0.09725684665689154,0.1114753956699443,0.3055549827164569,0.7795274765205713,0.7505050621231298,2.0
2021-04-22 01:54:16.440,0.7651479235749111,0.023026732156508724,0.1969927099374122,0.4859973981118599,0.9987142124704009,0.46273419888694634,0.3289259246897948,0.005610965300231121,0.42129140370091406,0.011581995515703868,0.09071071716329814,0.058606550274741064,0.3333338074070718,0.7034120424521806,0.7919192025551675,2.0
2021-04-22 01:54:16.460,0.7805845822294454,0.0,0.20645039371274246,0.5642970522062912,0.9782944711159529,0.3813716373448531,0.35412701519953216,0.01122193060046262,0.3878964341459512,0.02316399103140754,0.08416458766970474,0.005737704879537894,0.25000017777765393,0.6404199312818215,0.831313140005795,2.0
2021-04-22 01:54:16.480,0.7623744957926398,0.022950926618882116,0.20359190361126592,0.6314979206683506,0.9414237330979117,0.31148102829004265,0.39095389713900724,0.032037661286745955,0.34525363829268263,0.04632793897192805,0.10349128097010786,0.0,0.16666654814823206,0.5643044972134308,0.8565656648612996,2.0
