2021-04-19 17:02:50.380,0.3803585046005322,0.47841046832463696,0.08159680113648483,0.32188877924438414,0.669957697829137,0.07377347766048616,0.906354213692358,0.3142867816340742,0.9010451572141829,0.6948658151075857,0.4298897550204211,0.40870615413048716,0.06797506969351738,0.1204816006968138,0.07569722058253002,3.0
2021-04-19 17:02:50.400,1.0,0.6422876875527409,0.3000295301265854,0.3165755809473113,0.6828505091386166,0.07050309057276205,0.9063340420251048,0.29433662841662067,0.8971245256863294,0.6977829680240687,0.45053333155943404,0.3967150215109161,0.06510291886072198,0.14457890782398067,0.04382471094744486,3.0
2021-04-19 17:02:50.420,0.7057147991548228,0.6126638173496113,0.7720246960410313,0.3112623826502385,0.6957433204480961,0.06723270348503796,0.9102243756316556,0.2895707263106849,0.8947050473282404,0.7007001209405516,0.471176908098447,0.3847238888913449,0.06366676991632156,0.13253025426039722,0.07171316707734773,3.0
2021-04-19 17:02:50.440,0.25110742548213794,0.4750808804992463,0.2950293062899356,0.321052988262724,0.71801380091183,0.07282451912531394,0.9069889526915998,0.2791261072188149,0.8937914044642137,0.7193698985554442,0.4363614693379464,0.40064488836803863,0.07228336947071277,0.13253025426039722,0.047808764452627744,3.0
2021-04-19 17:02:50.460,0.8254218287833144,0.6493121414721232,0.37758608464735666,0.31542499651157563,0.7201912710401385,0.06920731536506158,0.903753529751544,0.26868148812694487,0.8928777616001868,0.7211201901620706,0.44606904473806697,0.3817009139417538,0.06510291886072198,0.1807224010452242,0.03984065744226257,3.0
2021-04-19 17:02:50.480,0.6082175194138323,0.5708234271335423,0.4967189654415472,0.3097970047604272,0.722368741168447,0.06559011160480922,0.9121170456608967,0.26442576239568505,0.8888110068703687,0.7196616133456707,0.4687200522065917,0.39117290181472003,0.05792246825073116,0.16867498121639415,0.05577687146299292,3.0
2021-04-19 17:02:50.500,0.39101321004435013,0.49233471279496127,0.6158518462357376,0.7340454879559934,0.6878321444072705,0.07280651681514079,0.909040912440529,0.36450733383835,0.9096499166014455,0.7187864675423575,0.4374400887178534,0.39419587638491244,0.05935861719513158,0.16867498121639415,0.05577687146299292,3.0
2021-04-19 17:02:50.520,0.6609282404395795,0.6393630597591595,0.2231924851531842,0.7408754453176685,0.7208316562973743,0.07107300428323902,0.8999162173263325,0.2325793842108167,0.8867466221134455,0.7584597439592222,0.44606904473806697,0.3909713701789066,0.05935861719513158,0.19277105460880062,0.06374501927017032,3.0
2021-04-19 17:02:50.540,0.5770598208969278,0.6150813132835687,0.38326576006534846,0.7477054026793436,0.7538311681874781,0.06933949175133725,0.9069470941802614,0.2338101518771143,0.8843661978083855,0.7502917212370782,0.4620086422411362,0.39701731925330913,0.052178166585140774,0.15662509391805732,0.07171316707734773,3.0
2021-04-19 17:02:50.560,0.493191401354276,0.5907995668079778,0.5433390349775128,0.7542027341736943,0.7487492026519609,0.07254659855176013,0.9033402127298665,0.23874587737957018,0.8867716291935822,0.7263710666533557,0.4440016906813391,0.40004029382350154,0.05397320570963587,0.1626500375672222,0.05776893901239644,3.0
2021-04-19 17:02:50.580,0.5753449153908545,0.5939491179420955,0.3040341254989012,0.7527296551568881,0.7632461650086172,0.07020599960020704,0.9076942945277826,0.22481148211801577,0.8820635867963726,0.7024504120696334,0.4259947391215422,0.40306326839369394,0.05576824483413096,0.16867498121638713,0.04382471094744486,3.0
2021-04-19 17:02:50.600,0.6574984294274331,0.5970986690762132,0.06472921602028964,0.7512565761400817,0.7777431273652732,0.06786540064865398,0.9120483763256988,0.2108770868564614,0.8773555443991632,0.7088681484858959,0.42365772997459805,0.3998387621546969,0.06079461908352657,0.15662509391805732,0.07171316707734773,3.0
2021-04-19 17:02:50.620,0.7908223768075247,0.6493468020583176,0.6372016349822843,0.7453417383479889,0.7769181870717978,0.06001545788500656,0.9156836238078772,0.2118227464061709,0.8760852818430888,0.7183488946645782,0.4359120450867976,0.39953646461849884,0.05361416847353576,0.16867498121639415,0.08764938109807809,3.0
2021-04-19 17:02:50.640,0.7835562807244244,0.6509764050088827,0.49350417297153,0.7435559842686867,0.7762816593502073,0.05855975228905767,0.9193188712900555,0.21276840595588042,0.8748150192870142,0.7278296408432605,0.44816636019899714,0.3992341670823007,0.05505017036193076,0.2409632013936276,0.11155378372279806,3.0
2021-04-19 17:02:50.660,0.6180924999458786,0.6016571190250146,0.4190326799936532,0.7417702301893847,0.7756451316286171,0.057104046693108805,0.9206525391445435,0.21159178856422184,0.8739961327932143,0.7217036197425236,0.4465484307367535,0.3974203828548479,0.05648631930633117,0.16867498121639415,0.08764938109807809,3.0
2021-04-19 17:02:50.680,0.6058944663510738,0.6045576711689461,0.384676960725531,0.7422177331399052,0.7802111718032599,0.05645488529103434,0.9211536403478436,0.20826034615923228,0.8730467655289922,0.7182030370068154,0.44666827772690415,0.3962111928420202,0.05648631930633117,0.10843541460273715,0.08366532759289579,3.0
2021-04-19 17:02:50.700,0.6214673698179776,0.6022238339520259,0.3948085967698111,0.7425681227850565,0.783719125435086,0.055766304855116286,0.9218463543760584,0.20487125080143184,0.8719995897127787,0.7147024537935627,0.4463087379336019,0.3978234457965627,0.04786971975193995,0.1204816006968138,0.06374501927017032,3.0
2021-04-19 17:02:50.720,0.6250847962059927,0.6190412431435789,0.39646221851558683,0.7425028842349233,0.7869106466770469,0.05501616983778997,0.922617553363227,0.2017893742161787,0.8709829357142077,0.716452745400189,0.44618889133583445,0.3986295726697283,0.04715171880774246,0.08433810747557026,0.05378488550721385,3.0
2021-04-19 17:02:50.740,0.6242694108371925,0.6209121701966491,0.3927002564708149,0.7422479792580124,0.7899957136712231,0.054262863538577635,0.923595352816151,0.19709079979913283,0.8695099111741115,0.7187864675423575,0.447986590302346,0.3998387621546969,0.04966490593244047,0.09638614417178051,0.0547808988835095,3.0
2021-04-19 17:02:50.760,0.6164007970879094,0.6115891011492582,0.38409784406984787,0.7420360005025695,0.7935648384320988,0.053821452812858314,0.9226826439188012,0.19321583495832406,0.8690313429470277,0.734830807269766,0.4666826595736853,0.3732365862273261,0.05217809305713806,0.10843418086798375,0.05577691225980515,3.0
2021-04-19 17:02:50.780,0.5811464782498031,0.6090135980455702,0.3773965368638131,0.7457049011614792,0.7957987750985064,0.05473432744563708,0.9184378510051243,0.19349006076228598,0.8708913702612798,0.7304550782532001,0.4923298324572559,0.3643691942515358,0.04930586869634036,0.024097307127166876,0.05577687146299292,3.0
2021-04-19 17:02:50.800,0.5405264445747094,0.6293478086129708,0.37191629444734575,0.75332108309711,0.7955141645160428,0.058434240880212554,0.9117205457009637,0.19802676342720954,0.8746559589964351,0.6855309251062781,0.5085091182510694,0.39218055999378715,0.05648631930633117,0.048192146784826966,0.01992030832272546,3.0
2021-04-19 17:02:50.820,0.5344995965588434,0.7657628185913014,0.34350777715428427,0.7607962017911368,0.7908097109258939,0.06437828022863251,0.9030969437838492,0.19857569524101157,0.8781317003482633,0.5676779636123925,0.5292425826077104,0.46110438604021325,0.06079461908352657,0.1204816006968138,0.04382471094744486,3.0
2021-04-19 17:02:50.840,0.5368985911401841,0.8171564909170893,0.26743607518097257,0.7630120789361701,0.7902407644816067,0.0718536364613695,0.891153243159349,0.1884341143058063,0.880195252691978,0.38098017313712895,0.5571668457732721,0.5457476697827286,0.07371951841511278,0.1807224010452242,0.059761006561799966,3.0
2021-04-19 17:02:50.860,0.5392975857215249,0.8685501632428775,0.1913643732076609,0.8796953788738338,0.805820675598949,0.08753981676544681,0.8779227110579879,0.17869853331707225,0.8823817247194723,0.1732788642805658,0.6100191924458376,0.6045949074402459,0.09956917002228058,0.36144603582519474,0.06374501927017032,3.0
2021-04-19 17:02:50.880,0.5175959489001157,0.8070861716125881,0.06675434322691323,1.0,0.908380758319165,0.1189131319294491,0.8461793841429464,0.08577078657652254,0.8692043461588477,0.16744460667960206,0.6730585244525885,0.6936718805724184,0.1325992722394388,0.5301210170415819,0.07569722058253002,3.0
2021-04-19 17:02:50.900,0.45337926474294205,0.9300045727072352,0.06802465551854026,0.9670726333211777,0.9679142776368451,0.15743878606712103,0.8011645613101114,0.029859568734162647,0.8632926862880642,0.33430574939554186,0.7283077932709214,0.7758968143772442,0.18573472439817443,0.7228920716503825,0.11952189073316324,3.0
2021-04-19 17:02:50.920,0.4447492685198828,1.0,0.07237678971550965,0.9134550140248691,0.9959195285555738,0.20735367372393168,0.7440336815843519,0.0037866493302927697,0.859637143683214,0.5536756259839356,0.780081527430287,0.8577186618166098,0.24317862339011087,0.746988145042796,0.09960154161362585,3.0
2021-04-19 17:02:50.940,0.4951315634327409,0.9528419745936377,0.043266435456574256,0.8464690758500096,1.0,0.26661324113782636,0.6766987924452972,0.0,0.8518456173167107,0.7082847177593359,0.8306567759928154,0.9540507936327796,0.3049306751032373,0.8554223259107727,0.08366532759289579,3.0
2021-04-19 17:02:50.960,0.5429500584196246,0.8807219064657809,0.0,0.7708298628821085,0.9891997243544679,0.33485320189004175,0.5997321135336532,0.010029184512258774,0.8325558285665345,0.8156359364423507,0.872363417520795,0.9951632275440019,0.4155097321418985,0.7951815255623693,0.04980079120521903,3.0
2021-04-19 17:02:50.980,0.49413870515040603,0.6907933316865028,0.02664038364540557,0.6934028716716164,0.9558297287886881,0.4065730313976991,0.519541261619735,0.0411560448068806,0.8011626130301523,0.9364060668504623,0.9189836881377148,1.0,0.5375776866237514,0.759035564871626,0.059761006561799966,3.0
2021-04-19 17:02:51.000,0.40446976230075166,0.508571284045512,0.08093665988789456,0.62500248541659,0.8928873842032475,0.48097710789028675,0.4573954972531345,0.0918298831129461,0.7636074621867052,0.9859976528206515,0.9678811157221594,0.994357087804272,0.5835326881724962,0.7289151646974208,0.10159364995984159,3.0
2021-04-19 17:02:51.020,0.34496481686251623,0.4868147919785627,0.14937386069798275,0.5674482640498768,0.8047643747402888,0.5579102076904221,0.39524973288653403,0.14250372141901135,0.7260523113432579,0.977246198369104,0.9801354310795984,0.9671503252172586,0.629487689721241,0.6987947645232157,0.14342629335788323,3.0
2021-04-19 17:02:51.040,0.24252252555214893,0.4975310090790962,0.24556021282522292,0.5187313534717665,0.700065820775872,0.6335889386533491,0.2743069250914909,0.28622069711346126,0.6176644187193822,0.9684947439175565,0.9923897464370376,0.9399435626302451,0.7027286388775591,0.6385539641748122,0.20318725912287097,3.0
2021-04-19 17:02:51.060,0.1467550909355736,0.2577309311449604,0.38316554133233155,0.48435547693053893,0.5974327081523374,0.704855116287207,0.20491216245693167,0.3874542542109642,0.5269672282619453,0.9585764367519546,1.0,0.8041112433911222,0.7860220424206575,0.4939775238203384,0.2709163318982239,3.0
2021-04-19 17:02:51.080,0.10804490881220989,0.06643880805033282,0.553462961283806,0.47103823560228586,0.5266378174892059,0.7536264903307087,0.145956043475143,0.48326541127197153,0.426973591598472,0.9947491347310121,0.9835810170868192,0.6993147597769559,0.8420296454121885,0.3132526553056144,0.3665338608034794,3.0
2021-04-19 17:02:51.100,0.12026381835879002,0.1900646049157635,0.6271369079672917,0.457720994274033,0.45584292682607436,0.8023978643742103,0.09771661610486218,0.5758204052612769,0.32386832499409457,1.0,0.9466682787078623,0.61829905207732,0.8966012465153241,0.20481970817238404,0.5139441668697327,3.0
2021-04-19 17:02:51.120,0.05455601400557689,0.14597057777030525,0.6520049042826142,0.4544287112979222,0.32865349776493014,0.8884588912543128,0.060062650420330835,0.6589270096245263,0.22242927216193803,0.9568261260435452,0.8867449503953998,0.5445384832669672,0.9475824752574592,0.2409638182610078,0.6633466220790145,3.0
2021-04-19 17:02:51.140,0.0,0.26000039085471743,0.7936853971367225,0.4514311581297719,0.25648443156991607,0.9343906809979009,0.0330608782518948,0.7331198347413842,0.13317566656412572,0.6674445804146504,0.7951821810917377,0.5102781018795676,0.979894650058423,0.26506050852079444,0.8406374518245742,3.0
2021-04-19 17:02:51.160,0.11943503525459877,0.4920431677673809,0.9515687942389361,0.41082289445569153,0.21488839577042856,0.9567885464292053,0.015509726342411248,0.7956062856972163,0.06450268675236581,0.22053677108759834,0.6858820898135836,0.4953647608293748,0.9885112496128138,0.2891565819132009,0.8844621219752071,3.0
2021-04-19 17:02:51.180,0.20755861456688451,0.41542040782601497,0.9699222203998239,0.3702146307816112,0.17329235997094095,0.9791864118605096,0.005384862401087431,0.8428153256011242,0.020166736065264198,0.0,0.5559683734193699,0.45022167275761027,0.9956917002228046,0.3734934556540248,0.9561752890525549,3.0
2021-04-19 17:02:51.200,0.2956821938791703,0.33879764788464906,0.9882756465607115,0.2133750139731249,0.11800801346369225,0.9996587277853026,0.0,0.8896249048327285,0.0,0.07526255341127155,0.5004494378619428,0.4016525485265771,1.0,0.33734996243278126,0.9840637451824574,3.0
2021-04-19 17:02:51.220,0.49740469740441995,0.24637832273352514,1.0,0.10173514487851021,0.09315994370699379,1.0,0.0004837757466873096,0.9062468146637644,0.008006288974280098,0.1505251068225431,0.44493050230451586,0.35308342429554407,0.9985638510556,0.39759076278118466,1.0,3.0
2021-04-19 17:02:51.240,0.6565336512380987,0.29838283677593297,0.9681813942338815,0.0,0.0737172772519841,0.9926624571070911,0.0009675514933747615,0.9228687244948005,0.016012577948560258,0.37514588688349076,0.3799137149227765,0.2785167107967828,0.9928195493900092,0.4337342560024282,0.9840637451824574,3.0
2021-04-19 17:02:51.260,0.7354834557598765,0.4116213301845563,0.9362167738665387,0.46940959033024343,0.35322638901445275,0.9896257432824058,0.01777060235576726,0.6337763679811996,0.014952749451578394,0.6388564841730863,0.34096358536273136,0.25554210761317253,0.9885112496128138,0.5421672031356586,0.9482071412453774,3.0
2021-04-19 17:02:51.280,0.7921154629883986,0.22960742061483747,0.8914857756034247,0.36993822779459956,0.14028451488810728,0.9658354208296349,0.013666134431948697,0.8534869973312559,0.07152853170264212,0.8617269439747328,0.2993768071088074,0.23901651017735343,0.9727141994484322,0.5301210170415819,0.8964142824907546,3.0
2021-04-19 17:02:51.300,0.8037105572952649,0.13729912041942105,0.8395629686690398,0.30267510954015564,0.04828116796655699,0.935344539163587,0.02930996493252322,0.9567690844585393,0.16804720393328196,0.9422403769813292,0.258748817332353,0.20636838517558015,0.9569171492840506,0.5301210170415819,0.8286852505122142,3.0
2021-04-19 17:02:51.320,0.6742612457514672,0.11576449638583285,0.7574973658415682,0.28861092985543174,0.03428873006423862,0.9061850884845787,0.04136192564219863,0.9675645363156755,0.21658147225779506,0.94399066381251,0.22555131073173101,0.17251106705980732,0.9339396485096781,0.5542170904339954,0.7529880299296838,3.0
2021-04-19 17:02:51.340,0.5379913947966495,0.11594163218317767,0.6446188500094389,0.29032512161929197,0.02065493995671363,0.8732860727764796,0.0534138863518739,0.9783599881728117,0.26511574058230825,0.910151683200175,0.1952301107060299,0.16283754524164434,0.9181425983452965,0.5903618173899853,0.6454183405088806,3.0
2021-04-19 17:02:51.360,0.5000070137178401,0.16905372254146436,0.6132187453289576,0.30098475637061306,0.010752570406492893,0.8378882877900257,0.07456951784623297,0.9887317572081904,0.3349411548604886,0.8010501730537974,0.1524448664744316,0.16444980162727071,0.8865486450725384,0.6626512713019721,0.5577689186139904,3.0
2021-04-19 17:02:51.380,0.4620226326390306,0.22216581289975107,0.5818186406484762,0.3145493725556803,0.001010628552352501,0.8001478557324673,0.09972209375132822,0.9989400867604908,0.40688708629294773,0.5886814581164633,0.0992329888371869,0.15114871036446625,0.8599808822291692,0.7078318715632799,0.49302788596752434,3.0
2021-04-19 17:02:51.400,0.3355953641784187,0.19934795374921654,0.5672783401075855,0.3194711977175665,0.0,0.7346750551300928,0.1502209680249812,1.0,0.5235711627277182,0.5396732955186475,0.07403523258272045,0.13311163060872508,0.8334131193858,0.7530124718245877,0.42828685332105837,3.0
2021-04-19 17:02:51.420,0.26478361619052765,0.09081084568864116,0.5133652293681075,0.31613390619108767,0.03205412491094185,0.6611292173688572,0.19544788358939238,0.9759607595529368,0.6016075321094146,0.49066513292083175,0.04883747632825405,0.11507455085298393,0.7644806905906855,0.8313250187836129,0.32669324415802903,3.0
2021-04-19 17:02:51.440,0.25783949746722185,0.09902622550928086,0.4921457925529095,0.32911432455072975,0.04842293093889673,0.6256665573514055,0.2406747991538036,0.9519215191058736,0.679643901491111,0.5114741537633525,0.03279800922176942,0.09754130110319831,0.736237494173519,0.8594376184642407,0.29050466296005856,3.0
2021-04-19 17:02:51.460,0.2508953787439161,0.10724160532992057,0.4709263557377116,0.3420947429103718,0.06479173696685162,0.590203897333954,0.32243899707927554,0.918038785522612,0.7859302837289671,0.5322831746058729,0.016758542115284696,0.08000805135341266,0.707994297756352,0.8875502181448687,0.2543160817620881,3.0
2021-04-19 17:02:51.480,0.22913703526762996,0.1553046846183887,0.446428294194542,0.3550751612700139,0.08116054299480649,0.5547412373165023,0.35343475135764046,0.9039531324712179,0.8167398388707003,0.5530921954483936,0.0007190750088000658,0.062474801603627034,0.6797511013391851,0.9156628178254965,0.2181275005641179,3.0
2021-04-19 17:02:51.500,0.20737869179134386,0.20336776390685685,0.4219302326513724,0.3922502046226152,0.10489763994188613,0.5086461770613829,0.3844305056360055,0.8898674794198237,0.8475493940124335,0.7042007041538043,0.0,0.0,0.6515079049220186,0.9437754175061244,0.18193891936614742,3.0
2021-04-19 17:02:51.520,0.1513703905087604,0.05663600817074342,0.37420924004372025,0.42942524797521636,0.12863473688896576,0.46255111680626354,0.48242627455774395,0.8409235262958267,0.918152115744652,0.7791715303586906,0.009617681377932223,0.006549782287834817,0.4988032827410024,1.0,0.10358567671243289,3.0
2021-04-19 17:02:51.540,0.13666587148439227,0.0,0.34391220910422854,0.4666002913278176,0.1523718338360454,0.4164560565511443,0.5145010909393283,0.8384463913340352,0.933252108687638,0.8541423565635767,0.019235362755864533,0.013099564575669635,0.41748445532244943,0.9503013088691935,0.09163348049967443,3.0
2021-04-19 17:02:51.560,0.145633925964817,0.11177862255725927,0.31931382966716154,0.5383320525032964,0.15546238951966404,0.3659385580079079,0.5465759073209125,0.8359692563722437,0.9483521016306236,0.8478704783064988,0.03724232069188936,0.024687629511042194,0.33616562790389654,0.9006026177383869,0.07968128428691595,3.0
2021-04-19 17:02:51.580,0.15460198044524173,0.22355724511451852,0.2947154502300945,0.6100638136787753,0.15855294520328264,0.3154210594646714,0.5786507237024968,0.8334921214104521,0.9634520945736091,0.841598600049421,0.05524927862791419,0.03627569444641475,0.2935316013060732,0.8501506544345941,0.08316733875335316,3.0
