2021-05-01 19:23:45.040,0.07733017935766542,0.04830386175129893,0.6617542878812658,0.5509212677468707,0.05502431422845798,0.2668831065672123,0.9460773632032299,0.9531418032154201,0.5560963876032079,0.9678040237319616,0.8549884126982874,0.1696522684691744,0.9813086437593644,0.026315772589368378,0.05029008762320766,2.0
2021-05-01 19:23:45.060,0.1061852130521046,0.06591187000462002,0.2465328942231373,0.5709809462809092,0.04050336922074166,0.2816093915557395,0.9229167615019225,0.9660396731285926,0.5898785100150622,0.9448818889811356,0.5533642818646096,0.1633298236815033,0.9719624871342013,0.02130330558225009,0.05319145406806738,2.0
2021-05-01 19:23:45.080,0.5751885460173375,0.1668918395982165,0.4834986381963199,0.6039812721716347,0.022660711278720037,0.30326787405884453,0.8954884074383526,0.9784645301249848,0.6207553497734085,0.9529308827975073,0.7726218257174753,0.14330874852054482,0.9859817220719468,0.0238095390858096,0.05319145406806738,2.0
2021-05-01 19:23:45.100,0.43796832565473515,0.08581431117128195,0.7808790299970473,0.6442026222779701,0.012319999340893312,0.3262296889362926,0.8731233320380457,0.984261229904,0.6497152811800102,0.950656167191735,0.8352668355338676,0.1654373139023828,0.9766355654467835,0.026315772589368378,0.04738872117834782,2.0
2021-05-01 19:23:45.120,0.06830605685385745,0.0,0.43373428488328347,0.6718452569774696,0.004944788462471327,0.3435694563928398,0.8270494531913657,0.9930059052135509,0.6957410869317454,0.942432195584557,0.4756380659813079,0.22971549395204977,0.9906543218796829,0.025062591677190205,0.05125724278245611,2.0
2021-05-01 19:23:45.140,0.2740099741347728,0.07624276515035408,0.11479743103744101,0.7002839761804637,0.0,0.36029603328865834,0.7736007267931824,1.0,0.7384027945068186,0.9214348197264403,0.23549885218964475,0.24657534671917272,1.0,0.027568953501547276,0.04642166505198499,2.0
2021-05-01 19:23:45.160,0.6328362092456091,0.23424236199955642,0.41322912684417196,0.7286961005174031,0.002132916437121287,0.37424850853618313,0.7465144351395242,0.9982883351757501,0.7625685170882897,0.9193350822838502,0.6252900338760231,0.20547945559931058,0.9813086437593644,0.017544019487309978,0.048355876337596256,2.0
2021-05-01 19:23:45.180,0.5199037300015609,0.15395794148225,0.6626948328794381,0.7581559934993167,0.005591864807122649,0.3904639866396278,0.7119457010258444,0.9954939099428977,0.7892303193097795,0.9280839882946422,0.874709980367215,0.22233930836643348,0.9813084045069415,0.035087782333023364,0.04883945391722055,2.0
2021-05-01 19:23:45.200,0.2147290398610545,0.1075605621371034,0.33673985472123275,0.7866484895938003,0.00887616670927602,0.4084561051427609,0.6685123279093516,0.9928196081918568,0.8156205456069459,0.9373578300982978,0.3387471186047467,0.25922023629451485,0.9672898873264651,0.035087782333023364,0.035783354431794444,2.0
2021-05-01 19:23:45.220,0.40558280562739335,0.1305967376225656,0.0,0.8121183237366449,0.010734233961196962,0.4249570068275431,0.6241873401733075,0.9912975626079474,0.8360066920067258,0.9466316704697372,0.22273783167149078,0.2602739770924601,0.9439254527732472,0.03258142050866629,0.035783354431794444,2.0
2021-05-01 19:23:45.240,0.8272782024989497,0.2715240272926519,0.260969396734312,0.833174245953086,0.018781960686133473,0.43542090084274193,0.5978634450025908,0.9846302910808208,0.8524279550818209,0.9571303576826874,0.459396767140021,0.24552160592122751,0.962617287518729,0.0238095390858096,0.03965177700301698,2.0
2021-05-01 19:23:45.260,0.7432809299360378,0.24812945973093695,0.5351942265625564,0.8549899385922816,0.027824081052640528,0.4477671618331216,0.56392764441418,0.9769958025392402,0.8699668803421149,0.9648293956882924,0.4930394481014802,0.2581664954965697,0.9205610182200294,0.030075187005106786,0.04061893216226543,2.0
2021-05-01 19:23:45.280,0.6493779184230506,0.20149038328977778,0.3524918313260924,0.8753134589208532,0.03778753846085297,0.4598120117043596,0.5286102948741767,0.9684107863170933,0.8861930477266083,0.970778651059523,0.48375871540195137,0.2644889402842408,0.9252336180277656,0.028822134413726178,0.0444873547334881,2.0
2021-05-01 19:23:45.300,0.6822966939705578,0.2248347025585936,0.2667144152296868,0.8936612915506573,0.048395903214549264,0.4709102665759134,0.49415349137106834,0.9590751111807251,0.9005379528836523,0.9749781259447031,0.4860789009507067,0.2718651258698571,0.9392523744606663,0.028822134413726178,0.03965177700301698,2.0
2021-05-01 19:23:45.320,0.6703400012519026,0.22930885921590707,0.24058414616058235,0.9106809696619411,0.05976710833822973,0.4816265702998364,0.45897640850533006,0.9488498999648065,0.9135417885888922,0.9781277306763723,0.4930394481014802,0.26765015750308285,0.9205610182200294,0.03383460142084519,0.04738872117834782,2.0
2021-05-01 19:23:45.340,0.7035704351651417,0.23434349279720396,0.23536941223268995,0.926365309186991,0.0718709896109143,0.49172003957589233,0.42411106972494395,0.937723958236943,0.9251414590612526,0.9825021851139841,0.5278422408283016,0.24236038352739198,0.9018691834745491,0.02005012467007119,0.048355876337596256,2.0
2021-05-01 19:23:45.360,0.7475278805918498,0.24922795624129537,0.2347121686743806,0.9409563579456903,0.08441433701724112,0.501304942636007,0.3893616916257265,0.9259383514783947,0.9352555211690654,0.9947506542452008,0.6200696165812336,0.2212855675684883,0.9158879399074485,0.010025062335035594,0.04642166505198499,2.0
2021-05-01 19:23:45.380,0.8010412782710582,0.2652814592678168,0.23395687264964754,0.9545315518986808,0.09694955488017669,0.5104444030285381,0.3547510670486549,0.9139082246126748,0.943666419912552,0.9864391937497808,0.6571925866906868,0.2489462615739268,0.9065422617871302,0.006265647919297187,0.055125665353678646,2.0
2021-05-01 19:23:45.400,0.842521552699233,0.32913547297419526,0.24276663467268564,0.966888562831226,0.10949620622709574,0.5192363946642715,0.32018305555198406,0.9016228165402552,0.9504734077606987,0.9781277332543609,0.6943155568001401,0.2766069555793653,0.8925235053542308,0.011278114926416201,0.05319145406806738,2.0
2021-05-01 19:23:45.420,0.8700532263516739,0.39541414096129807,0.2560248032381992,0.9779087845484796,0.12299864639319398,0.5277060465507926,0.2856719531063101,0.8881379792033325,0.9563407718975244,0.9364829394972184,0.7180974558262341,0.3772392056643753,0.9018691834745491,0.0,0.05415860922731582,2.0
2021-05-01 19:23:45.440,0.8920995957944499,0.43156563034232515,0.26538900829971246,0.9907096188950514,0.14651229557708284,0.5393361775582235,0.25199749505406166,0.8728643197178039,0.9616826398049448,0.8867891533559201,0.7041763453823501,0.44573236615580136,0.9112153400997124,0.007518828831476088,0.04352029860712528,2.0
2021-05-01 19:23:45.460,0.9052716553727322,0.48476169832867083,0.26544336298718546,0.9952548369283115,0.16656375760442282,0.5459782016826771,0.21950567278834096,0.8551065193876584,0.9669058702957601,0.8447069161601188,0.6728538390498301,0.49815597300982145,0.9018691834745491,0.017544019487309978,0.04352029860712528,2.0
2021-05-01 19:23:45.480,0.9185343423501057,0.5555854663264075,0.2630286155947816,0.999800054961572,0.1866152196317628,0.5526202258071305,0.17388609101410976,0.8211730079966464,0.9754765589812971,0.8026246789643173,0.64153133271731,0.5505795798638415,0.9065422617871302,0.026315772589368378,0.036750410558157275,2.0
2021-05-01 19:23:45.500,0.93891304836339,0.5959645495122536,0.2700854700854701,1.0,0.22401285527134474,0.560794198342584,0.15296903940712483,0.8004247820659174,0.9798788114122936,0.7256342917471886,0.628770312199156,0.6944151944708644,0.8925235053542308,0.04385966375588079,0.030947776701323326,2.0
2021-05-01 19:23:45.520,0.9528817651323145,0.5888099120699581,0.28525109796271614,0.9966001399546192,0.25274752084656205,0.5655545635073783,0.1320519878001399,0.7796765561351883,0.98428106384329,0.6339457882628399,0.6299304059230829,0.8609062405462031,0.8785047489213313,0.07142848893662977,0.035783354431794444,2.0
2021-05-01 19:23:45.540,0.9500158234968896,0.6191525199648851,0.288318744085873,0.9890894043929505,0.2861082160763696,0.5698747858060079,0.0939744782097091,0.727279510682934,0.9919686284460574,0.5090113846488434,0.4860789009507067,0.9905163500684716,0.8971961051619669,0.10401003776609435,0.01934231092188434,2.0
2021-05-01 19:23:45.560,0.9324608089063182,0.7212646200906753,0.29081660409176885,0.976776326797576,0.32548888442572005,0.573539342226214,0.060358571878816464,0.660755693399543,0.9983771762911383,0.39475068503784405,0.30278424259903997,1.0,0.8831778272339122,0.18295735553420023,0.008220447480290806,2.0
2021-05-01 19:23:45.580,0.9198345439980267,0.7243569746855485,0.2787071246855144,0.9613123447341207,0.37138662183171645,0.5767881749478987,0.04212727643706559,0.6050865954044747,1.0,0.32685913715648357,0.18909514121453927,0.9525817072174124,0.8551403143681136,0.27819551187743713,0.002901316928416973,2.0
2021-05-01 19:23:45.600,0.9555928756731008,0.7002925442512481,0.25913838478759316,0.9445184812127908,0.4214776643107244,0.5799662903214489,0.027199691190608336,0.5438167844564704,0.9970315941157597,0.2783901849667525,0.09512758850798161,0.842992638356146,0.8738316706087491,0.34335835289476974,0.0,2.0
2021-05-01 19:23:45.620,1.0,0.7407541165651436,0.24783810438598972,0.9270439272756134,0.4744163891594767,0.5832560686543494,0.01605752132478328,0.4791930017945698,0.9881972514768463,0.23692037190781454,0.0475638132449754,0.73656484363865,0.8504672360555313,0.4197994371593161,0.0096711554609421,2.0
2021-05-01 19:23:45.640,0.9990121535179823,0.7842323955163011,0.24878240573058436,0.9084961150685943,0.5296993910072454,0.5871294033443032,0.00790066001547324,0.4126788803340755,0.9721642363472545,0.22519686792988838,0.0,0.6617492297345637,0.8177571233819964,0.4749373441624114,0.020309466081132783,2.0
2021-05-01 19:23:45.660,0.9888602943369231,0.7747374019846381,0.2303690344301668,0.8893205258675396,0.5859892153662325,0.5917705552553837,0.0030609424701143403,0.34686482015708014,0.9486636244395055,0.24829395688292388,0.04060323760772501,0.6596417481386734,0.8271028015023149,0.5350877181726249,0.03288198798693459,2.0
2021-05-01 19:23:45.680,0.9862434078552862,0.7458906815065863,0.248831987138396,0.8693893247136955,0.6405369803008637,0.5975507687125905,0.0004422258145456715,0.2857702303630622,0.9184801959510219,0.2621172040323039,0.1299303717393108,0.6385669321797697,0.8271028015023149,0.5989975065985762,0.04738872117834782,2.0
2021-05-01 19:23:45.700,0.9858597279683935,0.7841276403538894,0.24598059305102715,0.8480681998745103,0.6935880097053465,0.6047943667506368,0.0,0.22963730791354584,0.8821090658310844,0.2292213518049091,0.15429232000124118,0.6006322807037214,0.8411215579352141,0.6641603476159088,0.07446807530844861,2.0
2021-05-01 19:23:45.720,0.986567251849885,0.8847342792710498,0.2464944675481428,0.8228272128271252,0.7470781185226896,0.6139672081453361,0.003042272889687316,0.17701705390525443,0.838948164287733,0.19492565170033227,0.1531322272268635,0.5690200481403769,0.8317758798148958,0.7167920211154442,0.10831721845463164,2.0
2021-05-01 19:23:45.740,0.98345008019588,0.8614371591917073,0.24105065837164474,0.7916453195375747,0.8013030304533368,0.626168191929044,0.009964027730423668,0.12841265807433794,0.7883160975108432,0.20052489998746473,0.1426914112484493,0.5047418508407315,0.836448958127478,0.7694235662941813,0.14313341772717764,2.0
2021-05-01 19:23:45.760,0.9715502743492529,0.8027039507821662,0.2617899987926874,0.7533865669297021,0.8532073654840101,0.6420411701552862,0.021215371995496585,0.08692359393640929,0.733016754611707,0.23167101397917975,0.10672851625175808,0.41938883758218265,0.8271028015023149,0.8182956970571807,0.17601540571411223,2.0
2021-05-01 19:23:45.780,0.9551840492885811,0.8028359229901297,0.2879233107783059,0.7064040765577775,0.9004484279674116,0.6621936271586052,0.037187419179433634,0.05385713647322111,0.6762493985780199,0.2392825614924608,0.0649651763741631,0.28292940424828145,0.8177571233819964,0.8671678278201799,0.21566728175001484,2.0
2021-05-01 19:23:45.800,0.9517428559155688,0.9236957937573009,0.2854140339230797,0.6450045783752689,0.9428944554076051,0.6889751106932096,0.0583308769619999,0.028235668681514003,0.6178029580189341,0.1996500165474653,0.03828301407700071,0.18440463964040693,0.8037383669490971,0.899749376649644,0.2514506361818093,2.0
2021-05-01 19:23:45.820,0.9526581336057395,1.0,0.27762917151040245,0.5594023014540846,0.9779471633484202,0.7263761253517271,0.08404538881422981,0.010143299267050576,0.5570558277707518,0.1665791618521834,0.06728538091390282,0.13382508133903817,0.7897196105161977,0.9285713827425723,0.3123790839416502,2.0
2021-05-01 19:23:45.840,0.9431569084218655,0.9814829374347307,0.2869554307723289,0.439287984285819,1.0,0.7786827122116888,0.11422290967274745,0.00022966641945631382,0.4925535756911109,0.14527559397665837,0.09106728041477137,0.09220231982020348,0.7873833106123296,0.9448620929969055,0.33365568042381,2.0
2021-05-01 19:23:45.860,0.9182651109575651,0.937771663605884,0.30342181874410556,0.23636591309768315,0.9890585131241685,0.868416725726435,0.1480389769663814,0.0,0.4255546203152494,0.12397202610113335,0.11484917991563993,0.05057955830136879,0.7850470107084615,0.9611528032512382,0.3549322769059698,2.0
2021-05-01 19:23:45.880,0.8866111045945493,0.9262873970294682,0.3160338563089888,0.08823425683660319,0.9360516413480852,0.9378969483057447,0.2045354215485434,0.021208183190265725,0.3246498768827994,0.05109364547620821,0.11368909188900836,0.0,0.7102806287362271,1.0,0.47775626816516886,2.0
2021-05-01 19:23:45.900,0.8502174955160734,0.9409852982207593,0.3162718738693762,0.03609095395836346,0.8807277782462329,0.9666118124214973,0.2647671563730255,0.06709371018848324,0.2245343495123074,0.0064742033379298425,0.12296982458853718,0.015806111969177767,0.6869159549305862,0.9874686400010061,0.5730173871343744,2.0
2021-05-01 19:23:45.920,0.8304676808766065,0.8770571326729184,0.3107416884331767,0.00932909217751216,0.81663020422136,0.9862072962788837,0.3054015771467655,0.11562504730174311,0.16140733072729957,0.0,0.14385149452733467,0.05268703989725911,0.6752338572801889,0.9780701360418605,0.62161507206836,2.0
2021-05-01 19:23:45.940,0.8140030567393306,0.7889531566137713,0.3193504539956548,0.0,0.749395467144833,1.0,0.3453212120266341,0.17483771458440442,0.10631468923365175,0.040594929618938666,0.20301624501157867,0.10010537580479237,0.6635517596297915,0.9686716320827147,0.6702127570023454,2.0
