2021-04-25 16:34:50.880,0.46500197531635534,0.6005482356244911,0.9216980859269897,0.011718902746822668,0.5129789543655512,0.9618571480295812,0.18659913923393015,0.40991921031524836,0.08996916972230444,0.3818858027464364,0.5579196264337011,0.559200599500992,0.5125858273709353,0.1257607042793864,0.4730113079132209,5.0
2021-04-25 16:34:50.900,0.448279312780392,0.5121109584238432,0.04068550321552782,0.008847604454279807,0.4989097048163259,0.9862671480574329,0.17618293828320347,0.4248191903868103,0.047967448108246644,0.4555593384546681,0.6867612353756387,0.5529788785775926,0.49427942500406524,0.11967548546013475,0.443181837520662,5.0
2021-04-25 16:34:50.920,0.9906655158909154,0.6465955052298045,0.7700928339412991,0.005924419241048115,0.4877808647379989,0.9757998713256426,0.16556245152135687,0.43669370505672267,0.06413565627488117,0.4572490984479762,0.5165484669067891,0.5558069297549281,0.5080089924542673,0.11156179113182815,0.49005680683884256,5.0
2021-04-25 16:34:50.940,0.25275906169234885,0.47841812916555376,0.644734272218394,0.004306865078622778,0.47440456951424953,0.9686081579619394,0.15369928263272833,0.45106585761881846,0.07483068282879662,0.47380874361621944,0.5017730544486193,0.5439291064768577,0.49427942500406524,0.10547678002049331,0.5071022184917333,5.0
2021-04-25 16:34:50.960,0.7207809318921587,0.5372332103433635,0.08154825839061404,0.0042269613692887875,0.46340126969026146,0.9864271506543538,0.14640717844051723,0.46296753965925636,0.04353927374776305,0.5260223301756145,0.5883569795418581,0.5324283540142246,0.5080089924542673,0.09127786687293507,0.47727274809917447,5.0
2021-04-25 16:34:50.980,0.829911527923392,0.5782995428888761,0.9503947730321577,0.0028856289658760084,0.45469746483028833,0.9702416778721304,0.13800202198838157,0.4724313198362229,0.07015169889951815,0.5356539621374705,0.5862884192434942,0.5111236847335887,0.5263158634710382,0.08924939136387892,0.5071022184917333,5.0
2021-04-25 16:34:51.000,0.20125471637733452,0.40773884144513917,0.43617129994004333,0.0036506692044873668,0.44473092480739895,0.9678757331091377,0.13011156737016052,0.4833199938962431,0.07327089452729083,0.583305193948758,0.7174940953010477,0.49981146304908475,0.5080089924542673,0.07302241812309813,0.5326704232438004,5.0
2021-04-25 16:34:51.020,0.8593319982963136,0.5296542125992374,0.2044952818820188,0.004884876064813462,0.43855572660161113,0.9845840475105909,0.1270153817544437,0.49009373165278386,0.04402048983471234,0.5826292899514347,0.4834515369632412,0.4983031705281559,0.49427942500406524,0.07099394261404199,0.5156249679545442,5.0
2021-04-25 16:34:51.040,0.6685843595327206,0.5055687282107312,0.9931143184487436,0.005138201690569692,0.4336233856258006,0.9703490985832085,0.11985282259278902,0.4987016692503496,0.06904342627283871,0.519432266201713,0.6117021303356592,0.47002262326128047,0.44851248178709385,0.05679502946648375,0.5454545692561997,5.0
2021-04-25 16:34:51.060,0.45734426240125314,0.43185568241732153,0.30704147083068317,0.007486405340309336,0.42693372792990425,0.9750185861359959,0.11820852542039137,0.5017979071106664,0.06153813317313307,0.49814129028603144,0.7647754134256775,0.4607843129750731,0.49885579127083235,0.0547667616653444,0.5156249679545442,5.0
2021-04-25 16:34:51.080,0.4391840857694933,0.46877321388514165,1.0,0.006139495719576128,0.42517045799396375,0.976400211201507,0.11656422824799402,0.5048941449709832,0.05403284007342743,0.47887802636231946,0.49763593868942957,0.4524886868415952,0.47597255398729704,0.06490872379479035,0.5667613338223129,5.0
2021-04-25 16:34:51.100,0.0,0.3398803730701797,0.21283857719750773,0.004792586098842971,0.42340718805802324,0.9777818362670181,0.11500103457868223,0.5077138283535355,0.04912572764917009,0.5042244262619404,0.4952718725413212,0.43552036047219345,0.5125858273709353,0.07505047821632069,0.5838067891115691,5.0
2021-04-25 16:34:51.120,0.6656016022025254,0.4623616472931366,0.3680177503150907,0.003499835465822557,0.4242321295350074,0.9826493222314965,0.11637012279290962,0.5058833048079295,0.04592614885539426,0.5005069515104869,0.3469267120724438,0.4040346904409468,0.5080089924542673,0.07302241812309813,0.59232953857438,5.0
2021-04-25 16:34:51.140,0.5417134050263325,0.4514883243889576,0.6926553169029546,0.0013218452659118443,0.42889352658924,0.9608514894503449,0.1177627954986197,0.5007331619358242,0.08400227812233342,0.5045623782606021,0.36229314203514834,0.358974351456222,0.47597255398729704,0.08316438025254409,0.5497158785330567,5.0
2021-04-25 16:34:51.160,0.45454683728421996,0.4533929216918095,0.4178839701582652,0.0002346907371942321,0.4376845968816184,0.9526711646028155,0.12359155834697184,0.491051006793482,0.0987908705718809,0.5457925218207014,0.4273049707832051,0.30882351942637537,0.5011442087291677,0.1054766761665355,0.5284090703305774,5.0
2021-04-25 16:34:51.180,0.569601757555347,0.48899374911294724,0.4809701840427354,0.0,0.45202840584205045,0.9436043907939535,0.13387388761582603,0.47534200033137963,0.11539378714269655,0.6204799193338872,0.4858156079488877,0.2609351524122631,0.5400458995711385,0.13184613080655366,0.5369317761570231,5.0
2021-04-25 16:34:51.200,0.6987172110818867,0.49522495545642753,0.5083454881754459,0.0015768037719879374,0.47246687035376916,0.9329764872054107,0.14956758513556048,0.45315646774978136,0.1348641008025203,0.7140926312616815,0.5407801458924076,0.2145550439687558,0.5629291368546765,0.16430049270394884,0.5369317761570231,5.0
2021-04-25 16:34:51.220,0.7375865177134637,0.5026424298791515,0.5101221250808333,0.005995821946261012,0.49827333508154603,0.9207842124880586,0.1708903408527423,0.4254961417153847,0.15693997196656329,0.8137884570359785,0.5839243530953857,0.17156862533286749,0.5949655753216468,0.19878291469456655,0.5326704232438004,5.0
2021-04-25 16:34:51.240,0.7165151114558443,0.5091369604965321,0.4970594001196097,0.013868954937401798,0.5285157297030914,0.9063448424757145,0.19786930238346737,0.3936142617812218,0.18239784382836244,0.9030077791502928,0.6063829863399535,0.13631221705491434,0.631578848705285,0.21501030335118093,0.5454545692561997,5.0
2021-04-25 16:34:51.260,0.6323869879035208,0.5064085625824769,0.48202303029646204,0.025257937080308594,0.5618043267972831,0.8882305028528195,0.22996372314962932,0.3592341404590472,0.21302815388358637,0.9719499813449102,0.5880614688545754,0.11349925062376007,0.6453088848053853,0.24543618973951997,0.5369317761570231,5.0
2021-04-25 16:34:51.280,0.5073292618069439,0.5268755417783856,0.4506498963354576,0.04001311632602164,0.5959514647379409,0.8649895494102139,0.26552472481861383,0.32479944299749053,0.25038367161731767,1.0,0.5212766001705136,0.09860484230383194,0.6453088848053853,0.3022310114980869,0.5582386279958674,5.0
2021-04-25 16:34:51.300,0.37026412665492264,0.5713789879402963,0.4215922984124859,0.05705596806154849,0.629610308298173,0.8351960286318213,0.30338852302291774,0.29173806064221786,0.29579555687131764,0.9945927624890627,0.4408983511348283,0.08766968989156886,0.6590389209054882,0.3245436189739518,0.5369317761570231,5.0
2021-04-25 16:34:51.320,0.2767096010660994,0.6025043647723093,0.3971597024456162,0.07518077489109048,0.6627908327445458,0.7994494700562247,0.343747119277378,0.2600555757296387,0.3473578207942864,0.9651909690334362,0.3800236478210374,0.0803167441762849,0.7002285605558936,0.3732251618200445,0.5369317761570231,5.0
2021-04-25 16:34:51.340,0.22786709454393614,0.634590735391117,0.393249786044224,0.09354157589738021,0.6953395322282423,0.759305961364463,0.3864908202457082,0.2299019670312844,0.40185686105046686,0.9236228427701237,0.35460993189133416,0.07334089396758289,0.6910758280223593,0.417849961355943,0.5369317761570231,5.0
2021-04-25 16:34:51.360,0.21582140778148914,0.6559140394945483,0.4031012154774588,0.11165288281726057,0.7275949704909254,0.7169436891700813,0.4319121245240791,0.20097024627769547,0.45540542027380687,0.8678607768218367,0.3026004693766426,0.06787331776145135,0.7048053954725615,0.45233279876239313,0.4602272491735525,5.0
2021-04-25 16:34:51.380,0.20795423894889545,0.6779786233162274,0.38710484195126454,0.1294387810393719,0.7594814690910484,0.6739525952450035,0.47963668345379096,0.17334190552218492,0.5053480253755238,0.8445420529538997,0.2310874514649806,0.06466819113908892,0.6910758280223593,0.49087217177112313,0.443181837520662,5.0
2021-04-25 16:34:51.400,0.18820612321402438,0.7006798430174908,0.3536406767520331,0.14745307481533917,0.790564370671032,0.628814287598041,0.5545054735108409,0.13528747025884547,0.5777858353460948,0.8458938830779527,0.24231678018110966,0.06127451676343538,0.6773453232723583,0.5233265336685183,0.3963067809297506,5.0
2021-04-25 16:34:51.420,0.17764853826589697,0.7494479085535635,0.33445948255696384,0.1664624802346283,0.820650689396916,0.5793592232133229,0.632669933260131,0.10056141506977553,0.6500583255477281,0.8627915106727915,0.28723403215763094,0.0614630336527956,0.6681921220889233,0.5699798087134718,0.4005681338429736,5.0
2021-04-25 16:34:51.440,0.2330944730762666,0.7813745157739987,0.33872155150362077,0.18704078284751469,0.8499597940129234,0.5258520882595835,0.6862471110058388,0.07986445523935308,0.6978058739652157,0.8742818730949348,0.30141843388381934,0.06938159176402173,0.6178492812550829,0.6227180948697599,0.33664766559917103,5.0
2021-04-25 16:34:51.460,0.23892756132052462,0.7990560001515561,0.33289245875460854,0.22243556217390917,0.890690390086647,0.4359162468039098,0.7392126190263898,0.06167552348762,0.7459539421733158,0.8698884943461579,0.2777777578901213,0.08465309559053188,0.5949655753216468,0.6572009322762113,0.3409091057851246,5.0
2021-04-25 16:34:51.480,0.21463025582727846,0.8304390750645165,0.30994999823507696,0.24804298577494827,0.9131388780714602,0.37033904799991485,0.7898084795069857,0.04630512847636606,0.7929612243884518,0.8469077418401133,0.25886522386771615,0.10614630490847612,0.5720823380381088,0.6835702830622716,0.2642044915289237,5.0
2021-04-25 16:34:51.500,0.2091201899046666,0.872918109793621,0.2946299999549274,0.2736504093759874,0.9355873660562732,0.30476184919591986,0.836583024578688,0.03365887339982194,0.8362958009231424,0.8093950865857291,0.26477538923798716,0.13084464084878278,0.5537754670213406,0.7079107429234435,0.2642044915289237,5.0
2021-04-25 16:34:51.520,0.24380199253608514,0.9140661325746686,0.293349116523058,0.31061740178890923,0.9614607391222404,0.20999543714082858,0.8787681633458487,0.02328528302903239,0.873501033840894,0.77188241473429,0.28900710111886446,0.16006787595662747,0.4851257551707321,0.746450323640089,0.24715899260330176,5.0
2021-04-25 16:34:51.540,0.28840996938545366,0.9396543530856847,0.2922417880813048,0.332690697288883,0.9749868666250232,0.15524122312285316,0.91545419616036,0.014905844039357645,0.9035659557661315,0.7441703508440377,0.3191489445072464,0.1923076899335438,0.4530893167037604,0.7697769611625652,0.19815334682850985,5.0
2021-04-25 16:34:51.560,0.3538766678756034,0.9432796546447656,0.29561391545375265,0.35265651508791446,0.985954476193961,0.10736716879246361,0.9466590913506253,0.008275335959338137,0.9280392832336551,0.7238932198596376,0.3569739980394426,0.22511313173836767,0.4027460072200206,0.797160341995238,0.15767040688016334,5.0
2021-04-25 16:34:51.580,0.3749789134502852,0.9579003218521195,0.2970936806485882,0.3704060258612148,0.9939700893011417,0.06765692043405085,0.971204235163849,0.0035229068961739034,0.9478972000578388,0.7164582841876096,0.3924349854235303,0.25999245994170417,0.37986276993648527,0.825557752874522,0.19602267037189883,5.0
2021-04-25 16:34:51.600,0.38209769072755634,0.966882906134943,0.29725063472660634,0.386074854642856,0.9986864447017396,0.03581186575801344,0.9885761643761005,0.0007636233877444434,0.9652019043318698,0.7147685186619498,0.4231678501864774,0.2969457054074841,0.38443913620325243,0.825557752874522,0.12357949630165088,5.0
2021-04-25 16:34:51.620,0.3975270829777636,0.9755991446922594,0.2948236401242324,0.39951888828580545,1.0,0.01222780950778466,0.9984532815402065,0.0,0.9808301088008787,0.7032781562398067,0.45685579763455997,0.33710406206366117,0.3752859350198174,0.825557752874522,0.11079535028925193,5.0
2021-04-25 16:34:51.640,0.41010937195226016,0.9862273200410704,0.2898230382272211,0.4098511984811578,0.9981055705547555,0.0,1.0,0.0011020839646360134,0.9928546006395679,0.6813112901576809,0.5011820379115922,0.3827300134443282,0.34324949655284703,0.80933077963374,0.09801129154958382,5.0
2021-04-25 16:34:51.660,0.4121200230409128,0.9959838059104867,0.2889799620711193,0.416244533682468,0.9928496069570734,0.0018547720006211713,0.9919505621550183,0.004182527836219848,0.9996969942140468,0.6515715032107556,0.5372340466702451,0.43250377002914786,0.34324949655284703,0.8133877306518523,0.09801129154958382,5.0
2021-04-25 16:34:51.680,0.37981155253389076,1.0,0.2851632766554156,0.4181741900004071,0.9841178945827769,0.019173420437748324,0.973560512502877,0.009375307688575989,1.0,0.6116931673686852,0.5484633612123876,0.48076923100664565,0.33867266163617915,0.8073023041246851,0.11931814338842787,5.0
2021-04-25 16:34:51.700,0.342094877282757,0.9790941746452736,0.28560837151889185,0.4157300331466111,0.9725598857214877,0.04963730023565329,0.946529122138567,0.01639315950755822,0.9933343684987253,0.5566069860544905,0.5342789639851097,0.5260181023126961,0.36613273383638234,0.797160341995238,0.12357949630165088,5.0
2021-04-25 16:34:51.720,0.33787951027393076,0.9663147433670516,0.2854557221313201,0.40884964125762613,0.958704777702564,0.09176811609235257,0.9122069001265504,0.025019830621452757,0.9785059510896083,0.48158163958543654,0.5614657246883561,0.5676847638353743,0.3707095687530503,0.797160341995238,0.1704545528925623,5.0
2021-04-25 16:34:51.740,0.3951469220113863,0.9780461820139821,0.29378967373636955,0.3974035985416488,0.9428283641404993,0.1472039498168088,0.8706996373332998,0.0351893388197273,0.9518045447347786,0.40317677866211804,0.6660756517421522,0.6095399638521642,0.39816964095325347,0.7728194667182338,0.12357949630165088,5.0
2021-04-25 16:34:51.760,0.4586254083971326,0.9798138244587561,0.3104328629589642,0.3819020905766735,0.9244515999195009,0.2175839156477066,0.8213764061934912,0.0473350946895515,0.9097720685031421,0.3551875976183447,0.7671394795737858,0.6568627339022997,0.45308931670376174,0.7606490290797316,0.1832386116322304,5.0
2021-04-25 16:34:51.780,0.41008919020029744,0.927900032503573,0.33142704590415545,0.3641723559177202,0.9018926580005268,0.297055385580808,0.7644775479458714,0.06278583511204505,0.8565636836363297,0.34285234828410793,0.7993498711666864,0.7412330310108431,0.47139618772052994,0.7221096560710016,0.17897717144627684,5.0
2021-04-25 16:34:51.800,0.2939724183358121,0.844847959168404,0.33926509210543576,0.3463099669209959,0.873299071850088,0.3771981989431571,0.6653981660258274,0.09642555757759065,0.7705698222251197,0.30381888275707614,0.7795508365264309,0.8246606665127586,0.5308922297378054,0.6855983431554942,0.2002840232851212,5.0
2021-04-25 16:34:51.820,0.21933214687362843,0.7779272702093964,0.3427852603145068,0.32901096782793204,0.8380572536740779,0.45275668819978926,0.5558519358837785,0.1421957875850387,0.6809504595312242,0.23994594671150374,0.8037824903568516,0.8634992660557255,0.5675059717713417,0.653143981258099,0.23437493386363367,5.0
2021-04-25 16:34:51.840,0.2655213768469303,0.7353686106632081,0.35700195984959515,0.3116898962035275,0.7969154355851881,0.524745491667524,0.48057439604825736,0.17984834491822357,0.6124754052595076,0.1855356832255114,0.8167848735215999,0.8857466046589721,0.6270020137886171,0.6247465703788161,0.30681819520661213,5.0
2021-04-25 16:34:51.860,0.38340182811052315,0.6806376078005744,0.3832821522520393,0.2938747923413101,0.7518683659758323,0.5949564751639185,0.4083225428629046,0.22152614901657786,0.5394103821840395,0.1544440882839397,0.8303782393606091,0.8985671265803877,0.6544620859888203,0.5821502463519739,0.3196022539462803,5.0
2021-04-25 16:34:51.880,0.4639474002017604,0.6541246807980836,0.4070629816220611,0.276257639409091,0.704567815405006,0.6606774698191981,0.34077842565375066,0.2668556963121285,0.46622233802883706,0.14227781079977,0.879432611933858,0.9061085891850318,0.6956521942891265,0.5354969713070205,0.3622158703512381,5.0
2021-04-25 16:34:51.900,0.5458556929493587,0.6261884715232546,0.43956091802942615,0.2519900299192375,0.6305640279981194,0.7460531652326456,0.27892953895627776,0.3152877050187225,0.39371496093586233,0.15410614458380553,0.9527186576876799,0.905542992221055,0.7276886327560967,0.496957182882458,0.42613633859504,5.0
2021-04-25 16:34:51.920,0.5844956523991808,0.583249533210681,0.4705644912770007,0.23883221226550375,0.580671712234904,0.7932814227669097,0.2239014059665541,0.36578737089828656,0.3220367555751496,0.22102062925410176,1.0,0.9021493487093322,0.7322654676727647,0.44219083663294717,0.47727274809917447,5.0
2021-04-25 16:34:51.940,0.5374552172733701,0.4761377811290747,0.5036225388122286,0.22567439461176997,0.5307793964716887,0.8405096803011738,0.17652194413919883,0.4171268313973572,0.2572616214020961,0.3115917925571724,0.9793144212040515,0.8993212712976554,0.7643023747896358,0.4016227804072454,0.5156249679545442,5.0
2021-04-25 16:34:51.960,0.43511037199188085,0.3840159303860036,0.51443094803008,0.21370650626319895,0.45757044324160445,0.8918495291784326,0.13588009644529983,0.4693027773471443,0.20406934369869192,0.3734370000137202,0.9007091927542193,0.88650074937624,0.7414186688561984,0.3204868756637563,0.5859374655681805,5.0
2021-04-25 16:34:51.980,0.39783139979641097,0.34813498369593043,0.5093482177036928,0.2092950007707482,0.41063385196007457,0.9141135159840768,0.10197696575676063,0.5209703987609748,0.16405055123392132,0.395741826393035,0.8439716100371562,0.8653846201329125,0.734553650806147,0.28600403825730497,0.6189630379183872,5.0
2021-04-25 16:34:52.000,0.43187637719742034,0.3472573535480811,0.5018284400566538,0.20576469203404496,0.3662097210497291,0.931111030757666,0.07462913599233495,0.5708667297447211,0.132216557739431,0.3943900349954435,0.8132387501117472,0.8361613850250678,0.7276886327560967,0.25152120085085483,0.651988610268594,5.0
2021-04-25 16:34:52.020,0.49657274992990197,0.3425359123122107,0.4962383133351765,0.2021995628406973,0.3253088702625833,0.945398057361027,0.0535965204221763,0.617536289235112,0.10480575461428437,0.36363639758488503,0.7712765953329754,0.80090499217908,0.7162472484392796,0.18154170369925768,0.6541192867252054,5.0
2021-04-25 16:34:52.040,0.5233803263062612,0.3390622359538011,0.5048750416732019,0.19755928222133376,0.288236735872075,0.9566647468275835,0.03792369263231518,0.6603448131751427,0.08279035935529862,0.2994255040082994,0.7269503550559432,0.7658371162224524,0.6727689570055911,0.1257607042793864,0.673295418471073,5.0
2021-04-25 16:34:52.060,0.5552667419966353,0.32278711848593294,0.5100552504486627,0.19080268128115563,0.25501503259603486,0.9654321400270506,0.026605512136808424,0.6990453711885076,0.06546818240866377,0.1865495143259139,0.6979905495791534,0.7288838707566725,0.6590389209054882,0.11561874214993927,0.6434658608057832,5.0
2021-04-25 16:34:52.080,0.6126172617886575,0.3433098657069586,0.5138544436281288,0.18057672530779154,0.22509090705810367,0.9728177100785597,0.018659404905591512,0.7341249642919062,0.05088947078391634,0.0672524836939467,0.6926714007459096,0.6909879482522991,0.631578848705285,0.08722112356273957,0.6434658608057832,5.0
2021-04-25 16:34:52.100,0.6918869071384162,0.338183483295924,0.5236734273433836,0.16649992905564723,0.19895763110796313,0.9792007668599855,0.013496437341987135,0.7648946517063135,0.03839753276468925,0.0,0.7074468141715871,0.6583710387688008,0.631578848705285,0.07910742923443298,0.6221590089669385,5.0
2021-04-25 16:34:52.120,0.7364476973563905,0.2865327731524752,0.5360730780456078,0.14990526715913002,0.17695605394136285,0.9847886126555139,0.010465066659698872,0.7908731052758138,0.027598995760229644,0.01385606513923596,0.7216312086414682,0.6194381653491885,0.5949655753216468,0.0669374070117633,0.6093749502272707,5.0
2021-04-25 16:34:52.140,0.7526138464152484,0.21507079718235825,0.5443068772291649,0.13264755558818772,0.15909291576025325,0.9893361054311471,0.008876422100297696,0.8120010436052189,0.018902492246204723,0.07941876117811646,0.7281323929675355,0.5910633426624708,0.6041187765050818,0.06896546710498584,0.5795454798347122,5.0
2021-04-25 16:34:52.160,0.7468625966514483,0.179537742253962,0.5424370007287083,0.11604838894727953,0.1442640808801002,0.9931552310428857,0.008156501255959214,0.8295571707540248,0.011672913014477,0.15410614458380553,0.7269503550559432,0.577300149875248,0.6041187765050818,0.060851980484596044,0.6392045078925606,5.0
2021-04-25 16:34:52.180,0.7462832841758302,0.1673617723666578,0.5376828904710005,0.10068017772956932,0.13168034163908585,0.9964129309757824,0.007970031067901746,0.8444628448087242,0.005563207888281235,0.2541399140582366,0.7180851070005367,0.5671191498962355,0.6041187765050818,0.05273849386420506,0.6264204491528924,5.0
2021-04-25 16:34:52.200,0.7298107715505681,0.13597758357836223,0.5406110219421214,0.08716297242772725,0.12134783507675435,0.9988142904792403,0.008164815213388636,0.8616116347035327,0.0,0.3575532588428002,0.694444455194529,0.5569381576332056,0.5903892090548797,0.04056805622570296,0.651988610268594,5.0
2021-04-25 16:34:52.220,0.6851220000716218,0.08512131695501411,0.5546737670087816,0.07617962497093406,0.11306478957414759,1.0,0.008318538589530435,0.8741245460692973,0.0001491792049608005,0.441703306509542,0.6761229377091509,0.5435520356614202,0.5720823380381088,0.026369143078144718,0.6093749502272707,5.0
2021-04-25 16:34:52.240,0.6932692447624592,0.07277802399603511,0.5712228101191422,0.06787783224881912,0.10664497372889403,0.9993399892877012,0.008190775121280029,0.8792828250709909,0.00451284871676402,0.49780333828736983,0.6891253015237471,0.5243212712976555,0.5812355392215438,0.02028413196680988,0.6136363904132246,5.0
2021-04-25 16:34:52.260,0.7476048574876871,0.10068198269429751,0.5702913612003462,0.05921673065790953,0.10127534944651065,0.9960368144270481,0.008052491951792267,0.8816884660591482,0.008062963871683626,0.5336262500071921,0.7139479960788851,0.4979260950831289,0.5858123741382117,0.012170437638503277,0.6647727126446276,5.0
2021-04-25 16:34:52.280,0.7805131041382212,0.12892778886947212,0.5733492816205975,0.05277638927248054,0.10100429154262923,0.9941411053874489,0.00791013663989048,0.8808067576485576,0.00979575668239278,0.5501858980799199,0.7287234143421005,0.4715309188686024,0.5812355392215438,0.012170437638503277,0.651988610268594,5.0
2021-04-25 16:34:52.300,0.750527668524772,0.13662153304251176,0.5843174151113778,0.04910502259376396,0.10430177925649851,0.9936173273784709,0.007719254964217444,0.8769005061791082,0.010745420966946945,0.551875658073228,0.7080378403836902,0.4483408735973887,0.6178492812550829,0.0,0.6647727126446276,5.0
2021-04-25 16:34:52.320,0.6857225657702248,0.1463101761327895,0.5820498054710388,0.04562589892568221,0.10956051908557442,0.9923541616185655,0.0074202918419634355,0.8706704618373529,0.013060289144993433,0.548496138639847,0.6832151264784,0.42722473386032467,0.5995424102383147,0.01014175442153033,0.7031249761363627,5.0
2021-04-25 16:34:52.340,0.6300571146437802,0.15414024483135297,0.5745287364168659,0.042215563921950534,0.11664913430077446,0.9903065893698536,0.007084679437979906,0.8622717334111091,0.016835231879294057,0.5626901220303997,0.6773049707832051,0.40497737365232644,0.6270020137886171,0.014198705439642623,0.7286931808884298,5.0
2021-04-25 16:34:52.360,0.6073100800946019,0.15993795731652166,0.5518992066354221,0.039411965706877765,0.12600690994120253,0.9890686341031608,0.006994922632263695,0.8511845179743537,0.019132684791964644,0.610003410141553,0.6873522567502037,0.3751885354077187,0.6338672661636177,0.028397722441158672,0.7755681502066103,5.0
2021-04-25 16:34:52.380,0.583153827808797,0.15936255867629753,0.5401022683034552,0.03800536106120722,0.13865082704688259,0.9889927625235886,0.007384999941038889,0.8362055101241102,0.019330437035184365,0.6579925939515021,0.731678492189698,0.3444570077789451,0.6956521942891265,0.04868154284609277,0.779829503119833,5.0
2021-04-25 16:34:52.400,0.5117989055566392,0.1519025124563427,0.561370239689722,0.03783140201310081,0.1544901912782774,0.9905745408977105,0.008601213142127147,0.8174489493072253,0.01655329976477872,0.6924636950488108,0.694444455194529,0.3169306098589271,0.6910758280223593,0.07099394261404199,0.8096590607851228,5.0
2021-04-25 16:34:52.420,0.3701325976343443,0.16651862918073793,0.5816535106041998,0.03878814096890712,0.1725435274459223,0.9894808856921661,0.010393125477045408,0.7960894586810394,0.018849834161804656,0.7161203349551238,0.5650118239105186,0.29430617574909845,0.7459955037728676,0.09330634238199122,0.8267044724380133,5.0
2021-04-25 16:34:52.440,0.2563131453589018,0.18537949167098858,0.5726593663505792,0.04075657103268594,0.1923635399505796,0.9815187876758817,0.012530830571982407,0.7726745276490959,0.03396239125428755,0.7137546598997891,0.4580378258710761,0.2664027131864292,0.7505718700396348,0.11764721765899541,0.7926135618595008,5.0
2021-04-25 16:34:52.460,0.2962703189002535,0.23955184287954287,0.5452672891181528,0.0430245128853021,0.21444385202686672,0.9682793411004701,0.01567028270085194,0.746647824588144,0.0589252458096928,0.6819871775579492,0.36879432877998447,0.23322020673895408,0.7963388132566062,0.1379311419178885,0.7713067972933877,5.0
2021-04-25 16:34:52.480,0.4409147543369337,0.24153618156782758,0.5116744268418619,0.6726216188598938,0.15361085773643632,0.9757287777347838,0.006948262667099135,0.8184899856455499,0.04400865611752926,0.648867884455287,0.2718676070324645,0.19834087853561755,0.8100688493567091,0.1683570283062275,0.7500000327272744,5.0
2021-04-25 16:34:52.500,0.538045878770054,0.35933370498776884,0.4863341879072332,0.6970828392557378,0.24983293243506566,0.9371395799845396,0.02276276707845955,0.7051067223531042,0.11711185499947759,0.6333220952830284,0.2310874514649806,0.1581825064474751,0.8329520866402443,0.22312378997157192,0.7329545338016525,5.0
2021-04-25 16:34:52.520,0.6529265864247574,0.4319977303192627,0.4803028658653899,0.7040398690934172,0.2981355399145699,0.907068623730844,0.03904132605245609,0.6488723373676057,0.17317249188483927,0.6343359540451892,0.26713946022363355,0.11934392233647365,0.9107554683241887,0.2677485895074692,0.7329545338016525,5.0
2021-04-25 16:34:52.540,0.7080600479028503,0.4566080114594113,0.47232622382476,0.706163229420172,0.3334763557142305,0.8857051317327506,0.05494541759693225,0.6081667147569022,0.21239860273886674,0.6946603802739355,0.3283096911560903,0.07890272861839462,0.9061786334075208,0.31440165684450583,0.69886362322314,5.0
2021-04-25 16:34:52.560,0.62874880376213,0.43572073428768965,0.4620803039496346,0.7095913470635269,0.3719563457941401,0.8668251134160064,0.07602163902544486,0.5643629054972706,0.246452996903946,0.8002703853880414,0.2978723249865806,0.0705128165559063,0.956521942891262,0.3590266640883199,0.673295418471073,5.0
2021-04-25 16:34:52.580,0.5474023389879066,0.41558347125743567,0.45054602263568294,0.7136179368293607,0.3919342128991958,0.8550005517496514,0.09608915684340079,0.5314884358582053,0.2796458912392592,0.8164920896223262,0.19799054474161545,0.07315233078232654,0.9473682730579263,0.41582148584688683,0.6264204491528924,5.0
2021-04-25 16:34:52.600,0.4660558742136831,0.3954462082271817,0.43901174132173143,0.7176445265951945,0.41191208000425145,0.8431759900832964,0.11615667466135673,0.49861396621913995,0.31283878557457245,0.7837107485183257,0.09869975684598709,0.07861989155649264,0.9519451079745941,0.45030432325333813,0.5838067891115691,5.0
2021-04-25 16:34:52.620,0.27970948182327976,0.48505167168381164,0.38166414318960246,0.7263777363242621,0.4498874116201546,0.8136857155232579,0.16094006086325874,0.43933329522592446,0.3922892785278933,0.7377492711679945,0.05851065167829674,0.08389895087326404,0.9382150718744912,0.5091278282288769,0.5582386279958674,5.0
2021-04-25 16:34:52.640,0.2800931255943092,0.5459989496500977,0.362104941465579,0.7341635889976066,0.48531661089519806,0.7803343939027676,0.17720784562711736,0.42140866447208075,0.41875750716111787,0.6978709325597483,0.05200948428361286,0.08861239779409312,0.9382150718744912,0.5740365520236672,0.5071022184917333,5.0
2021-04-25 16:34:52.660,0.2804767693653386,0.6069462276163837,0.3425457397415555,0.7407777139681253,0.5190929796484233,0.7464726198197117,0.19347563039097598,0.40348403371823716,0.44522573579434244,0.6512335484459182,0.018321546510606402,0.09106336426722232,0.9153318345909559,0.630831581490151,0.4687499549999985,5.0
2021-04-25 16:34:52.680,0.297671193449188,0.6244358620781599,0.34006809918999403,0.748991066168006,0.5683651844901593,0.6960603370177147,0.24708839696465895,0.35264780827364,0.5186029367651126,0.5934437511424306,0.0,0.08917797932610454,0.8695653600238826,0.6795133320441593,0.3622158703512381,5.0
2021-04-25 16:34:52.700,0.3122187031410006,0.6771275880213432,0.32204205095102517,0.7544645096470427,0.6169146834471849,0.6478748610661725,0.30526221755132416,0.3041021512443626,0.5826260474746214,0.5427509541093644,0.031914931699767744,0.08616140045703302,0.8466816540904465,0.7281946671823365,0.3707385761776835,5.0
2021-04-25 16:34:52.720,0.3837536991941776,0.737789687781866,0.31129071686415155,0.7560167844054545,0.6491968240609819,0.6216249752336915,0.3463693075160638,0.2729233439498643,0.6124139795257723,0.5204461221976979,0.0921985894513032,0.08804676996618549,0.8100688493567091,0.7768764177363449,0.3025567550206586,5.0
2021-04-25 16:34:52.740,0.4533013879407032,0.7858936547987911,0.31107786764677214,0.7568955318407223,0.6809342599441212,0.6000411915449094,0.3881736840002216,0.24313133989340674,0.6328733414378335,0.5245015461816372,0.15898341459752263,0.09954748847849464,0.7368423025894326,0.8215008018564097,0.25568178570247774,5.0
2021-04-25 16:34:52.760,0.502862170539328,0.80774263898291,0.3099933540643849,0.7579627981736149,0.7112463071911652,0.5819508619155498,0.42943875612337823,0.21551335914961078,0.6465811436662963,0.543088906108026,0.22222222759726445,0.11840119900198393,0.6773453232723583,0.8559838469707779,0.22585222803718827,5.0
2021-04-25 16:34:52.780,0.5320854997683717,0.825860935185727,0.30769445185667127,0.7595750526367566,0.7392051498511549,0.5663064303276567,0.46875795499383394,0.19079657395820748,0.6559279536473064,0.5630280740290612,0.26891251950979095,0.1434766304488726,0.5858123741382117,0.9229210462746231,0.17045450925619687,5.0
2021-04-25 16:34:52.800,0.5453502729250987,0.8468039069876792,0.3116567168389311,0.7616201421344971,0.7639726186918782,0.5517429286487342,0.5048288567621361,0.1695306684359018,0.6636192696498263,0.5795877219634802,0.29905437741078705,0.17458521963390436,0.5434781742712145,0.9467545949664471,0.14062495159090713,5.0
2021-04-25 16:34:52.820,0.5545254745330862,0.866252990636548,0.3059706208422071,0.7637818894722793,0.7850294480904262,0.538699739760482,0.5364072692153584,0.15193097995240157,0.6698068033203887,0.5910780899179751,0.3262411332764955,0.21304676996618543,0.5011439744042172,0.9705881436582711,0.11079539392561766,5.0
2021-04-25 16:34:52.840,0.5666184584074949,0.8874051810382878,0.30534107758961443,0.7656754577027993,0.8016403868486783,0.5275552611610217,0.5619754030721091,0.13836640539085926,0.6749243445475295,0.6012166471116478,0.3634751799467406,0.2581070904325518,0.44393611552032675,0.9979715244909438,0.07670443971073947,5.0
2021-04-25 16:34:52.860,0.595170237220827,0.9080233502463647,0.3037443767448873,0.7670727449041889,0.8132763683176242,0.5196569336875672,0.5801536504169237,0.12903529371342315,0.6781545970668813,0.6089895486132165,0.4072104085242838,0.3069381560900091,0.3707095687530503,0.9898580378705528,0.08948858572313842,5.0
2021-04-25 16:34:52.880,0.6224706083593406,0.9173455024472749,0.3154980200196466,0.767932606789442,0.8196881269934199,0.5145452060638486,0.590407780099559,0.12395442210411291,0.680678297083111,0.6130449753633317,0.44444444551945284,0.35652336955112734,0.3478263314695123,1.0,0.05965902805784897,5.0
2021-04-25 16:34:52.900,0.6492536599545278,0.9201440667362261,0.31719631662325093,0.7680275931564668,0.8210747906863827,0.5133639143818995,0.5926486461356599,0.12286135034384217,0.6812967816799643,0.605947977859086,0.48522458657432255,0.4081825033610821,0.35697953265294735,0.9959432566898045,0.04687496931818056,5.0
2021-04-25 16:34:52.920,0.665726810976511,0.9194938139465361,0.31862232383092337,0.7668414488392383,0.8173709756623823,0.5176069604395019,0.5864515580059295,0.12578562961165726,0.678321417252,0.569449160620544,0.572104023660979,0.48793363436982645,0.34324949655284703,0.9939149888886651,0.042613529132227004,5.0
2021-04-25 16:34:52.940,0.6858203896459136,0.9225943593370293,0.31834370907220605,0.7636455582890864,0.8086013514671192,0.5302244521423687,0.5713679692234264,0.13276727168095723,0.6678895845715653,0.5461304740959806,0.6134751847842786,0.5720211121632283,0.38443913620325243,0.9858012945603586,0.05113632223140295,5.0
2021-04-25 16:34:52.960,0.6822946071006242,0.9068410104341365,0.3204754626820561,0.7587174538663326,0.7948279331857517,0.5500170903133987,0.5480012016213575,0.14389508096283768,0.6506596401646334,0.5285569701655767,0.6300236429834993,0.6268853849411179,0.38901597111991765,0.9675456381026049,0.05965902805784897,5.0
2021-04-25 16:34:52.980,0.6397411535542742,0.8649390494756052,0.3221961284829567,0.7528697298680253,0.7756430416925487,0.5726988510065616,0.4979157332906214,0.17019842148223055,0.6202982490491527,0.4971274315238708,0.7228132441342916,0.683069390141073,0.4576656829705289,0.9594321514822138,0.08096587989669303,5.0
2021-04-25 16:34:53.000,0.6034844237638367,0.8413700863494292,0.3311459344249792,0.7460233419955248,0.7509053389310988,0.5975619196124289,0.43386963731718103,0.20699132415403435,0.5786466828209997,0.47380874361621944,0.8492907588704,0.7484917105654643,0.5217390285543703,0.9290062650938749,0.11931814338842787,5.0
2021-04-25 16:34:53.020,0.6233727745784976,0.7991034046134973,0.35557412694673934,0.7380315387109659,0.7207921436136369,0.6287135656751596,0.38227124930869033,0.23982883973189606,0.5371159196660528,0.45961476243860744,0.9119385359829626,0.8186274624787194,0.5766591729547768,0.898580170997619,0.15767040688016334,5.0
2021-04-25 16:34:53.040,0.5114652828150144,0.7080159727650746,0.37546347462559704,0.7253463611305043,0.6628169470340934,0.685997856771937,0.3251687839403529,0.28064074801618094,0.4897538346889804,0.4217641385885068,0.8510638133190194,0.8861237155975196,0.6544620859888203,0.8661258091002239,0.20880677274793205,5.0
2021-04-25 16:34:53.060,0.3300557145883113,0.6368191595675895,0.36875393189159295,0.7120682403030328,0.5908687978017821,0.7419020774502849,0.26536285715764274,0.32986935109925813,0.4431268388260806,0.3426833764340408,0.7695035505594321,0.9447586718386384,0.7231122664893297,0.80933077963374,0.19602267037189883,5.0
2021-04-25 16:34:53.080,0.2179267769084946,0.5935493510627058,0.3522588103466324,0.7013578345211011,0.5348491092101476,0.7753491989449817,0.20600544292735468,0.38701412965788007,0.3963276682493609,0.2517742528337811,0.7452718677037832,0.9832202221709195,0.7917619783399382,0.7505070669502846,0.22585222803718827,5.0
2021-04-25 16:34:53.100,0.24169192798495637,0.5664710546153542,0.3644829238753984,0.6889830868261767,0.4753040278296869,0.8071823686742189,0.15107784095348548,0.45009614040579876,0.34770835454601073,0.2264278667650392,0.7174940953010477,1.0,0.8604121588404476,0.7038539996132479,0.27698859390495695,5.0
2021-04-25 16:34:53.120,0.3306651768298629,0.494557431295716,0.3998983606877842,0.6772387598463042,0.4150598646674316,0.8325169935531246,0.10425991059781015,0.5160497452357449,0.3063889387095921,0.2808381579127897,0.6950354572189419,0.9954751316963928,0.8878717623907527,0.6369170080173182,0.29403404919421317,5.0
2021-04-25 16:34:53.140,0.4389190371732823,0.3950746228692266,0.4397334150785609,0.6683583975210471,0.35695090223164283,0.8491660032705454,0.06736239785391314,0.581374607995513,0.2778995659793083,0.3872930402573738,0.7405437450826424,0.9698341032855272,0.9290618706910588,0.5720082842225279,0.32386360685950266,5.0
2021-04-25 16:34:53.160,0.542708625408397,0.29979520322625275,0.4993848293491566,0.6633073543984254,0.30341432901304105,0.8600804661319356,0.040448929947019104,0.6427661464629858,0.25848471187660077,0.5001689995118253,0.8581560311134967,0.9268476692176736,0.9427919067911591,0.5030426094096252,0.3494317243388392,5.0
2021-04-25 16:34:53.180,0.634283422086056,0.23423587715951394,0.545610651485526,0.6618424172518562,0.25595453717812344,0.8714527995700483,0.022299391206225615,0.6979472401215452,0.2376657808370449,0.605947977859086,0.9414893483217032,0.8802790284528406,1.0,0.42393518017519344,0.4133522362190068,5.0
2021-04-25 16:34:53.200,0.6416045721430487,0.1952379964325423,0.5677165789784342,0.6635313741194944,0.2141565730617854,0.8843591314951473,0.010881273548966232,0.7469859532423301,0.2137067177537414,0.6711727163669533,0.914893628343174,0.8357843358143819,0.9839820150914652,0.33265731330225956,0.49005680683884256,5.0
2021-04-25 16:34:53.220,0.5253716813923295,0.19962151897659763,0.5506194120370186,0.6671378552907659,0.17664967241340757,0.8963802149585911,0.004322070155039464,0.791235243005692,0.1912461137867279,0.6745522391197453,0.8510638133190194,0.7869532454657799,0.9977115825416674,0.28600403825730614,0.5071022184917333,5.0
2021-04-25 16:34:53.240,0.4382843167881698,0.2223385833386372,0.4969612886278233,0.6711293739385025,0.14387457067875664,0.9075306960564352,0.00148090245802145,0.8300185060989841,0.1704113190425981,0.6194660578055506,0.8380614543419612,0.7358597363973398,0.9794051801747973,0.27180533281766467,0.5454545692561997,5.0
2021-04-25 16:34:53.260,0.45365797349685466,0.24350739552348014,0.46457858118719614,0.6737535128770231,0.11632138522911313,0.919570027114966,0.0013039339355976059,0.8626601993505639,0.14801019940125276,0.5113214182338344,0.8416075390515096,0.6836350025370151,0.9794051801747973,0.24543618973951997,0.5752840396487583,5.0
2021-04-25 16:34:53.280,0.5121331568945969,0.2519803861577832,0.46119711162361127,0.6733094267240803,0.09416792773202513,0.9317464552365844,0.0027259600012115226,0.8889040864784576,0.12545885809187837,0.35214602133186274,0.7966902967500644,0.6466817570712352,0.965675144074697,0.22920921649873918,0.6093749502272707,5.0
2021-04-25 16:34:53.300,0.5191378534616228,0.265021448619396,0.4583203026977292,0.6682197459289787,0.07527335715200476,0.9406635267357518,0.004868076583764392,0.9112713578053641,0.10905167146421263,0.2091922954700661,0.7411347543633626,0.6069004519405388,0.956521942891262,0.2129818278421248,0.5965908914876027,5.0
2021-04-25 16:34:53.320,0.5023423499445311,0.24587998452628562,0.48217679890354975,0.6596985241712553,0.05926796644244823,0.9450780041471982,0.007171975990987926,0.9301979827407637,0.10105682779185038,0.11760731213129634,0.7033096984123974,0.5835218707986475,0.9427919067911591,0.20283986571267884,0.6136363904132246,5.0
2021-04-25 16:34:53.340,0.5405501494154434,0.2185026643595805,0.4947094392188598,0.6491669689166335,0.04592367338392695,0.9459913443012904,0.009366436570825212,0.9459580811596678,0.09956671881778437,0.07806693105406334,0.6843971643899922,0.572963798461001,0.9702515103414642,0.18255594145378576,0.605113597314048,5.0
2021-04-25 16:34:53.360,0.5944039973393231,0.15707924375946813,0.5038860010605745,0.6370204448934261,0.034863455008353375,0.9439663414465022,0.011304776360059584,0.9590038142646237,0.10350145196121885,0.08043261994027703,0.6731678598615535,0.5669306160317134,0.9885583813582324,0.1845842092549251,0.5965908914876027,5.0
2021-04-25 16:34:53.380,0.662286498969864,0.14458956685817817,0.5041232604049559,0.6236420917128145,0.025374766554078273,0.9396493446088104,0.013708952274236684,0.9745791011386286,0.11704274974431571,0.12605612592871585,0.6908983462972903,0.5608974366888188,0.965675144074697,0.1845842092549251,0.6093749502272707,5.0
2021-04-25 16:34:53.400,0.8019968743523552,0.08433830145046513,0.507323301446381,0.6104156393724801,0.01790117197040118,0.9338758055232783,0.015450047665275373,0.9854706770077555,0.1322157175063697,0.20446097302115526,0.7216312110602374,0.5539215633321688,0.9839820150914652,0.1683570283062275,0.5965908914876027,5.0
2021-04-25 16:34:53.420,0.8617293123232311,0.05437893622712283,0.5134212347746264,0.5935020430054269,0.010330753412862473,0.9270569913691756,0.016094421784197434,0.9888349650837933,0.13581463010962047,0.29537009662141495,0.7369976410229419,0.5490196026083726,0.9610983091580292,0.1622718094869759,0.605113597314048,5.0
2021-04-25 16:34:53.440,0.8423566495586873,0.04673907253541509,0.5173839352902726,0.5811391122075538,0.0050110541054392875,0.9240592716462817,0.016738795903119497,0.9921992531598313,0.13941354271287124,0.38289966150859706,0.7151300291529393,0.5446832558237151,0.9931347476249994,0.16024354168583654,0.6221590089669385,5.0
2021-04-25 16:34:53.460,0.8072975176921295,0.053794566141369175,0.5113900640553132,0.5761909906773707,0.0021666075701092533,0.9229187009133689,0.017865167462190856,0.9974587494759769,0.1429116547476715,0.4572490984479762,0.6968085116675613,0.5375188470593465,0.9519451079745941,0.15212984735752993,0.6221590089669385,5.0
2021-04-25 16:34:53.480,0.8029407736535086,0.04991284011848768,0.5091784508411694,0.573368585691597,0.00036427873014711735,0.9218353700050449,0.01831632690718182,0.9995728255363867,0.14493803855897625,0.5157147942164353,0.6968085116675613,0.5254524883735573,0.9519451079745941,0.13184613080655366,0.6093749502272707,5.0
2021-04-25 16:34:53.500,0.8026843634947822,0.04892609336124865,0.5216595868013735,0.5719642298372439,0.0,0.9208063016821112,0.018366889342159933,1.0,0.14683628682843436,0.5427509541093644,0.6843971643899922,0.5118778263644636,0.9427919067911591,0.13184613080655366,0.656249919545451,5.0
2021-04-25 16:34:53.520,0.7793810021425611,0.06112120636187229,0.5279819818825201,0.5711315754622319,0.0008219213089408097,0.9191522532274473,0.018049771251641936,0.9990360260556104,0.14986217483569278,0.5275431141695918,0.6613475242834734,0.49490950078209206,0.919908200857723,0.12778917978844137,0.6690340655578503,5.0
2021-04-25 16:34:53.540,0.7601608882790023,0.09556739527324679,0.5186691487342969,0.569816512379052,0.0028049229900708977,0.9164758592480396,0.01736259721921882,0.9967099117360194,0.15474939565552093,0.5025346662686324,0.6477541439318503,0.47605580723376467,0.9427919067911591,0.12778917978844137,0.656249919545451,5.0
2021-04-25 16:34:53.560,0.7494023763227191,0.11772881717155055,0.5178292428561004,0.5676534186311816,0.006338249528026137,0.9127348621552657,0.016222057997997412,0.9925630907362918,0.16157541251356305,0.49983104751316365,0.6495271935429315,0.45437405633531563,0.9405034893328265,0.1369170080173194,0.6349431549793378,5.0
2021-04-25 16:34:53.580,0.7109398048532208,0.0982879623846545,0.5339044560281695,0.5652261921680701,0.012270338726366107,0.908486053699215,0.014481386788460053,0.985595771634644,0.16931449654844324,0.5157147942164353,0.6436170233351226,0.43231523307823266,0.9610983091580292,0.1460446285382783,0.651988610268594,5.0
2021-04-25 16:34:53.600,0.6499419215085093,0.07938471218881749,0.5400389792252095,0.5632637493321305,0.020571235745315025,0.9042318670046123,0.012273776582076148,0.9758354235495156,0.17705599168689065,0.527205161617695,0.6140662013213057,0.4102564082779531,0.9382150718744912,0.16024354168583654,0.6690340655578503,5.0
2021-04-25 16:34:53.620,0.5733538443046886,0.09111742013554866,0.5344764784877146,0.5617005672196526,0.030748105788355323,0.8991411241152437,0.009816408307611671,0.9638536978457523,0.18635437606184047,0.5339642018675449,0.5839243530953857,0.3870663648585753,0.9702515103414642,0.17849899043567347,0.673295418471073,5.0
2021-04-25 16:34:53.640,0.5262372871153752,0.11661342213043895,0.520762980553485,0.5604621778939459,0.042868953456596845,0.8933059753862991,0.007247565134554387,0.9495627989561171,0.1970519546279731,0.5775600072053347,0.5620567412253832,0.3563348372298017,0.9473682730579263,0.2008113902036227,0.6903408301239634,5.0
2021-04-25 16:34:53.660,0.46207489744355584,0.11240634089336073,0.5182975121472034,0.5605825455234859,0.058088756349975915,0.8870783593030224,0.004585402031167681,0.9315914606426625,0.20850617872231345,0.5961473698978994,0.5301418472584124,0.3208898920009333,0.9473682730579263,0.23123727659196172,0.651988610268594,5.0
2021-04-25 16:34:53.680,0.29867730950102395,0.020255175369180388,0.5518926027338431,0.5612553423475394,0.07745934026171498,0.8786765422651276,0.002040991712596645,0.9086848129077941,0.22403582020004592,0.5900642311558144,0.42021277233888,0.2724359017885031,0.9336387056077241,0.25354967635991094,0.6434658608057832,5.0
2021-04-25 16:34:53.700,0.1775134614857121,0.0,0.5026852152570587,0.5624004139953199,0.10165605687441066,0.8662476730714764,0.00020513417412317217,0.8800347305814077,0.2471007881515281,0.573673561986902,0.25502362847088517,0.21106712658038757,0.9244850357743909,0.30020295140486436,0.6093749502272707,5.0
2021-04-25 16:34:53.720,0.17831249314258535,0.1668914233956459,0.46099998566791306,0.563071563615542,0.12796647729632235,0.8484795575553638,0.0,0.848862871535543,0.28012643931483056,0.5914160419166368,0.19680851166756125,0.1370663463402168,0.9061786334075208,0.336714056612455,0.5624999809090901,5.0
2021-04-25 16:34:53.740,0.29537410244063,0.21882163853600417,0.43266693956715985,0.5644924774492782,0.15871606993663745,0.8270238911920874,0.0022398480004978596,0.812446986789084,0.31993122546265856,0.5552551780598441,0.22281322962167743,0.09030918868602365,0.919908200857723,0.3691684185098502,0.4687499549999985,5.0
2021-04-25 16:34:53.760,0.4491473757436485,0.25940945110097213,0.44099693490847197,0.5665866249741712,0.19464456397340277,0.8042063299754878,0.013340338549436928,0.7463929703116161,0.3812686120837588,0.4974653835225324,0.2405437257324903,0.050904976747114465,0.9153318345909559,0.43002039899444505,0.47727274809917447,5.0
2021-04-25 16:34:53.780,0.6176595848940301,0.3882862046202979,0.42198281461222614,0.5679459978404156,0.23473183085781194,0.7828782527178593,0.03409638778062065,0.6722032647977655,0.43182960262439024,0.4619804236630629,0.2582742218433032,0.025452496089539887,0.8512584890071144,0.4888441116779006,0.4474431467975193,5.0
2021-04-25 16:34:53.800,0.6530541114771785,0.4723689917035543,0.3900525693861659,0.5682801796890258,0.2780306152111344,0.7650337854223035,0.055059607257134706,0.6196613388613283,0.4570558937292847,0.47718826360283556,0.28723403215763094,0.00904978290311062,0.8283752517235765,0.5436104579274114,0.430397691508263,5.0
2021-04-25 16:34:53.820,0.6284631448255473,0.4507599017278736,0.3619957415976368,0.5680274556507557,0.3234594166371184,0.7498210535181794,0.08181035914005534,0.565623447349822,0.4754502367657386,0.5319364895989576,0.3161938521470348,0.0,0.7871856120731712,0.6024341706108669,0.42613633859504,5.0
2021-04-25 16:34:53.840,0.5598771627523529,0.42582575054064187,0.36734720108773955,0.5703350736304411,0.3948441520689458,0.7313310775464209,0.11423988329239848,0.5118474730276843,0.49284795379588664,0.6089895486132165,0.3274231711880877,0.004901948378223924,0.7643023747896358,0.6490872379479036,0.36647722326446114,5.0
2021-04-25 16:34:53.860,0.4812163510478129,0.4306253996405533,0.3541869014549499,0.5771125439269872,0.46522153077798073,0.7106040904769546,0.15080890988153747,0.46099386690323974,0.511937944571602,0.6782697028064956,0.3150118287480567,0.01809956580622138,0.7048053954725615,0.6957403052849414,0.3494317243388392,5.0
2021-04-25 16:34:53.880,0.4171657658055785,0.48459739489772397,0.33832679113231745,0.5847312698672477,0.508417658457908,0.6924835082557405,0.1897794824595437,0.4147360524997919,0.5355698125506972,0.7326799773571913,0.3073286137667045,0.03751885786172216,0.6544620859888203,0.7423935803298948,0.29403404919421317,5.0
2021-04-25 16:34:53.900,0.3734493385642707,0.5275782071516789,0.32602020277320315,0.5942261323244387,0.5480589031504709,0.67073525611124,0.22988940655056714,0.3733364599781633,0.5633776649385948,0.7553227750983985,0.2825058853488,0.060331808860911045,0.5995424102383147,0.7728194667182338,0.27698859390495695,5.0
2021-04-25 16:34:53.920,0.3271212745190666,0.5611180357027785,0.3166383780979781,0.6046197450008152,0.5840772675145789,0.6455120376023391,0.2701844434488437,0.3366746315710776,0.5948535782403258,0.7333558924192177,0.24822694555138058,0.08257919376005395,0.5537754670213406,0.7991888175042942,0.25994313861570073,5.0
2021-04-25 16:34:53.940,0.3242931053268396,0.6246884872772512,0.297809459511677,0.6143883942200505,0.6167383520975793,0.6195010512055369,0.3097443398705076,0.30427475105118157,0.6256624978377209,0.6890841778283706,0.2405437257324903,0.1035067906820558,0.48970259008739997,0.8154157907450749,0.18749996454545279,5.0
2021-04-25 16:34:53.960,0.3640764815063149,0.6822553951566438,0.28762088520337614,0.622707718920336,0.6467493844229606,0.595736439803921,0.3481210074446399,0.2752568913264041,0.6513016617248808,0.6481919776917878,0.26654844368660646,0.12292608273755658,0.37757435247815,0.8620690657900283,0.1832386116322304,5.0
2021-04-25 16:34:53.980,0.41929473586763055,0.7222133932491193,0.2818528836083111,0.6296190066237933,0.6746774010408544,0.5762660157461379,0.38499306929844723,0.2489348876985291,0.6691540831404169,0.6285907673017659,0.3020094504208464,0.1432880981275471,0.34324949655284703,0.9026369143078145,0.1704545528925623,5.0
2021-04-25 16:34:54.000,0.4522822237528648,0.7410932606976091,0.288008049062127,0.6357581281416296,0.7004466218694434,0.559776192285858,0.4200433564396309,0.2252570306333576,0.6817860478259015,0.6201419645690498,0.32919623047424507,0.16459277512416554,0.25171654741870053,0.9188638875485953,0.14914770105371794,5.0
2021-04-25 16:34:54.020,0.4894210475386453,0.7714345685925856,0.28549384649565024,0.6413673728339305,0.7237601266379693,0.5459040823807848,0.45257169791456275,0.204358975934769,0.6903683761921104,0.6171003965810953,0.3676122957059303,0.1857088889355277,0.2105264391183944,0.9371197517142658,0.15340905396694032,5.0
2021-04-25 16:34:54.040,0.5332548794314136,0.8060598582962337,0.28995962352291516,0.646545193357523,0.7445288349091931,0.5346348478549138,0.48210789701246437,0.18617494255750694,0.6954653290998304,0.624535337785475,0.4107565174215225,0.20871040311997302,0.15102992845122085,0.9634888947924093,0.09374993863636143,5.0
2021-04-25 16:34:54.060,0.5678210870068757,0.8278335134227978,0.29367501704024374,0.6516435756859079,0.7626126863901064,0.5255268969071385,0.5082537660742519,0.17068265144725292,0.6981827002272678,0.639743183257599,0.45567376456050573,0.23736802583187552,0.13272305743445,0.9574036759731577,0.09374993863636143,5.0
2021-04-25 16:34:54.080,0.5707731468218169,0.8417006396485238,0.29819379746775826,0.6567951268892677,0.7772494952108557,0.5181284574990941,0.5297995733921804,0.15838144511038985,0.6998835720099063,0.6532612632040637,0.46513002431540124,0.26847663044887266,0.05034330948374117,0.96146062699127,0.08948858572313842,5.0
2021-04-25 16:34:54.100,0.5523605982865607,0.852345350433513,0.29683734392901656,0.6618096737043905,0.7881605637492133,0.5112800870429494,0.5463559542823966,0.14935238309488688,0.7025005065829057,0.6574856645704218,0.45449173148645156,0.3157993974126149,0.041189639650405355,0.9675456381026049,0.03409091057851246,5.0
2021-04-25 16:34:54.120,0.5568031742971912,0.8702466481785811,0.2959808270100385,0.6663633472110018,0.7954026943964556,0.504425954188356,0.557936109273227,0.14342677825854375,0.7069137394076472,0.6458263164673324,0.5041371205967277,0.3661387648501803,0.0228832372835353,0.9756595401388283,0.05965902805784897,5.0
2021-04-25 16:34:54.140,0.6086109030605403,0.8852881271259531,0.30373870468218145,0.6701469529264382,0.7994851339488087,0.49946116772507526,0.5647380293223098,0.1401102367607674,0.7106630837371924,0.6437986044753626,0.5531914934118537,0.4064856692596484,0.0,0.9675456381026049,0.012784146012399581,5.0
2021-04-25 16:34:54.160,0.6625102125950895,0.8914298025877018,0.3196056113513776,0.6729807379421601,0.8002924045387318,0.4980018403179847,0.5637597395254106,0.14070862299079503,0.7114135397224766,0.6522474127404305,0.5768321546510605,0.4528657607588576,0.036613273383638234,0.9533469326629633,0.05965902805784897,5.0
2021-04-25 16:34:54.180,0.6617679067094467,0.8725913946153522,0.3291458359741765,0.6750280404224394,0.7972046311953737,0.5003920351744485,0.5493249872512249,0.1483382687054513,0.7091158545714754,0.6532612632040637,0.5709219902482973,0.4986802398003968,0.004576834916667909,0.9452332383346556,0.021306764566113502,5.0
2021-04-25 16:34:54.200,0.642319983661575,0.8586357109831294,0.32913069359248853,0.676523085590344,0.7893952026373037,0.5054143255722471,0.5431086412813267,0.15177698793361388,0.708739898115905,0.6370395645021304,0.5673758910261347,0.5443061850082778,0.0228832372835353,0.9188638875485953,0.00426130927685727,5.0
2021-04-25 16:34:54.220,0.622872060613703,0.8446800273509066,0.32911555121080055,0.6768654175170417,0.7831585628878847,0.5086411606584539,0.5368922953114286,0.15521570716177654,0.7083639416603345,0.6095809639193304,0.5880614693383293,0.5823435136980298,0.038138728805893495,0.9134549426256492,0.00804918823002539,5.0
2021-04-25 16:34:54.240,0.6034241375658311,0.8307243437186839,0.32910040882911257,0.6772077494437393,0.7769219231384658,0.5118679957446611,0.5306759493415304,0.15865442638993912,0.707987985204764,0.5821223633365303,0.6087470476505239,0.6203808423877818,0.053394220328251696,0.9080459977027043,0.01183706718319351,5.0
2021-04-25 16:34:54.260,0.553847185755169,0.8391539968312233,0.33156119018714925,0.9265100320967933,0.7713309483685817,0.49522220336637424,0.5276183698982031,0.16381637431099164,0.7297792730841355,0.5207840741963595,0.6755319114970476,0.7115384805316497,0.06864971185060989,0.9026370527797583,0.015624946136361631,5.0
2021-04-25 16:34:54.280,0.4249729132125615,0.7267253654791194,0.3557436497079926,1.0,0.6811229188065573,0.583074769712949,0.39152894270979205,0.24295675860861904,0.656944035484994,0.49138224754662335,0.6950354572189419,0.7754524806575747,0.17391316573475615,0.8640975412990844,0.0,5.0
2021-04-25 16:34:54.300,0.29147954814209776,0.6388823589026698,0.3408585467071321,0.9899340519744662,0.6432605530915051,0.6127184681316796,0.3409903976336781,0.27859198026262866,0.6274578306042683,0.44846234648277417,0.6471631273948232,0.8461538758307028,0.2425628775853647,0.8215008018564097,0.05113632223140295,5.0
2021-04-25 16:34:54.320,0.20629022064112248,0.577918645015037,0.31945885685754666,0.9786921722954582,0.5988479946519792,0.6419185819198411,0.28643789087795146,0.32191935974081537,0.5965605821586599,0.36160867729438795,0.573286055428898,0.9025263824880526,0.27459978470223584,0.787018379865792,0.03409091057851246,5.0
2021-04-25 16:34:54.340,0.23760722329570386,0.5674408730579055,0.3261936666051687,0.965344235091681,0.5494300449220956,0.6691618812348551,0.23145921745130213,0.3719236561281979,0.5656068919704564,0.2321730203143526,0.5496453939478142,0.9270362015389991,0.31121258943597596,0.748479006857062,0.07670443971073947,5.0
2021-04-25 16:34:54.360,0.3662779687271419,0.5384864470254749,0.3527212353874118,0.9494072085822127,0.4990486761064342,0.6967330370115971,0.1809325833917503,0.4246716155403273,0.5301080888987612,0.15207842705948418,0.5721040223548438,0.9317496330278627,0.3913043885782516,0.7089249806779715,0.09801131336776654,5.0
2021-04-25 16:34:54.380,0.5070781185235529,0.48207941407877813,0.3924078159403498,0.9329671546696612,0.4497234513434956,0.7225519434601146,0.13722729689404986,0.4778588293908946,0.49363928633677673,0.13281516590194803,0.6365248248907973,0.923642542595311,0.4576656829705289,0.6612576755864068,0.11931814338842787,5.0
2021-04-25 16:34:54.400,0.5637493271161981,0.4572843362714342,0.41445223092608124,0.9260600530124623,0.42684456037243323,0.736687587054234,0.11932268055222006,0.5031303982387497,0.4715587443119271,0.17438323684174414,0.7582742315183792,0.9047888320718217,0.5034326261875003,0.6206896193607039,0.14914770105371794,5.0
2021-04-25 16:34:54.420,0.6204205357088434,0.4324892584640904,0.43649664591181275,0.9191529513552635,0.40396566940137074,0.7508232306483533,0.10141806421038994,0.5284019670866048,0.44947820228707763,0.2828658643724078,0.910165467021729,0.8770739172624434,0.5720823380381088,0.5841785141531132,0.21732952221074286,5.0
2021-04-25 16:34:54.440,0.6885141268454065,0.3921930532810696,0.48902724276524606,0.9100468146787692,0.3612020355932612,0.7774145385889097,0.07270861182616362,0.5765454544960775,0.4055426634071069,0.43798583452426415,0.9787233949919484,0.8474736175119475,0.5720823380381088,0.5334684957979654,0.23437493386363367,5.0
2021-04-25 16:34:54.460,0.6515646858008851,0.3304966209728237,0.5238734030041574,0.9064677630321682,0.32148585298112364,0.7998177833570602,0.05040243371591403,0.621930111018992,0.3671565090159076,0.5816154311892741,0.9290779962065961,0.8225867338183498,0.6270020137886171,0.4847871606597883,0.24715899260330176,5.0
2021-04-25 16:34:54.480,0.5377744775412054,0.2661499942972174,0.5149934799132762,0.9076055869830906,0.28434395706482646,0.8161277719657588,0.03339971208256421,0.6648644336643773,0.33858302425923376,0.6623859644017515,0.8587470331379097,0.7988311057805674,0.631578848705285,0.43813388561483485,0.2301135809504113,5.0
2021-04-25 16:34:54.500,0.4776309423306675,0.24819491105243496,0.4774642618268712,0.9113548377560089,0.24968384067800448,0.8285190895295202,0.020735009828709614,0.7052811427056712,0.31646632089971544,0.6985468337908957,0.8563829766648774,0.7701734830686648,0.6636157558221562,0.3935090860789376,0.3025567550206586,5.0
