2021-04-07 23:13:44.100,0.0,0.13272981271766898,0.6177977686325805,0.9314468041053003,0.3138236524017472,0.498478663601774,0.15421391582706764,0.6443465960888913,0.6679527564881856,0.8694569015602777,0.7100000131780335,0.09075996247064666,0.7793104032722793,0.43638864993218024,0.9086757980192239,2.0
2021-04-07 23:13:44.120,0.7411232416643909,0.331932705442447,0.34995536568311525,0.9371484412275868,0.36394175678758317,0.5228609285777142,0.1918865525998487,0.5898020405984512,0.6319766207050768,0.9175386239921643,0.6155000078618019,0.10196831078606201,0.7551722579405876,0.47742822158354176,0.9269406384153792,2.0
2021-04-07 23:13:44.140,0.05991448709825507,0.2979271096871636,0.7955504389349949,0.9448590476046673,0.40696449593521833,0.4917003428352065,0.22885415913407214,0.5436805492552619,0.6668902733545281,0.9277528717026775,0.7080000133253656,0.09732094248436726,0.7241380040903491,0.5266757635980149,0.9086757980192239,2.0
2021-04-07 23:13:44.160,0.6992601896860082,0.5248707641917316,0.08899780265653415,0.9483396531871562,0.45142613195941056,0.5142417633388703,0.2681466378435163,0.4967530751736508,0.633800497430204,0.9372197250894592,0.421000018097287,0.11235649184790698,0.6827585281522245,0.5759233056124881,0.8949771794116054,2.0
2021-04-07 23:13:44.180,0.47298200828813836,0.5112562429220543,1.0,0.9583914054963246,0.49405970326854626,0.438944122573262,0.33256956428610185,0.4315062120453382,0.7092515937581158,0.8893871327393885,0.5410000174424778,0.10552216750151816,0.6275861289702943,0.6196989607729515,0.8949771794116054,2.0
2021-04-07 23:13:44.200,0.3815716456541977,0.5012312630811472,0.0009099969642802852,0.9615078424646449,0.5352598366981639,0.4515854146198746,0.4025649992770079,0.36889869329150626,0.8115389556634075,0.8086696713825486,0.3800000047473661,0.12493165133037369,0.5965518751200558,0.6580027290794049,0.8584474986192949,2.0
2021-04-07 23:13:44.220,0.42193926158697737,0.6238766440368907,0.5851681638883849,0.9721788528032762,0.576838197414364,0.3486461733093259,0.4440120569768639,0.33303345780713967,0.8078926056532486,0.7483806850553191,0.45100002407242007,0.1342263655578355,0.5724137297883641,0.6771544731505348,0.8264840396155212,2.0
2021-04-07 23:13:44.240,0.9839682813671538,0.810990527954381,0.47139667278695946,0.9728867033324347,0.6133683618976669,0.3444015970368524,0.46878512211241635,0.3130203927767449,0.8076563902813559,0.7658196480425342,0.7150000046245893,0.156916361769479,0.5275861995909641,0.7154585216211822,0.7990867556422927,2.0
2021-04-07 23:13:44.260,0.22896102887710912,0.6791045436945906,0.7945225527322889,0.9752583659855016,0.6549749650283002,0.33567271010258026,0.493558187247969,0.29300732774635,0.8074201749094632,0.789237671819088,0.45000002414608614,0.19764900826699908,0.5137929232438047,0.7701779504896652,0.8264840396155212,2.0
2021-04-07 23:13:44.280,0.6171600413929974,0.7683675643864931,0.0,0.9782029619963271,0.7018771110965111,0.32181038843509246,0.5524896383726869,0.24905396472679672,0.8103478633450817,0.7842551232004473,0.5380000176634758,0.2214324713130259,0.4793102620309367,0.7811217241976832,0.7899543588232107,2.0
2021-04-07 23:13:44.300,0.8821840851754874,0.8626467719300137,0.9464902206850484,0.9825013433865537,0.7237373263716083,0.2792594694895893,0.5885147091492495,0.2251394296070586,0.8434702996291139,0.7847533752075132,0.5410000174424778,0.27255332124831855,0.4517244155433275,0.8030098319421088,0.7488584562423637,2.0
2021-04-07 23:13:44.320,0.11282144188673443,0.7015232485232029,0.29745366213495117,0.9867997247767802,0.7455975416467053,0.23670855054408715,0.624539779925812,0.2012248944873205,0.8765927359131462,0.7673144122202981,0.47700002215710346,0.31902678050598887,0.4000000706206708,0.8139536056501285,0.7488584562423637,2.0
2021-04-07 23:13:44.340,0.3848173004984874,0.7769207956172143,0.46920997425030475,0.985287512780504,0.7630660163617645,0.2520305840959302,0.6600021427873527,0.17614000059967877,0.8164210437907696,0.8061783909558036,0.7920000071374194,0.3706943638584732,0.39310360899876795,0.8467854871025722,0.7397260360442861,2.0
2021-04-07 23:13:44.360,0.6568131591102404,0.8523183427112258,0.6409662863656583,0.9829364308354718,0.7825698397744894,0.29307243518209536,0.6719851339808368,0.17052319301643723,0.8771929526115875,0.8435475810438464,0.4760000222307695,0.44614543263291195,0.38965520163613865,0.8522570937923881,0.7123287754500532,2.0
2021-04-07 23:13:44.380,0.31431821638397145,0.6951329070271041,0.03932189021644871,0.98807037740159,0.7893618810305209,0.25166722491963056,0.6721918029965074,0.17037571400917867,0.8759765072390715,0.8335824756499989,0.6730000126296308,0.4816839774115457,0.3965520163613973,0.86867303451861,0.6986301568424347,2.0
2021-04-07 23:13:44.400,0.8792530969968471,0.8359096125101891,0.7491661117218991,0.9928369735153334,0.7858980120622404,0.2186162884261717,0.672398472012178,0.17022823500192025,0.8747600618665556,0.9103139046371792,0.9119999982974962,0.5303444464161365,0.4000000706206708,0.8577292608105919,0.6757990712787473,2.0
2021-04-07 23:13:44.420,0.14515141477601012,0.6492924656981856,0.7268741947171175,0.9976035696290766,0.7824341430939599,0.18556535193271392,0.6650547772297771,0.17607775417046054,0.9080888995337019,0.9312406765349699,0.6930000062452419,0.5749043141001158,0.3965520163613973,0.8577292608105919,0.6255707952578139,2.0
2021-04-07 23:13:44.440,0.3304696764845927,0.6969922595856501,0.4976123308957796,0.9982838394061464,0.772764787438893,0.20553686111630712,0.6577110824473765,0.1819272733390007,0.941417737200848,0.9070752533368309,0.6277500110519502,0.6047703564694495,0.41206896673483867,0.8426813618389202,0.607305931482663,2.0
2021-04-07 23:13:44.460,0.5157879381931753,0.7446920534731147,0.26835046707444166,0.9989641091832161,0.7630954317838259,0.22550837029989926,0.6238312396183884,0.20253754570370094,0.8994685603719283,0.8829098301386918,0.5625000158586583,0.6346363988387833,0.42672408009514007,0.8433653827161957,0.6118721415817018,2.0
2021-04-07 23:13:44.480,0.3976430559547789,0.7400858465671344,0.488950405829113,1.0,0.7300474419551556,0.2181273317269369,0.5779282317608526,0.2346486163195755,0.9199801411403858,0.7837568589585321,0.653000009191883,0.6976489802970894,0.44137919345544147,0.8440494035934704,0.6164383516807406,2.0
2021-04-07 23:13:44.500,0.38952809298023694,0.7284410213739689,0.49112178335513024,0.9985032488448264,0.6879506005883649,0.2308982607082175,0.5397025671848433,0.26193220176703846,0.9135778296903452,0.6631788842649314,0.6650000083078906,0.7476763410220711,0.4620689314245038,0.8276334628672485,0.5799086708884302,2.0
2021-04-07 23:13:44.520,0.293482400229551,0.6934637128176209,0.47839794188264073,0.9935993853382804,0.6536288711014061,0.2681758309708717,0.4954742186675826,0.2942877859962357,0.8832056909629528,0.4952665814631754,0.48600002149410926,0.794423189364265,0.5344828377645449,0.7729138939166693,0.5662100522808117,2.0
2021-04-07 23:13:44.540,0.17874374937815468,0.6804940881084994,0.4522451246666529,0.9844105258563259,0.614732208843857,0.31311513195198715,0.44716069843898726,0.3317075679284336,0.8432957065170787,0.28898855805040446,0.17400000355233938,0.8422635269167698,0.5689655872532522,0.7523940380499397,0.5890411027760056,2.0
2021-04-07 23:13:44.560,0.1645369839439322,0.6785202216176968,0.44207881489570017,0.9706095918942499,0.5716216971446568,0.3513617101193382,0.3966908441855474,0.37407289392848525,0.8095505362192226,0.09616342855064099,0.0,0.8649535231284133,0.6034483367419585,0.7318741821832101,0.6118721532711996,2.0
2021-04-07 23:13:44.580,0.3463372126374214,0.6569031895704773,0.45520459473804514,0.9533743336326865,0.5281414624641788,0.3887983016885189,0.3484981471086862,0.41770587205115545,0.7744285122063502,0.0,0.09900001726240532,0.8630399114163874,0.6379309979548244,0.6880985270227468,0.64840183406351,2.0
2021-04-07 23:13:44.600,0.5843179616464024,0.6070106357479885,0.5149931982510847,0.9359555050009675,0.48757777590422385,0.4305564250206646,0.3057200054811915,0.45918721997313416,0.7313263819993582,0.06826107961453041,0.37800003763515394,0.8496446294322054,0.6586207359238887,0.6415870685173755,0.6666666744596653,2.0
2021-04-07 23:13:44.620,0.6625996941884019,0.5221243183149501,0.551492797553402,0.7232076700562596,0.45355180600408834,0.4150014958974979,0.28487403555716184,0.4858810052491681,0.8010692469858572,0.3455406278157996,0.7320000058278011,0.8255877549257276,0.713793135105819,0.6087551870649318,0.7077625536615166,2.0
2021-04-07 23:13:44.640,0.7408814267304014,0.43723800088191195,0.5879923968557191,0.5104598351115519,0.41952583610395283,0.3994465667743323,0.2640280656331322,0.5125747905252022,0.8708121119723563,0.5008719614037809,0.7632500043442493,0.8144477930393165,0.7672413306064334,0.5540356181143525,0.7579908764404413,2.0
2021-04-07 23:13:44.660,0.5598852530252446,0.3479944145296481,0.5834596852375031,0.40944782121845064,0.3779149375848092,0.4900648507826274,0.19526266297791325,0.5842462590776558,0.5834915322196369,0.6562032949917623,0.7945000028606973,0.8033078311529054,0.8172414718477765,0.5129959063808933,0.7762557168365966,2.0
2021-04-07 23:13:44.680,0.533024903403805,0.33737746037197086,0.5638723921444266,0.30843580732534936,0.3363040390656656,0.5806831347909225,0.1563353136977336,0.6374511376344012,0.5506644912170592,0.7289486895701416,0.7550000098630624,0.7837616415938242,0.8310343950915801,0.48016430509264363,0.7945205572327517,2.0
2021-04-07 23:13:44.700,0.5486823023990787,0.3536181398095958,0.5484081247342916,0.31051982818883606,0.2892078617452605,0.6016523786724176,0.13392215287002537,0.6714341041257403,0.5358542309107571,0.7110114704975774,0.7260000038142631,0.7720065598612171,0.8206895261070499,0.46648444787552207,0.7990867556422927,2.0
2021-04-07 23:13:44.720,0.5826380893754542,0.35937224541000434,0.5430098993002691,0.3118232537471713,0.25991025927698175,0.6129935437800463,0.11404611369425652,0.7039117713751913,0.5224427933211367,0.6661684207770254,0.7270000037405971,0.7624385013010874,0.8413792640761123,0.42544459605996665,0.7442922344538271,2.0
2021-04-07 23:13:44.740,0.6303974093841886,0.3571338228877102,0.5623180986361715,0.31203963682383007,0.23227410932487486,0.6236443640286289,0.0965116743656458,0.7347705525868632,0.5095686970985862,0.6113602493494934,0.7170000044772573,0.75451066536846,0.8793103326516095,0.3926129947717169,0.7945205572327517,2.0
2021-04-07 23:13:44.760,0.6196178010693577,0.30242014471902,0.605661127948261,0.3107507211708609,0.20652731373639865,0.6291922236176244,0.08131691531528282,0.7637015868336452,0.5031554862046881,0.555057311705056,0.6630000084552228,0.7465828294358325,0.9155171975457911,0.35157314295616154,0.7762557168365966,2.0
2021-04-07 23:13:44.780,0.6142129626761466,0.22332007873240475,0.632819360735705,0.30810581816182253,0.18313589490753962,0.6277680209805911,0.06850955154181007,0.7901282894349126,0.5058440460670037,0.523667186484635,0.6500000143239495,0.7323674025740081,0.9241378628490076,0.32284538676736907,0.7705479571351724,2.0
2021-04-07 23:13:44.800,0.6785695408109819,0.18120988171199953,0.6485527956689586,0.30464765900158947,0.16284877309323517,0.6226667888134674,0.0581581390777583,0.8131505394863032,0.5133345339327938,0.5166915972114657,0.6720000118847854,0.7159650040043399,0.932758528152225,0.2941176305785774,0.7648401974337484,2.0
2021-04-07 23:13:44.820,0.7402883812025925,0.1710623293187399,0.6471992871782623,0.30099247174187793,0.14538248648855936,0.6185089377714912,0.04975975086847454,0.8330436455525347,0.5194777253825459,0.5256601985911815,0.6890000098139516,0.6998359654304894,0.9241378628490076,0.25581386227212316,0.8082191992193659,2.0
2021-04-07 23:13:44.840,0.7740243106795859,0.15576113572735595,0.6339405860581763,0.2976245900092999,0.13050306518736116,0.6165238017545395,0.04295570175175164,0.850040064332175,0.5226120931553231,0.5575485880535178,0.7010000056559137,0.6872607992352444,0.9275862702116369,0.2530780589272152,0.8127853976289069,2.0
2021-04-07 23:13:44.860,0.7727639973098026,0.14078041809249892,0.6281219535302036,0.2949368985078365,0.11729574370234476,0.6147122665022745,0.037208238208410196,0.8651627412385119,0.5254529779097192,0.5959143107036743,0.7010000056559137,0.6787862075094978,0.9517240624399727,0.23666211820099334,0.8127853976289069,2.0
2021-04-07 23:13:44.880,0.7601785054688401,0.12320285559868391,0.6193359920169805,0.293102171052093,0.10519544816645655,0.6124288528078197,0.03219651800620056,0.8790465913943412,0.5288973844336038,0.6218236259183375,0.6880000066135721,0.6692181355238113,0.9517240624399727,0.22024617747477152,0.7899543588232107,2.0
2021-04-07 23:13:44.900,0.7475581014273428,0.10556855038531489,0.6137875490580669,0.2918360959354302,0.09434255601181918,0.6084588813813023,0.027936446144670404,0.8915212423296666,0.5345871371470945,0.6283009558435312,0.6580000088235528,0.6569163337995694,0.9862067236528406,0.22571806432878133,0.8127853976289069,2.0
2021-04-07 23:13:44.920,0.7226173956882037,0.08274071850782203,0.6135326404031463,0.2907008305263012,0.08501592724420183,0.6012375404814805,0.02450453115612502,0.9022575966557131,0.5446587214621849,0.6238166506675619,0.6300000125232244,0.6410606843102423,0.9853447100880226,0.20041034248531736,0.8116438421817728,2.0
2021-04-07 23:13:44.940,0.688459945318678,0.061297351291492594,0.6210347064789693,0.28939530784733,0.07750094108484593,0.5903510440432651,0.02195726321137077,0.9109189876201824,0.5596810409593446,0.5764823221515781,0.5685000145981507,0.6075724401919143,0.9844826965232037,0.1751026206418534,0.8105022867346386,2.0
2021-04-07 23:13:44.960,0.6772646538891092,0.06749176484281796,0.611612145290467,0.2877157094670476,0.07225441633142426,0.5774534842011658,0.02036923127380252,0.9169710799490542,0.5773900065368717,0.5281514912527759,0.5560000163374874,0.5647894975092739,0.9862067236528406,0.1627906650971866,0.8219178178269846,2.0
2021-04-07 23:13:44.980,0.7168238781699352,0.09605404806750521,0.6044159989124723,0.28512680174842586,0.0700555458588178,0.5621683502057999,0.01997846188837106,0.9195089330616004,0.5982719314520487,0.5643996163640621,0.611500014909185,0.5395024559202894,0.9758618546683083,0.1655267486062885,0.8264840396155212,2.0
2021-04-07 23:13:45.000,0.7553727662605282,0.04240470979623419,0.6197603346514666,0.2820263549633827,0.07198295529684846,0.5476021187710297,0.01315795932384064,0.9410281160609582,0.5278714454219098,0.6006477414753483,0.6670000134808828,0.514215414331305,0.9965515926373707,0.15184661122497461,0.7808219152461375,2.0
2021-04-07 23:13:45.020,0.6857224291690242,0.0,0.6166158731587895,0.10359879351637406,0.0309394409434365,0.6803664223655503,0.02746450641672107,0.8984105217118928,0.6344000883523256,0.7025411129683612,0.7330000114837149,0.46555494555047344,0.9931031852747433,0.15184661122497461,0.7716895184270556,2.0
2021-04-07 23:13:45.040,0.6395233099987228,0.017475694637374035,0.604697382318019,0.08549847299245605,0.08835629204393475,0.5350858793964666,0.032304562313470786,0.8841861892266423,0.6340026900119063,0.7194818198702274,0.7020000055822477,0.4373974809113478,1.0,0.1627906650971866,0.7945205572327517,2.0
2021-04-07 23:13:45.060,0.5933241908284214,0.034951389274748015,0.5927788914772486,0.08508868838872898,0.10072170986163867,0.5349881819964274,0.03717094372671252,0.8710177134383251,0.6346882082246279,0.7030393649754271,0.6870000066872382,0.4078731536405371,0.9689653930464056,0.17647052231430815,0.8264840396155212,2.0
2021-04-07 23:13:45.080,0.5744699779223759,0.11109085620674918,0.5769093386074149,0.08550911407182117,0.1236853418316232,0.5331849134472432,0.042037325139954736,0.8578492376500081,0.6353737264373496,0.6811161053766371,0.7100000131780335,0.3805358025527555,0.982758669393567,0.2010944334036417,0.7945205572327517,2.0
2021-04-07 23:13:45.100,0.5134943085331433,0.11327291730451008,0.5726296594966568,0.08562346138236233,0.15171088520061954,0.535811846230605,0.05476598658808135,0.8258285745851947,0.630427854691628,0.671150979591374,0.6840000110007932,0.3581191820000788,0.9448276008180698,0.2229822609838734,0.8310502380250622,2.0
2021-04-07 23:13:45.120,0.4151227623721906,0.0866318969088638,0.5788101715029589,0.08554480489561096,0.17325738860868603,0.5367692807509888,0.0654629214560938,0.801327039186147,0.6279743497810397,0.674140516103468,0.604000014438541,0.34335702172106264,0.9517240624399727,0.272229802998345,0.8082191992193659,2.0
2021-04-07 23:13:45.140,0.3781560737223177,0.08778000882748141,0.5776984449029026,0.08565546055068765,0.19606196525585234,0.5298838686036104,0.07780849179443212,0.7755087125923021,0.6358242701986957,0.7025411129683612,0.5680000154534952,0.3275013610437717,0.9275862702116369,0.2804377733614567,0.7899543588232107,2.0
2021-04-07 23:13:45.160,0.39025292528745914,0.10310577337103305,0.5830494178569012,0.08640383612827444,0.22036745027899815,0.5170960304569394,0.09203140052762344,0.7481287027221609,0.6512091086008314,0.755356266171922,0.5430000172951458,0.3042646112766016,0.9258618899786443,0.3160054581588091,0.7876712362394446,2.0
2021-04-07 23:13:45.180,0.38841610374801505,0.09561248585665137,0.5701936483937425,0.08844299668877664,0.24712407008833365,0.5000305492254731,0.10886300341071738,0.7181628437956639,0.6717308050738722,0.8086696713825486,0.4850000215677753,0.2772006447981579,0.8896552016361396,0.3734609705363932,0.7899543588232107,2.0
2021-04-07 23:13:45.200,0.45466073408941227,0.1556830078758744,0.5501377274930193,0.09189359175181913,0.2764080701796929,0.4753318949770981,0.12880074301576502,0.6855922587470444,0.7015444293227994,0.8191330491748776,0.5160000192841285,0.23291416396110942,0.8793103326516085,0.391244953017166,0.7808219386251332,2.0
2021-04-07 23:13:45.220,0.5980777345397766,0.27037074293202573,0.5340310603521999,0.09592852417000952,0.31027106345266336,0.45401582532546486,0.15327223016420982,0.6482439995763011,0.7257847560086588,0.7857498832999281,0.6450000097812112,0.1776927462690966,0.8689654636670774,0.40902893549793873,0.7716895184270556,2.0
2021-04-07 23:13:45.240,0.6668945013243994,0.3079887578173318,0.5165346791303915,0.09965604039731206,0.35069926763155934,0.45021163887163057,0.18390800153379008,0.6041315717889946,0.7260266823489048,0.7787743062616083,0.8039999980683131,0.1279387746286383,0.8137930644851472,0.44459634013109806,0.7762557168365966,2.0
2021-04-07 23:13:45.260,0.6363709511574499,0.31745561080013124,0.516619501200655,0.10351129296569911,0.3962282729239104,0.4625947091747554,0.22066610083259608,0.5551260448096743,0.7047353417577731,0.8126557200653406,0.9150000062616123,0.09212686314140862,0.7724137650986995,0.529411707025019,0.7602739756452118,2.0
2021-04-07 23:13:45.280,0.5618293213906631,0.3265938727646109,0.5089967308356292,0.10839367906435211,0.4445712558428328,0.48386613862975386,0.2627715706688879,0.5039369418260583,0.6721336106077325,0.8659691252759673,0.9529999870920753,0.0656096211297855,0.6827585281522245,0.5868673594847001,0.7442922344538271,2.0
2021-04-07 23:13:45.300,0.49119392707241943,0.34651165853425425,0.5036770259613494,0.11468457092810544,0.49451316094820746,0.5034725037807007,0.30996252699839394,0.4520435172904422,0.641862732209644,0.9128051850639242,0.9560000032413052,0.0462001149250023,0.6724136591676934,0.6155951156734918,0.7465753453480954,2.0
2021-04-07 23:13:45.320,0.4188121094147361,0.3591132206648355,0.502142430618815,0.12223382918232165,0.5453946902794605,0.5168127079968243,0.3359426581987353,0.42616499880890657,0.630659306872894,0.9417040420924496,0.925999997266172,0.040185868328473186,0.6620687901831622,0.6443228718622834,0.7488584562423637,2.0
2021-04-07 23:13:45.340,0.37592004618089897,0.4168908777549349,0.4917714406627946,0.12881882052092417,0.5825074504312635,0.5187411983097148,0.3619227893990762,0.40028648032737085,0.6194558815361441,0.9666168463598999,0.8569999859788999,0.04291960254221427,0.5775861642806293,0.6976745391404094,0.7283105049519402,2.0
2021-04-07 23:13:45.360,0.380737746608333,0.46345837688228353,0.48766466318747037,0.13540381185952668,0.6196202105830666,0.5206696886226042,0.44497293832883045,0.32711117233885156,0.6051104241855767,0.9930244229616803,0.7810000079477457,0.0538545841490339,0.5189655342877486,0.7400821525463218,0.7123287754500532,2.0
2021-04-07 23:13:45.380,0.38555544703576694,0.5100258760096321,0.48355788571214614,0.1503158762647915,0.6902540266447554,0.5001041980347343,0.492042180278179,0.2904930825517721,0.6172450578464591,1.0,0.7340000114100489,0.06697649942461986,0.460344904294867,0.7824897659522342,0.6963470459481664,2.0
2021-04-07 23:13:45.400,0.5034010191571187,0.6297893570776445,0.48426406525741206,0.07515793813239575,0.7150474715623193,0.48053277849226234,0.5391114222275275,0.2538749927646926,0.6293796915073416,0.9865470897738601,0.7250000038879292,0.08173865970363606,0.4103449396052029,0.8180575207906355,0.6780821997072622,2.0
2021-04-07 23:13:45.420,0.5119161186738092,0.67684691029997,0.4833407922039575,0.0,0.7398409164798831,0.46096135894979146,0.606174818541094,0.209101095291536,0.6499761409108292,0.9666168463598999,0.7100000131780335,0.10114818828434695,0.3603449749155378,0.853625275629036,0.6598173534663582,2.0
2021-04-07 23:13:45.440,0.5204312181904996,0.7239044635222955,0.48241751915050285,0.009290971178302056,0.7866722704098393,0.43137633166253186,0.6732382148546606,0.1643271978183796,0.6705725903143167,0.9591429846882491,0.6970000141356918,0.12438491791318215,0.3215518927752227,0.8666211820099302,0.642694074362086,2.0
2021-04-07 23:13:45.460,0.5198918161574729,0.7613351546859967,0.4836691770024842,0.018581942356604136,0.8335036243397955,0.4017913043752723,0.7130007754235728,0.14073678593424405,0.6861301399429051,0.9793223908102904,0.690000010558797,0.16853471539593282,0.2827588106349076,0.8796170883908235,0.6255707952578139,2.0
2021-04-07 23:13:45.480,0.5129222053052066,0.7847439095959539,0.48422034624682114,0.04111456350198434,0.8966482152942711,0.3321819068473324,0.7527633359924846,0.11714637405010853,0.7016876895714934,0.9816891021178442,0.6605000119134334,0.19252323703729793,0.20344844267296372,0.9056089011526103,0.5639269530760411,2.0
2021-04-07 23:13:45.500,0.4891613331343763,0.8310006209840948,0.4736927642521071,0.050065508263508585,0.9147595658631094,0.3005146097819289,0.8218804310945923,0.07992830020812502,0.7406884878555103,0.9840558134253982,0.6310000132680696,0.21651175867866304,0.14482781268008213,0.9425444876224167,0.4794520720885722,2.0
2021-04-07 23:13:45.520,0.5005803864663121,0.8677402243294067,0.4693833224777823,0.059016453025032854,0.9328709164319476,0.26884731271652546,0.8795290068937478,0.051050923480114536,0.7873750587455114,0.9347284650541299,0.5765000148273339,0.2627118736036652,0.1000002824826841,0.9616965118577404,0.5114155544713417,2.0
2021-04-07 23:13:45.540,0.5119994397982479,0.9044798276747186,0.4650738807034574,0.0702792274184436,0.9514456275717699,0.2279275082285636,0.9101916248056675,0.03661528217111956,0.8172536482972074,0.851021438637214,0.5850000142011728,0.3138326787871026,0.07241372978836313,0.9726402855657585,0.46575343010195797,2.0
2021-04-07 23:13:45.560,0.5208718228127805,0.9568141810140414,0.46692670675173614,0.08410102049939756,0.9714547127414287,0.19051353736508483,0.9433948470159793,0.021337688199286563,0.8419816461142079,0.7842551232004473,0.5610000159691574,0.35456532528462265,0.07241372978836313,0.9945281131459902,0.46575343010195797,2.0
2021-04-07 23:13:45.580,0.48550181257779257,0.981794630237272,0.4730916928404631,0.09380330934892617,0.9823418364167548,0.18418838223100764,0.9608973940782561,0.013126867460460039,0.8426072006780936,0.7125062305970582,0.5190000190631304,0.4018589383703068,0.04827593756002738,0.9835840592737781,0.4246575509001066,2.0
2021-04-07 23:13:45.600,0.5100717451243486,1.0,0.48161102645987347,0.0970280517509207,0.9831507605234434,0.19927661838937089,0.9614037489345363,0.012520777709775258,0.8290035221729014,0.6527155044334607,0.5680000154534952,0.45735374514684307,0.04137947593812458,0.997264196655092,0.47031962851149894,2.0
2021-04-07 23:13:45.620,0.5305051893818192,0.9739705065792831,0.4894573472521095,0.09800669840579199,0.9788640943774868,0.23492639966368073,0.9528589524621776,0.01573767996876231,0.7995250224073489,0.6238166506675619,0.6270000111071996,0.5229633640390358,0.04827593756002738,1.0,0.4520547881153438,2.0
2021-04-07 23:13:45.640,0.43784998238475153,0.9181784408018784,0.4930633222167402,0.09777495211261182,0.9672069475888349,0.2848297806926343,0.9321907894641224,0.024550736261948838,0.7599120690708329,0.6083707128373994,0.5840000142748387,0.5967741922852299,0.07931054451362181,0.9890562262919819,0.4520547881153438,2.0
2021-04-07 23:13:45.660,0.34983656581786715,0.8633985502511091,0.49231407626597506,0.09681591715141247,0.9472155139281967,0.3352067686562389,0.8988454094647526,0.039882188572401917,0.721606696618306,0.5879422133380903,0.4850000215677753,0.6708583850024271,0.07931054451362181,0.9671683987117502,0.4794520720885722,2.0
2021-04-07 23:13:45.680,0.33459759612279183,0.8421719944075056,0.4993711486275466,0.09514030330033853,0.9190312987196453,0.3783717345489494,0.8538200833581023,0.06195780475296381,0.6906185327460302,0.5565520758828197,0.4660000229674297,0.7424822393031849,0.10689674410458691,0.9507524579855268,0.49771691248472744,2.0
2021-04-07 23:13:45.700,0.3601823049444462,0.801669996935843,0.5099854994466959,0.09252040664702199,0.8836802775967668,0.422532462403598,0.799043456873772,0.09039457500935708,0.6583631110716393,0.5378674726822321,0.5405000150237768,0.843767088565902,0.1413794053174528,0.9534885414946287,0.5296803481095056,2.0
2021-04-07 23:13:45.720,0.3136742032605586,0.7372065423703431,0.514643639735664,0.08953634137953682,0.841024870299475,0.4728879569391948,0.7350497734620748,0.12578715780857766,0.6188259313492757,0.49476832537782633,0.44700001618197027,0.933023511763344,0.19655180449938298,0.9151847731881751,0.5433789900961198,2.0
2021-04-07 23:13:45.740,0.22531893429810024,0.6915648385284571,0.5098052560039807,0.08674096634913944,0.7910689567760788,0.5213380515666416,0.6632544135482515,0.1686888272811353,0.5789048591190987,0.4095665184700141,0.3750000214859241,0.976489892474605,0.258620665303216,0.8577292608105919,0.5342465932770378,2.0
2021-04-07 23:13:45.760,0.21737719688686793,0.6836077758597354,0.5059522617163216,0.0832106445446762,0.7348204438311218,0.5620972565593089,0.5864847924483937,0.21879296241361473,0.5441557674152,0.373069267355195,0.3950000241051606,0.9882449462373025,0.31379306448514616,0.8604653443196921,0.552511433673193,2.0
2021-04-07 23:13:45.780,0.31132114905902086,0.6670809069152241,0.5223976688946126,0.07784268100993046,0.6747781084067708,0.6004589673550147,0.509112783201885,0.274275099434017,0.5089229688427671,0.33657201624037597,0.41500002672439706,1.0,0.4448276008180698,0.7920657780698969,0.5799086708884302,2.0
2021-04-07 23:13:45.800,0.412467989242303,0.6147802743543102,0.548026211938813,0.07106383256288012,0.6140160876868317,0.6377204551225867,0.40242404807412213,0.3615980421733112,0.45605843035104093,0.3712008202895565,0.5860000141275067,0.9939857869673623,0.48448287307488075,0.7564979531904474,0.5821917934721963,2.0
2021-04-07 23:13:45.820,0.49523910343982974,0.53014395517576,0.5966778695363888,0.06402528826658688,0.5548561021351276,0.667373043919565,0.30943834757365474,0.4488314038124598,0.40650490474366036,0.44344794858687897,0.7330000114837149,0.9786768932711546,0.5241381453316907,0.7209301283109981,0.5844749160559625,2.0
2021-04-07 23:13:45.840,0.5055660660881229,0.46770840689045245,0.6120764019160264,0.05800088258406682,0.4976384141951969,0.697377042749301,0.28285540317926083,0.4775191370888509,0.3871667706164165,0.49364724918579117,0.7787500040209373,0.962684543645584,0.5655172681664613,0.6853627236778388,0.6575342776405834,2.0
2021-04-07 23:13:45.860,0.46446668460841173,0.42112293515890026,0.61268472388085,0.05377180741513506,0.44240913208996396,0.7296844456645765,0.256272458784867,0.506206870365242,0.36782863648917274,0.5438465497847034,0.8244999965581596,0.9466921940200133,0.5965518751200558,0.6470589553713852,0.6666666744596653,2.0
2021-04-07 23:13:45.880,0.4350610026191581,0.38879061622919536,0.6067713104183039,0.05125895069166072,0.3898672555766502,0.7603317442976468,0.20989759346662085,0.5619277049471985,0.3295373020828983,0.6103637371787954,0.8409999953426702,0.9141607613516799,0.691379193455441,0.5731873621854824,0.6917808358491276,2.0
2021-04-07 23:13:45.900,0.4559261683169099,0.36084516173619174,0.6025791229750784,0.05099994544593763,0.36637623260966834,0.7717580564470018,0.17194853877067112,0.6126152989781962,0.29996863706294274,0.636273053722979,0.8580000022754618,0.892017498557228,0.716379264076113,0.5471956194647437,0.6929223854515129,2.0
2021-04-07 23:13:45.920,0.5058921241519622,0.3297607285945804,0.603746935452213,0.05074094020021454,0.34288520964268654,0.7831843685963578,0.14917281936491822,0.6474277827494422,0.27952335365024505,0.6497259679213667,0.8840000003601451,0.869054113261061,0.7413793346967841,0.521203876744005,0.6940639350538981,2.0
2021-04-07 23:13:45.940,0.5436228133950112,0.3119153314337984,0.6092506829816465,0.050579064181465905,0.2794877565918939,0.8137870270327954,0.12639709995916482,0.6822402665206881,0.25907807023754725,0.6449925351105512,0.8949999995498188,0.8572990539043818,0.7741377922283362,0.46374822428432483,0.6986301451529369,2.0
2021-04-07 23:13:45.960,0.5813535026380601,0.2940699342730165,0.6147544305110799,0.0499648392415296,0.2430876436899097,0.834445254998856,0.09066247367002722,0.7449082320489416,0.21776162921144274,0.6402591022997356,0.9059999987394924,0.8455439945477025,0.7965517338787143,0.40629285198883686,0.7123287754500532,2.0
2021-04-07 23:13:45.980,0.6539498164579166,0.2741894125661042,0.6238090855791475,0.0493506143015933,0.2066875307879255,0.8551034829649167,0.07222857919459837,0.7822015438195783,0.1874535444620819,0.5891878515123211,0.9309999928052848,0.8105522055621879,0.8172414718477765,0.38714082775351316,0.7305936158462085,2.0
2021-04-07 23:13:46.000,0.6933653133240472,0.26404301409198666,0.6381338115859415,0.046280219978409184,0.16021665676471525,0.8883837265290455,0.05713363772760209,0.8161442073120763,0.15661183655057903,0.5510712589439808,0.9800000014733206,0.7750136831594818,0.8327585987728958,0.37482901229094334,0.7602739873347096,2.0
2021-04-07 23:13:46.020,0.7159948113059823,0.21963712002351984,0.6521624042060067,0.044717257662741386,0.14709975837734693,0.9004362038608053,0.04521667970465274,0.8460611743292854,0.12320612864184655,0.5650224334120361,1.0,0.7547840544529835,0.848275725698015,0.3625171968283735,0.7899543588232107,2.0
2021-04-07 23:13:46.040,0.7110588968823023,0.17171051831163064,0.6648624421843047,0.04315429534707359,0.13398285998997866,0.9124886811925662,0.03572304031963975,0.8725494050426204,0.09130688305226034,0.5954160546183253,0.99900000825878,0.7381082600860137,0.865517056304448,0.32558147027647094,0.8287671271307938,2.0
2021-04-07 23:13:46.060,0.6929640891016792,0.1352699399422714,0.6624449661721045,0.03873152939305477,0.10049901887498977,0.9462393753138056,0.03029120875007457,0.8898760836490054,0.06948484009476949,0.6073742006667014,0.9850000011049904,0.7233460841438482,0.8663791581451054,0.3009576292281863,0.8744292339659308,2.0
2021-04-07 23:13:46.080,0.6765430256322725,0.11525068454371712,0.6634438391009889,0.034991708852779226,0.07131795020300645,0.9763246132892666,0.024859377180509876,0.9072027622553904,0.04766279713727868,0.6013951276425133,0.9430000041989635,0.7118643959709501,0.8672412599857626,0.2763337881799016,0.9200913408010677,2.0
2021-04-07 23:13:46.100,0.6521197976265146,0.11065927790499454,0.659731743911789,0.03244060498777434,0.05362322036273568,0.991759600065923,0.016181828806756313,0.9384971294424652,0.01242359802744128,0.5984055911304194,0.8670000016124676,0.7014762037211413,0.8586205946825451,0.24213400505500318,0.9543379223886076,2.0
2021-04-07 23:13:46.120,0.6298581037437778,0.08869254564471404,0.6574556730435217,0.029767296841293728,0.03728306619682445,0.9996001921783012,0.011340676013486423,0.9574169852840914,0.0010705878483205978,0.6098654810934464,0.8210000050011046,0.687807532652436,0.865517056304448,0.2120382071116598,0.9452054788115344,2.0
2021-04-07 23:13:46.140,0.652726232691112,0.05959154523444564,0.6703941386328996,0.026976549939196487,0.02327822810430405,1.0,0.007305193714530147,0.9736608703003927,0.0,0.6547085308139984,0.7909999949334144,0.6555494722866807,0.8896552016361396,0.2120382071116598,0.9589041207981486,2.0
2021-04-07 23:13:46.160,0.6771686086883625,0.026901868834763625,0.6842406876156957,0.02437849226629636,0.012490376966867313,0.9950452387810875,0.0042216804833123045,0.9861898970716404,0.006404778102329581,0.6821126144886228,0.7647499989134261,0.6282121295898719,0.8689654636670774,0.181942409168318,0.9269406384153792,2.0
2021-04-07 23:13:46.180,0.6952971237618231,0.013498859689578218,0.6953832171760794,0.022076164760326134,0.004969582163967827,0.9854994512787943,0.0019715343835511683,0.9949322956734894,0.019245926897879642,0.7095166981632473,0.7385000028934378,0.6008747868930632,0.9137929938644754,0.1709986354602983,0.9680365409962262,2.0
2021-04-07 23:13:46.200,0.7025780436036215,0.02319452731270172,0.689387529568403,0.02022701056089704,0.0006124701425852652,0.9723696722319864,0.00046604390915137676,1.0,0.03712034651920183,0.7543597458446577,0.7350000031512689,0.5519409489422837,0.8999997175173159,0.15731877824317836,0.9360730819924524,2.0
2021-04-07 23:13:46.220,0.7366369636502743,0.034422731253862325,0.6868442943428154,0.01873020155411967,0.0,0.9563465471070932,0.0,0.9987430222247172,0.07014854726877981,0.7847533752075132,0.7260000038142631,0.5196828829825464,0.9034481248799452,0.1627906650971866,0.9452054788115344,2.0
2021-04-07 23:13:46.240,0.7231253948143644,0.03684589246803108,0.6872480246113972,0.01756893908055459,0.006844082190614296,0.9314044008770818,0.0014559930189115631,0.9887331259770562,0.10570530963430519,0.7937219806655121,0.6780000114427893,0.4893384332100207,0.8827583869108829,0.15731877824317836,1.0,2.0
2021-04-07 23:13:46.260,0.6781410277888766,0.04535902500856342,0.6812022219101762,0.017421723019769225,0.016408166050508682,0.909928633552308,0.0035103430897615987,0.977502677585108,0.13567794182338608,0.7747882535005332,0.6140000137018807,0.46008747936058414,0.8724138710297067,0.17373471896940018,0.9589041207981486,2.0
2021-04-07 23:13:46.280,0.6331566607633888,0.053872157549095814,0.6751564192089552,0.01727450695898386,0.025972249910403068,0.8884528662275343,0.006405190119452163,0.9635703217120071,0.16979151818402094,0.757349290513318,0.5850000142011728,0.42700929313672453,0.8862067942735102,0.17647052231430815,0.9406392804019934,2.0
2021-04-07 23:13:46.300,0.5760919172271387,0.11079572884355096,0.6447567854199616,0.0171684468906802,0.046739041613291545,0.8519170446867157,0.010491403882481562,0.9464637918646241,0.20310516406779736,0.751868473574479,0.5600000160428233,0.39311098664874267,0.8810343597812462,0.2079343620122009,0.9566210099038803,2.0
2021-04-07 23:13:46.320,0.48702340014087986,0.09652884816669212,0.637029227693308,0.01722629849443223,0.06479796776428409,0.8272191419568018,0.016129177773771784,0.9255798715608771,0.23709600321282068,0.7259591489797644,0.4610000233357599,0.36413339279512363,0.848275725698015,0.22024617747477152,0.9406392804019934,2.0
2021-04-07 23:13:46.340,0.36447875477127134,0.0800825528805396,0.629979864920701,0.017047443029982335,0.08538373280916434,0.795086842843135,0.02326723188098987,0.901833804984494,0.281087813586994,0.671150979591374,0.342000023916903,0.33816292000217635,0.8439654813222448,0.24281802593227864,0.9360730703029546,2.0
2021-04-07 23:13:46.360,0.31659360424350824,0.1313150325938258,0.610779393540725,0.016186972738675524,0.10777814026971841,0.7554994805880146,0.0319557492199486,0.8760809147659235,0.33495189791092417,0.644743407475705,0.2550000221407332,0.3061782319389986,0.8396552369464755,0.2653898743897858,0.9315068602039158,2.0
2021-04-07 23:13:46.380,0.33317496160436116,0.16681235732009295,0.5998509217687434,0.01505216291092605,0.13335187211735489,0.7096775211734688,0.04312051045395814,0.8467825037776917,0.396834576710377,0.6567015531162528,0.21000004182593227,0.26298524031226106,0.8206895261070499,0.30232560094168837,0.8767123390154502,2.0
2021-04-07 23:13:46.400,0.3646625132360366,0.16042037274347662,0.5928612026770745,0.01431163345709815,0.16406942287742718,0.6598274228034597,0.05821051588661241,0.8117626889604711,0.46343924939795156,0.6681614430792799,0.20300004234159444,0.20448333261338786,0.8137930644851472,0.35978111331927165,0.8584474986192949,2.0
2021-04-07 23:13:46.420,0.4545926467636064,0.23807857913420688,0.5709057478414672,0.014422587409506681,0.19333041397300216,0.6258657398740595,0.07844441755219772,0.7701026731639818,0.527208128598662,0.671150979591374,0.26800002118307487,0.1353198547681463,0.803448195500616,0.3844050244086052,0.8584474986192949,2.0
2021-04-07 23:13:46.440,0.5780212385264296,0.36418396029815764,0.5452416273117222,0.014533541361915214,0.22259140506857716,0.5919040569446583,0.104994249382879,0.7212805564971345,0.576456311815081,0.7005480927052483,0.4370000251037444,0.06834335534352662,0.7931033265160848,0.40902893549793873,0.8584474986192949,2.0
2021-04-07 23:13:46.460,0.646890962108856,0.4447879446555294,0.532519938329925,0.016540706369817335,0.2944596199173311,0.5511029923736653,0.1387671448011176,0.6656392156798531,0.6013221839515787,0.7563527783426199,0.5840000142748387,0.02569711950990822,0.7534484073626289,0.45143640882175423,0.8242009287212528,2.0
2021-04-07 23:13:46.480,0.5789025903517357,0.4785181533430605,0.5347723771511012,0.01981517945668724,0.34797457393176645,0.5400256102461418,0.17872873038807277,0.6070874545878739,0.6114805142306577,0.7917289583632577,0.5045000201312878,0.0012301725646088769,0.6827585281522245,0.5266757635980149,0.8082191992193659,2.0
2021-04-07 23:13:46.500,0.42949730116239154,0.48935780511534854,0.5283647364506877,0.02419059025730974,0.4023201752518512,0.5253416910202487,0.22377964160606356,0.54862620145688,0.6251546381380386,0.8061783909558036,0.3270000250218933,0.0,0.624137721607665,0.5731875022675801,0.7625570748499823,2.0
2021-04-07 23:13:46.520,0.32918982980387596,0.4914941986087999,0.5122671727637589,0.02922691224209647,0.45631597216249875,0.49766777518144745,0.27323980261237424,0.4916400319044037,0.653657777414814,0.8181365370041797,0.29700004360210197,0.008201157889367934,0.6034483367419585,0.6279072113002555,0.7899543588232107,2.0
2021-04-07 23:13:46.540,0.31876922574569255,0.5034705849078162,0.5004358074680034,0.03482382349869086,0.509590978443447,0.45782301785314744,0.354751417060048,0.41038109937961026,0.7174265897850436,0.8181365370041797,0.25900003821629697,0.020502995415094177,0.5655172681664613,0.6771544731505348,0.7260273940576719,2.0
2021-04-07 23:13:46.560,0.36355775344999974,0.53731706023044,0.4970000921942956,0.041027692087500164,0.5614741435000009,0.41258987315345325,0.44043315785457016,0.33530049763003994,0.7868235857695159,0.7947184928362102,0.21100002538203833,0.03389829977520361,0.5344826612128669,0.7181943249660901,0.6803653164462795,2.0
2021-04-07 23:13:46.580,0.3679534977119958,0.5842069546455844,0.48770117588929474,0.04766034953186913,0.6110389717685824,0.36329401964905095,0.4985638196744898,0.2899810189713429,0.8324522179985493,0.7603388351819782,0.19000004329925274,0.045106625714691456,0.48965513101546887,0.7428182360554236,0.6757990712787473,2.0
2021-04-07 23:13:46.600,0.39318085099236855,0.6774695155257939,0.4761729180058667,0.05416973967154344,0.6581591167929294,0.31249738377635394,0.5425477522245679,0.2588557227871688,0.8596323765221507,0.7374190389427916,0.23100002390871785,0.05494805098341709,0.42758627021163587,0.7838578077067851,0.6940639350538981,2.0
2021-04-07 23:13:46.620,0.44326655457075664,0.7349538288103256,0.4733085181168981,0.06307265675477784,0.7251487139634998,0.24374637063552862,0.5865316847746457,0.22773042660299464,0.8868125350457521,0.7369207828574426,0.28600004441242827,0.0699836003469567,0.36896546366707633,0.8139536056501285,0.6757990712787473,2.0
