2021-04-22 00:24:45.920,0.4122656136908237,0.8826465508905976,0.5295436397876381,0.7971519823337814,0.9167802018823246,0.38504531164749706,0.30387551791528244,0.035063062294797755,0.349967623646752,0.9721362250224623,0.9102040694282765,0.30666663938295147,0.40506296298696604,0.2459770336815958,0.009063482428965078,2.0
2021-04-22 00:24:45.940,0.38331763183585077,0.8966991600905911,0.8466972608046427,0.7343180482904419,0.9178169748788718,0.4689121148192108,0.3074452823441925,0.03386877138391036,0.3787666914135846,0.9733269847201904,0.15510204974802125,0.4899999727162848,0.46835518512997665,0.2528738500303791,0.007049409596478148,2.0
2021-04-22 00:24:45.960,0.29997306951424485,0.8751985604849359,0.24604205782321212,0.7084582320043712,0.9253754890950533,0.5041868898896774,0.2815922465613558,0.03033942600461552,0.3958367904647899,0.9580852603943399,0.4326530562472859,0.36333330577678097,0.392405555519551,0.2459770336815958,0.0030211608096549773,2.0
2021-04-22 00:24:45.980,0.8986756855694967,0.9953069499828269,0.8344184858259889,0.6681463212615312,0.912756542403401,0.5554705227107141,0.3008891741556639,0.03627790933758673,0.421967739427546,0.977375567692466,0.4510204122882083,0.5166666393829515,0.41772166665586674,0.24367809489866757,0.007049409596478148,2.0
2021-04-22 00:24:46.000,0.02597883164996069,0.7977593185916455,0.4348060214662302,0.6303579630209858,0.9122692192522516,0.6087570290991599,0.26635217274793965,0.03651196430478538,0.44782606224259347,0.9616575396824546,0.5163265381462316,0.5066666393829514,0.392405555519551,0.24827597246452265,0.006042347399772282,2.0
2021-04-22 00:24:46.020,0.950007006719028,0.9458655688716021,0.46942108290221823,0.5994439049933553,0.8872473577835278,0.6460902239484378,0.29892933137114497,0.0489905539994573,0.4716525704182012,0.9649916668360935,0.8612244800460533,0.4433333060496181,0.41455731478901114,0.25287361462808644,0.006545878498125288,2.0
2021-04-22 00:24:46.040,0.32852991357941597,0.8885933462039682,0.7726036642937206,0.5673581287133839,0.8675960617241821,0.6913894851984803,0.2916166832496668,0.05942614911957394,0.4994667053504784,0.9649916668360935,0.022448961762537755,0.6366666393829515,0.43670907405847137,0.2574712567916502,0.007049409596478148,2.0
2021-04-22 00:24:46.060,0.30591448732044707,0.8410620967675502,0.19370764527168,0.5478429639787867,0.8612074033716676,0.7177176915862625,0.26639826010035417,0.06293860183601843,0.5142478278452014,0.9623719954426123,0.7061224520136409,0.4133333087779897,0.44620277775977363,0.25976996017228576,0.00453179277540712,2.0
2021-04-22 00:24:46.080,1.0,0.9617602244923898,0.7390353790176546,0.5247364211338135,0.8301540669939993,0.7480309548429329,0.2752573686028708,0.07189171314650611,0.5271722047073287,0.9764229611038641,0.9020408212355537,0.4999999727162848,0.4556964814610796,0.26206866355292135,0.002014175954336093,2.0
2021-04-22 00:24:46.100,0.05319889594127328,0.7833244654672503,0.45975924647468,0.5006995041561445,0.8082777823649243,0.7856077086641408,0.2841164771053876,0.08084482445699342,0.5400965815694561,0.9676113381710953,0.1285714388326504,0.48666663938295146,0.4556964814610796,0.24137915611573935,0.006042321619310101,2.0
2021-04-22 00:24:46.120,0.7927007780215002,0.8959483247141267,0.30532453980179697,0.4900468545836489,0.7828289925801145,0.79784970636884,0.25129954757278544,0.09428405714747139,0.5667198665734161,0.9638009071578582,0.6816326556520979,0.3366666393829515,0.5063293518344504,0.2494254418559881,0.0025176683819955353,2.0
2021-04-22 00:24:46.140,0.6654660678000163,0.8780610912614443,0.5414182375913343,0.4793942050111533,0.7573802027953047,0.8100917040735394,0.2889728589430403,0.12834938382231362,0.6002354881122767,0.9649916668799526,0.673979593140694,0.35666663938295146,0.4873422684822117,0.2465517683773285,0.0022659221681658142,2.0
2021-04-22 00:24:46.160,0.5382313575785322,0.8601738578087621,0.7775119353808714,0.45758645302278683,0.7109737245127389,0.8449405667051976,0.27078811687934884,0.1621781114542278,0.6377576664040445,0.9661824266020471,0.6663265306292901,0.3766666393829515,0.46835518512997665,0.24367809489866757,0.002014175954336093,2.0
2021-04-22 00:24:46.180,0.2897233412684851,0.7723869577820419,0.5569065393529794,0.3113815809318213,0.673627712822269,0.5193283265588007,0.6353940584396744,0.17693222424521457,0.5293127850380374,0.9676113381710953,0.5755102086497514,0.42333330604961816,0.41772166665586674,0.23678174935446822,0.006042321619310101,2.0
2021-04-22 00:24:46.200,0.4136326237248949,0.8328586206436598,0.5034246125832305,0.2500529481213729,0.6786763926810709,0.7011422903920624,1.0,0.19168633703620133,0.42086790367203003,0.9647535148965478,0.6020408195651222,0.42333330604961816,0.41772166665586674,0.2459770336815958,0.0,2.0
2021-04-22 00:24:46.220,0.4357174458269708,0.8110973488882325,0.4483172956669368,0.23051133530935486,0.6539552340228282,0.7630693885296502,0.7312203108712245,0.18758752574541,0.5641601087631634,0.9578471080649342,0.6265306142562338,0.4166666393829515,0.41772166665586674,0.24827597246452265,0.005035285203066562,2.0
2021-04-22 00:24:46.240,0.4636516483242893,0.7822604733438666,0.4247969567491729,0.21096972249733684,0.6292340753645854,0.8249964866672381,0.5296009055873059,0.21332502404278758,0.6400948963834201,0.9559154313952243,0.6446712032875235,0.40370367660187995,0.43038004627439425,0.24942532415484112,0.008308192226551407,2.0
2021-04-22 00:24:46.260,0.49635315543477315,0.7734932381601844,0.3992400162456932,0.19589120037560018,0.5304837849528227,0.9064306169935693,0.3607373203402246,0.26990221539641024,0.7091740512890553,0.9539837547255142,0.6628117923188132,0.3907407138208084,0.4430384258929217,0.2505746758451596,0.011581099250036106,2.0
2021-04-22 00:24:46.280,0.5132668057661566,0.7318684895088796,0.37715407010070034,0.19656419293967456,0.4989475201418227,0.9169339711787597,0.3111813568492105,0.3193311136442189,0.7446295290252997,0.9520520780558042,0.6809523813501027,0.37777775103973693,0.4810125925973917,0.2597701955745784,0.012084643238620055,2.0
2021-04-22 00:24:46.300,0.5093816102848456,0.7066663949666119,0.37262227080069266,0.19723718550374894,0.4674112553308227,0.92743732536395,0.2616253933581964,0.36876001189202756,0.7800850067615441,0.9723743769620079,0.7510204072769141,0.36833330591319957,0.4303803703247638,0.24367809489866757,0.002014175954336093,2.0
2021-04-22 00:24:46.320,0.5054964148035348,0.6814643004243439,0.36809047150068497,0.19992856680602467,0.4134790480276387,0.9394735822741936,0.25488945698762033,0.40800855704960076,0.7999685848310663,0.9709454653247341,0.7411564619145888,0.38499997262533914,0.4462031018101432,0.24137927381688634,0.005538829191650659,2.0
2021-04-22 00:24:46.340,0.5037458314369173,0.6845845734835064,0.3543664463947989,0.2017523418467137,0.38425150834590616,0.9450806451167076,0.24815352061704413,0.44725710220717374,0.8198521629005882,0.9695165536874603,0.7312925165522636,0.40166663933747865,0.46202583329552627,0.23908045273510378,0.009063482428965078,2.0
2021-04-22 00:24:46.360,0.5053342078795986,0.6515184170434997,0.34457248596487733,0.20357611688740274,0.35502396866417363,0.9506877079592218,0.23545847864081848,0.5094218572638171,0.8480284882911339,0.9680876420501865,0.7214285711899384,0.41833330604961816,0.5063299999351932,0.23218387178861177,0.012084643238620055,2.0
2021-04-22 00:24:46.380,0.5038202531737108,0.6267797702988228,0.33851293506351066,0.20539989192809174,0.32579642898244116,0.9562947708017357,0.22110806574426464,0.5728676867426636,0.8738636207455108,0.9643367489779766,0.691326531464506,0.45166663938295154,0.47784856478090937,0.23793098334363966,0.012588161446741825,2.0
2021-04-22 00:24:46.400,0.5023062984678232,0.6020411235541461,0.33245338416214393,0.20778072556964436,0.2923006505944261,0.9618644775765192,0.2115607461841342,0.6154657263898452,0.8894796036595609,0.9605858559057667,0.6612244917390734,0.4849999727162848,0.4493671296266292,0.24367809489866757,0.013091679654863594,2.0
2021-04-22 00:24:46.420,0.520072589524302,0.5692892219287002,0.3192288860985835,0.210161559211197,0.25880487220641113,0.9674341843513024,0.20201342662400362,0.6580637660370267,0.9050955865736109,0.9574898806429409,0.6469387773340426,0.4683333060496182,0.4810125925973917,0.255172318008722,0.009063482428965078,2.0
2021-04-22 00:24:46.440,0.5241913177420263,0.5381921386007898,0.31230386465544707,0.2140124841623334,0.21026112952777068,0.9741819604425423,0.18871295945539923,0.7226876552236006,0.9264231047548557,0.9545129811062255,0.6448979612768264,0.4599999727162848,0.48734259253258494,0.2425287432083491,0.012588161446741825,2.0
2021-04-22 00:24:46.460,0.5362122465827295,0.5291344468150787,0.3042227207554911,0.21796847389171436,0.16286179539459197,0.9801260749666044,0.18054178854914885,0.7662357188944893,0.9396482053514096,0.9590378683474527,0.6632653096337642,0.4466666393829515,0.4556964814610796,0.2459770336815958,0.014098716071107133,2.0
2021-04-22 00:24:46.480,0.5377564646844184,0.503149591971221,0.2965525294781518,0.2205762208358629,0.13135589317844498,0.983784337284467,0.17174070854454968,0.8106976756255616,0.9524028814145815,0.9566563489519964,0.6877551043248757,0.4599999727162848,0.49367129626629247,0.25057467584515825,0.02014103769041709,2.0
2021-04-22 00:24:46.500,0.5393406003019252,0.49310197955586305,0.28637337791623496,0.2231560877359494,0.10037303245780416,0.9873137896128488,0.16192957170720773,0.8552621891374785,0.9645078184434769,0.9423672325792586,0.6775510215331478,0.47999997271628486,0.5189874074026083,0.2528738500303791,0.016112788903594064,2.0
2021-04-22 00:24:46.520,0.5441578277881641,0.48064677540241857,0.2781073132854671,0.22579269054013731,0.0712734935207644,0.9904835069516467,0.15234682978721134,0.8978481647775464,0.9754352442766755,0.9047392261310491,0.6877551018192285,0.5899999781730279,0.5063299999351932,0.255172318008722,0.01711987688076211,2.0
2021-04-22 00:24:46.540,0.5451160814423357,0.45694007188062113,0.27404732824521183,0.22840221300743987,0.045085560250640304,0.993525593611231,0.14119689911604363,0.9367542468128963,0.9850233691584256,0.8313884345988981,0.6265306142562338,0.6733333196914758,0.5443035185389203,0.26206866355292135,0.013091679654863594,2.0
2021-04-22 00:24:46.560,0.5507370394041846,0.46800781443632467,0.2620924189251782,0.23105469447398064,0.022641506109638786,0.9962737493985082,0.12972311728653277,0.9705209295258969,0.9930464606905375,0.7682186194766387,0.6025510236211872,0.7133333231019401,0.5569622222078211,0.28505758057761554,0.021148074106660628,2.0
2021-04-22 00:24:46.580,0.5480046395337835,0.47229115871761174,0.2515694210666337,0.2340590701944966,0.006502720800834123,0.9983894738868712,0.11499509073073762,1.0,1.0,0.7050488043543796,0.5785714329861403,0.7533333265124046,0.5569622222078211,0.31954024990778157,0.02819743214221412,2.0
2021-04-22 00:24:46.600,0.5490914083755486,0.43319602393856294,0.2588850817302378,0.23760325692035986,0.0,1.0,0.6356820314692392,0.6071377708085932,0.8478224888898079,0.5534651036054405,0.5408163294964804,0.8966666939503818,0.594937037013034,0.36321867436965777,0.04431022104580818,2.0
2021-04-22 00:24:46.620,0.43212894640619154,0.5821700563289471,0.30424176225914373,0.0,0.2814811156072268,0.8934045175245262,0.4228891413767637,0.7612242967576822,0.9205209758020483,0.4443915425837549,0.5285714354917875,0.9733333606170486,0.6329118518182468,0.4252871966812038,0.060423009949402244,2.0
2021-04-22 00:24:46.640,0.49360443907036455,0.4903369136680599,0.24673595535849244,0.04512854418095179,0.15029154097506758,0.9567940877449965,0.26858110149829656,0.8067471737735507,0.9450859099699566,0.35698976322680087,0.4877551110066015,1.0,0.6708866666234596,0.48735618979733514,0.07653579885299631,2.0
2021-04-22 00:24:46.660,0.5301986472706095,0.42555760229066836,0.23080293872443386,0.07493574973546722,0.13330538599797656,0.9857846568426586,0.15670992381567406,0.8079213970150768,0.9525660615510465,0.3226959073238412,0.3510204239812285,0.9099999999999999,0.8354433333117298,0.5563217638599571,0.09264858775659038,2.0
2021-04-22 00:24:46.680,0.5515758193800167,0.3213543127067112,0.24379014859449633,0.0931556659986773,0.1339374645469405,0.9981458381551016,0.0692368581632014,0.8070217304263774,0.957238759369535,0.35008335113207495,0.33061226173863556,0.8400000000000001,0.8101259259739321,0.6091952372466682,0.1198389112972667,2.0
2021-04-22 00:24:46.700,0.5235915264760882,0.09588519645118304,0.2972390958496569,0.09978578125490073,0.16560450975331037,0.9969084869817021,0.0628034885427626,0.762946839553234,0.9451263852908607,0.40319121610704206,0.44285715407289694,0.8700000000000001,0.8354433333117298,0.6574713038721082,0.13796579365771758,2.0
2021-04-22 00:24:46.720,0.5484650100272003,0.10372639931313796,0.2871827601376096,0.10641589651112411,0.19727155495968024,0.9956711358083028,0.056370118922323825,0.7188719486800903,0.9330140112121863,0.45344130848928527,0.41020407778043366,0.8766666666666666,0.784811111039102,0.7126437160417476,0.15407858256131166,2.0
2021-04-22 00:24:46.740,0.5428576169800796,0.15149353290785256,0.26422568923347606,0.1184465180553209,0.24905404449784943,0.9939217162540002,0.04161383469396458,0.6492711859051283,0.9122288344490898,0.511550358346808,0.29795920215048677,0.8199999727162848,0.8354433333117298,0.7241379391518034,0.1701913714649057,2.0
2021-04-22 00:24:46.760,0.5361436479617383,0.14657271127636126,0.2550223851547202,0.1256924193857057,0.27549563006879146,0.992589828359625,0.03589995099390348,0.6148349228124879,0.9010147820035649,0.5825196480272109,0.24285714739117112,0.6599999727162849,0.8607594444480456,0.758620608481968,0.17925481264513124,2.0
2021-04-22 00:24:46.780,0.5539706232701368,0.07307348687645218,0.26555441090442355,0.13247704846176986,0.2943805434009519,0.991090129498944,0.03481919528748071,0.5906743444158529,0.8926495006769241,0.6611097685842595,0.30408165082326466,0.5999999727162848,0.8101259259739321,0.7931032778121326,0.20241694927209383,2.0
2021-04-22 00:24:46.800,0.5650518512052809,0.04715603921718727,0.26360862250161327,0.13841846282630765,0.30478975790090185,0.9903668633967865,0.03337036060746269,0.577514858292692,0.8880197039103971,0.7213622307316137,0.3897959155378406,0.6066666393829515,0.8481020369806306,0.7977011553779891,0.21349450453354593,2.0
2021-04-22 00:24:46.820,0.5859633585494634,0.10005169621494162,0.24348463007168694,0.14357293068463847,0.30841537006807546,0.9903644768635829,0.03128326714262196,0.5729577470235205,0.8864864188262487,0.7570850216634581,0.3755102186723401,0.5933333060496181,0.8924055555195509,0.820689719299245,0.2200403185805154,2.0
2021-04-22 00:24:46.840,0.5826454894097811,0.13615592969379542,0.220631563121028,0.14822152745664383,0.3084304462526612,0.9904934124600746,0.030473712169790227,0.5729386766318452,0.8865257881624942,0.7678018297034979,0.3714285862238215,0.5733333060496182,0.8101259259739321,0.8436780478182082,0.22960729343713998,2.0
2021-04-22 00:24:46.860,0.5791110428818416,0.10865334988254524,0.22578089705625526,0.1526989637966036,0.30744839199777746,0.99073570838373,0.029536140824864075,0.5741718410198933,0.8870270687384485,0.7494641518007944,0.3428571423798768,0.5499999727162849,0.8291136574269099,0.8522987151507501,0.2379154444149517,2.0
2021-04-22 00:24:46.880,0.5643883547820795,0.0909879240694221,0.22930182688918688,0.15736480190889465,0.3086423136965996,0.9907639699611394,0.02866985173782595,0.5726728715995311,0.8865316768337514,0.7266015617058121,0.31020409949604255,0.5633333060496182,0.8481013888798877,0.8609193824832913,0.2462235953927633,2.0
2021-04-22 00:24:46.900,0.5542163366489281,0.06910923700370152,0.21995823743471324,0.16209764797631468,0.3131874930375257,0.9904681340491697,0.0278649638386565,0.5669807158550819,0.8844983231097786,0.7094546142613232,0.3714285862238215,0.6066666393829515,0.8987342592532584,0.8735633103871018,0.26183287124432814,2.0
2021-04-22 00:24:46.920,0.5806717185026031,0.07590401176432227,0.19570030350382078,0.16675121621315123,0.32063500809388906,0.989935166057318,0.026787744898993347,0.5577006806369327,0.881133765357336,0.6744463005904257,0.45306123519419345,0.6666666393829515,0.9240503703895743,0.8988506953901402,0.2799597329804091,2.0
2021-04-22 00:24:46.940,0.5931325904090486,0.11263053367645942,0.17203533419802217,0.17153523776581975,0.3327020422964461,0.9892038262156388,0.024085800940666986,0.5427895474918644,0.8756869005835002,0.5846630213310243,0.46122449173907343,0.7066666393829514,0.8860755555843578,0.924137844990886,0.3101712379551103,2.0
2021-04-22 00:24:46.960,0.5836526374083556,0.1141899435585136,0.15510510440449057,0.17676989575606195,0.352465739020153,0.9880282353115878,0.019155657462243316,0.5187052506619303,0.8666633520585272,0.5336985101668614,0.36734695377530296,0.6699999727162849,0.9367090740584714,0.9264367837738142,0.33031221377241793,2.0
2021-04-22 00:24:46.980,0.5614198354786746,0.06640543721804837,0.1701108815227512,0.18279234326513058,0.37889671319955404,0.9861599915251554,0.013567638905010415,0.4871636979931769,0.8542849040941966,0.5503691410618032,0.3607142968703816,0.6666666393829515,0.9367090740584714,0.9494252299939231,0.3504532102140955,2.0
2021-04-22 00:24:47.000,0.48597007367531136,0.09087263708747043,0.24987014249115827,0.07892100528307924,0.60485446336351,0.9002685917513473,0.2258852531757113,0.25088657223091476,0.7134710563424534,0.5670397719567449,0.35408163996546016,0.6633333060496182,0.9493664815258864,0.9632183918869072,0.3695871393029747,2.0
2021-04-22 00:24:47.020,0.5188695566498536,0.030346177108372355,0.22547525504097557,0.08880095728355741,0.5391390565599982,0.9372047777306141,0.10354593865324929,0.32766896568006215,0.7718326250923576,0.5370326334218986,0.34081632615561747,0.689999983629771,1.0,0.9701149728333978,0.3766364664019735,2.0
2021-04-22 00:24:47.040,0.5828501033130542,0.04936574955180118,0.17091352896763984,0.09869669556144382,0.5103529541032888,0.9575735036700241,0.05182974901772236,0.3470844612281077,0.7859951341210495,0.47725650244384826,0.3081632832717832,0.6466666393829515,0.9493664815258864,0.9586207497233433,0.39778450957207945,2.0
2021-04-22 00:24:47.060,0.5933112094695554,0.036763001034855386,0.14117450301693954,0.11408743260345067,0.5051106563918498,0.9720274443223723,0.00011355938219543191,0.3664999567761531,0.8001576431497414,0.4360562149531535,0.2918367367733943,0.5733333060496182,0.9873425925325849,0.9839081347263804,0.43001008737926755,2.0
2021-04-22 00:24:47.080,0.5808206833849868,0.007816349087625218,0.13952871812590018,0.12920237748959526,0.5641551718600952,0.9619508661241891,0.0,0.3089140292191166,0.7692598780034609,0.3893784503966174,0.30408165082326466,0.4633333060496182,0.9873425925325849,0.9908044802705798,0.4622356651864557,2.0
2021-04-22 00:24:47.100,0.5738302225324633,0.0,0.1380209490112383,0.1419282188381309,0.6096444455051387,0.9523265289898923,0.0014389718407553686,0.24656245759343734,0.7317673809940897,0.29149797010524836,0.3183673476887652,0.3299999699879133,0.9367090740584714,1.0,0.4934541962652154,2.0
2021-04-22 00:24:47.120,0.5728801207632626,0.04175968446575953,0.12426504140321701,0.1590717927561796,0.6651662492719185,0.9375577194743685,0.005578812025203985,0.19863268141053522,0.6983853438139934,0.14884491348349554,0.289795920549135,0.19333329513613207,0.9620251851947872,0.9908044802705798,0.5327291217957721,2.0
2021-04-22 00:24:47.140,0.5686325369891782,0.06146063115794563,0.09470998780552528,0.18443813486067814,0.7353889347292104,0.9127259531431562,0.01320273208304496,0.14391083360559165,0.6537051919191386,0.04191472576562349,0.25714287766530075,0.1466666393829515,0.9746838888636842,0.9770113183775971,0.5911379815713006,2.0
2021-04-22 00:24:47.160,0.5738982771996316,0.06639202358807175,0.09001505180949118,0.22189998738483577,0.8133254811705461,0.8733490066226506,0.022151116600108406,0.0911228904078826,0.6003223869068696,0.0009525258875443964,0.2632653263380787,0.18999995634605574,0.9367090740584714,0.9471265266132876,0.6314199538302858,2.0
2021-04-22 00:24:47.180,0.5849254957158282,0.07249887870595048,0.11336649813592554,0.27578501912530023,0.8879310917856537,0.8145329935179875,0.029615590461660915,0.04863723276201698,0.5435756933093464,0.0,0.25714287766530075,0.12333330604961816,0.9493664815258864,0.8942528178242838,0.6807653703631519,2.0
2021-04-22 00:24:47.200,0.604589322816299,0.12406411188865997,0.12332720482846389,0.35425110939305904,0.9498767917334615,0.7259235138577994,0.03967368112645805,0.019474390901204296,0.4859933288566792,0.03191227802847619,0.13673470372968755,0.0766666257410939,0.9367090740584714,0.834482763491082,0.7250755398480355,2.0
2021-04-22 00:24:47.220,0.5989048119088267,0.14980155843022355,0.11766463877487424,0.460764708757155,0.9895160652864059,0.6026312868376141,0.05049319756694517,0.003765842659193947,0.4295731368007146,0.10073825288409298,0.0,0.06666663938295148,0.8481020369806306,0.7816090547020782,0.7683786595108353,2.0
2021-04-22 00:24:47.240,0.5736684148260988,0.14198424314427793,0.11600830156316991,0.5787153390742261,1.0,0.4647756945242524,0.05872460289264855,0.0,0.3775547419003009,0.20862112243358205,0.05306123853505633,0.06999997271628483,0.8607600925487885,0.7149425371235301,0.7955689907856504,2.0
2021-04-22 00:24:47.260,0.5999418411676893,0.14382354905136976,0.12323564292624001,0.6767740068860966,0.9859871569327104,0.35080461024901727,0.06700067357176032,0.005070241167693865,0.3336556860383244,0.3486544355961994,0.09795919546876088,0.0,0.7721524073702012,0.6459768453597611,0.8237663708513308,2.0
2021-04-22 00:24:47.280,0.5998709295129581,0.14357463442292073,0.1210619203299494,0.7419592647987631,0.9622070284892235,0.27624428869283674,0.07597210176503087,0.014339631972986865,0.2999409463673912,0.5003572386304733,0.2204081522200043,0.0766666257410939,0.7784817592046516,0.6252873379225791,0.8323262902141696,2.0
2021-04-22 00:24:47.300,0.5905224348823654,0.1868290642251364,0.11357617651886515,0.7808204143381617,0.9409620215493735,0.2333289089426841,0.08280845314237081,0.02332551097888239,0.27690835301437683,0.5925220177923219,0.34897960775696923,0.07333327876590298,0.784811111039102,0.6045978304853971,0.8408862095770087,2.0
2021-04-22 00:24:47.320,0.5937512663096549,0.23649177326710713,0.10273432516914753,0.8061622975285779,0.9226487618988733,0.20666299415027917,0.09090626348449311,0.03160311930142921,0.2600907763210417,0.619195042818636,0.35714287265400646,0.08666663938295148,0.7658230555357508,0.5632184625075941,0.8615307216487617,2.0
2021-04-22 00:24:47.340,0.5635263798942113,0.2842865548893856,0.084723369878502,0.8278669854501565,0.9046257338177678,0.18404999890338108,0.09709071947115348,0.040227128975429724,0.24434188193301118,0.5618004214895377,0.3346938858349968,0.17833330332124664,0.7341775925649884,0.496551709526754,0.8872104776748415,2.0
2021-04-22 00:24:47.360,0.5662750220349014,0.32468874437756484,0.06126800870543533,0.8506056341235617,0.8823509013396059,0.15974497254973924,0.10247590263164431,0.05153870025104417,0.22565956677677554,0.47404143761487594,0.33112246161862174,0.2074999693058204,0.7341775925649884,0.42988507424706024,0.8992950693525371,2.0
2021-04-22 00:24:47.380,0.5812687412238406,0.33955959613861536,0.10472616997783134,0.8802222264411347,0.7235302842307272,0.05877961498422695,0.12510187574612788,0.15268097498954755,0.11103832802659584,0.3862824537402143,0.3275510374022466,0.2366666352903942,0.7594937037013041,0.37931030424098333,0.9264854032053983,2.0
2021-04-22 00:24:47.400,0.5875273466687484,0.3825601476418234,0.07940627955661943,0.8909156682972146,0.7547261936634216,0.07303991847323442,0.11872986173666666,0.1266021634921769,0.13480537697992676,0.25982379918239695,0.34081632615561747,0.2866666393829515,0.6455705554871476,0.2942528649047431,0.941591145380564,2.0
2021-04-22 00:24:47.420,0.574576748788213,0.41726281956526207,0.06163208040658335,0.9091481258166537,0.7645326210593595,0.0748384713032257,0.11653803257577312,0.1467139980083953,0.11614668342543842,0.2724458344346072,0.32653062929011695,0.43999997271628477,0.6455705554871476,0.2551725534110147,0.9471299126991051,2.0
2021-04-22 00:24:47.440,0.5729914841749307,0.4031168265436287,0.07807565650834122,0.935179373915545,0.7049299163638149,0.04787427475122606,0.11434620341487957,0.16682583252461405,0.09748798987095009,0.36133603661083397,0.44234694792879287,0.5141666393829514,0.6455705554871476,0.2160922419172862,0.9526686800176463,2.0
2021-04-22 00:24:47.460,0.5714062195616484,0.38897083352199524,0.09451923261009909,0.9651659246307914,0.6222010752983543,0.019152556992733168,0.10965604961493094,0.2142036460370445,0.0599843884038486,0.45022623878706075,0.5581632665674686,0.5883333060496182,0.6329118518182468,0.13103444947760767,0.9682779455570261,2.0
2021-04-22 00:24:47.480,0.5625854161250987,0.4326512407020744,0.12951795631172125,0.9845785853823273,0.5655428015082752,0.003908750609883224,0.1054765393043533,0.27239968365944717,0.020664169029877038,0.6923076863098433,0.7959183608697556,0.6266666393829515,0.5822796295456188,0.075862155009114,0.9768378633730374,2.0
2021-04-22 00:24:47.500,0.5324200147183514,0.47084451279204287,0.1252619399157073,0.9919435709062995,0.5497409779346324,0.0004230164993949972,0.10456077194419289,0.30275478117056265,0.0021129809017862745,0.8037627998651005,0.9020408212355537,0.5799999727162848,0.6075944444804491,0.04827583122314733,0.9818731176395491,2.0
2021-04-22 00:24:47.520,0.5370068358772347,0.5030570709170137,0.09542566734203246,0.9964264348617543,0.5442576314525169,0.0,0.10860503738772666,0.30516676848905744,0.0010564904508931043,0.8673493677237835,1.0,0.4999999727162848,0.5443035185389203,0.04597689244022045,0.9859013045532627,2.0
2021-04-22 00:24:47.540,0.5733825061227146,0.4830105557596624,0.09489432065302049,0.9987607137088031,0.5453718876288073,0.0022361536989627846,0.11264930283126026,0.3075787558075523,0.0,0.9099785668517522,0.9734693890846292,0.4599999727162848,0.6329118518182468,0.05287370878900378,0.9879154083223044,2.0
2021-04-22 00:24:47.560,0.5625525392591515,0.48896857970020874,0.11232494267564569,1.0,0.5511480484529753,0.005505494842670366,0.1266221385300859,0.30138260848460446,0.004814111433355952,0.9483210310678993,0.9285714321509247,0.3866666393829515,0.49367129626629247,0.03678160811309289,0.9859013045532627,2.0
2021-04-22 00:24:47.580,0.5809136273856511,0.4867315780835091,0.1132938409343183,0.9997329497695203,0.5605888032921104,0.010067262344889007,0.13766888311950273,0.2922406249918906,0.011230406148087983,0.9680876422451166,0.8979591720827205,0.35666663938295146,0.49367129626629247,0.03678160811309289,0.983887211096406,2.0
2021-04-22 00:24:47.600,0.5804606145834169,0.5011817687333529,0.1076888560180362,0.999387372336132,0.5652493464784316,0.012302125082908491,0.14271767236118324,0.2877826919709937,0.014403957561818377,0.9564181964276605,0.8653061124945718,0.3699999727162848,0.46835518512997665,0.041379014874364,0.9919436055482029,2.0
2021-04-22 00:24:47.620,0.5800076017811827,0.5156319593831966,0.10208387110175407,0.9990417949027438,0.5699098896647529,0.014536987820927976,0.14776646160286377,0.2833247589500965,0.01757750897554877,0.93188854528995,0.8061224419910522,0.4199999699879133,0.37974814805213586,0.02758632378596533,0.9919436055482029,2.0
2021-04-22 00:24:47.640,0.5678353435024918,0.5293030128486464,0.09157252849213468,0.9992221187664817,0.5763092595162759,0.0176941898167424,0.15471248921126615,0.27726721287294154,0.021985796532362985,0.9285544181363111,0.740816327826049,0.4599999727162848,0.392405555519551,0.018390804056546445,0.983887211096406,2.0
2021-04-22 00:24:47.660,0.5543053870853869,0.5132195300752227,0.09646168782542533,0.9997906614895989,0.5828559875597651,0.020228241476100788,0.15847236396888614,0.2711254070075953,0.026213780707882422,0.9609430838638177,0.7204081605721616,0.47999997271628486,0.3037985184417102,0.006896580946492002,0.9879154083223044,2.0
2021-04-22 00:24:47.680,0.5557812599870665,0.4946751916927551,0.09772628769499508,0.9995358233939835,0.5930691916386077,0.02357727328993495,0.1612521167959249,0.261650658409343,0.032569344782679796,0.9942843534509049,0.7632653012816069,0.4899999727162848,0.3544307407143381,0.018390804056546445,0.9919436055482029,2.0
2021-04-22 00:24:47.700,0.5739987167355273,0.5181197454806725,0.08183914037941488,0.998027927876367,0.6057595750189744,0.02818139826743134,0.16581071745701959,0.250065955163311,0.04066918235609994,1.0,0.8081632582153114,0.49333330604961817,0.37974814805213586,0.03908054689602111,0.9929506522766314,2.0
2021-04-22 00:24:47.720,0.5793760448843975,0.5679904356183106,0.06209018016198174,0.996077277511763,0.617637646366127,0.0331062398122685,0.17175715268690625,0.2394129942127874,0.04852611967535441,0.9945225053904504,0.8142857152402466,0.43333330604961817,0.36708944438323515,0.04597689244022045,0.9919436055482029,2.0
2021-04-22 00:24:47.740,0.5575550372053812,0.5756572957000624,0.059145158351621645,0.9941595392836721,0.6284883748401584,0.03797030152025733,0.17784440227994575,0.22984055310648674,0.05587211067037898,0.9842819748164747,0.7510204064416983,0.3399999713520991,0.31645592590912525,0.04827583122314733,0.9909365588197746,2.0
2021-04-22 00:24:47.760,0.5542325778588783,0.5704701962075841,0.06835196939469104,0.9920166127531226,0.6383540858782719,0.04296980945479274,0.18024072583642212,0.2627874532087231,0.03516853884589694,0.9788044801094603,0.6693877583065421,0.2833332978645036,0.37974814805213586,0.041379014874364,0.9859013045532627,2.0
2021-04-22 00:24:47.780,0.5503466968685098,0.5388730215022292,0.10309808444174047,0.9807753859161645,0.5481570175214495,0.015499346867967799,0.19782155586052366,0.22041119081926475,0.06488978539447662,0.9714217692038253,0.685714286430185,0.2633332978645036,0.3037985184417102,0.04367818905958489,0.9879154083223044,2.0
2021-04-22 00:24:47.800,0.5621515657663075,0.5837376364414829,0.07678635722036849,0.974490322653957,0.6393533986605299,0.046637534167461976,0.20500708091697561,0.2097131488467981,0.07387623045765535,0.968325793794802,0.7163265314645059,0.3133333005928751,0.2784811111039087,0.041379014874364,0.9889224550507328,2.0
2021-04-22 00:24:47.820,0.5695205378937744,0.6107285691960027,0.05054662906707941,0.9694044621651086,0.6647103098117891,0.059695359873959915,0.21219260597342757,0.19901510687433147,0.08286267552083407,0.9783281754506487,0.700000003340863,0.3599999727162848,0.31645592590912525,0.041379014874364,0.9889224550507328,2.0
2021-04-22 00:24:47.840,0.5417413834427414,0.6178710033045056,0.05228626823553966,0.9660213370420343,0.6747872776382904,0.06635539249005323,0.22174916852710017,0.19074095849477796,0.09066557015444149,0.9959514189770252,0.6734693874141977,0.3833333065952924,0.37974814805213586,0.041379014874364,0.9859013045532627,2.0
2021-04-22 00:24:47.860,0.5394257836826493,0.6086839723071592,0.061998891865829776,0.9630938891100735,0.6838815605328632,0.07145419974472045,0.223984933811142,0.18706873782246347,0.09398078797953267,0.9969040247859068,0.6428571443843945,0.3733333060496182,0.2848104629383591,0.06091975912695855,0.9899295069352537,2.0
2021-04-22 00:24:47.880,0.549932590018844,0.6018192683485231,0.06309110512058425,0.9608225475065324,0.6898054499466267,0.07514081784525042,0.22622069909518389,0.18339651715014862,0.09729600580462386,0.9707073133851886,0.5918367384438258,0.3833333065952924,0.2784811111039087,0.06666663527969377,0.9929506522766314,2.0
2021-04-22 00:24:47.900,0.554471062907825,0.6273153768271619,0.053764606210575376,0.9585512059029911,0.69572933936039,0.07882743594578039,0.2333444948101504,0.1740007366625683,0.10625679016492859,0.9466539674910799,0.5632653113041955,0.3866666393829515,0.3544307407143381,0.06896580946491467,0.9889224550507328,2.0
2021-04-22 00:24:47.920,0.5511973452169325,0.6193887655555956,0.04089810690258058,0.9560255747394432,0.7018966601025532,0.08339789126623974,0.2389805514107425,0.1691763549734617,0.11125276636968541,0.9437961442165324,0.5877551026544442,0.4199999699879133,0.2784811111039087,0.05287370878900378,0.9879154083223044,2.0
2021-04-22 00:24:47.940,0.5526549654458902,0.6070423763633016,0.03483365420054057,0.9549908633599414,0.7050615777048979,0.08579112351025983,0.24085662386917597,0.16702981651667842,0.1134409839690107,0.9597523241660895,0.5877551026544442,0.4366666393829515,0.2531649999675966,0.06206899311613134,0.9959718027741015,2.0
2021-04-22 00:24:47.960,0.5371512614490617,0.6134756055215578,0.0433179936212368,0.9534818707711079,0.7098445122808238,0.08871288214266969,0.24273269632760927,0.16488327805989553,0.115629201568336,0.972850680841099,0.5857142897710479,0.4366666393829515,0.34177203704543735,0.06896580946491467,0.9778449101014657,2.0
2021-04-22 00:24:47.980,0.5418507573936686,0.6135104501933621,0.04387006042412625,0.9512679233143985,0.7156861834316374,0.0923598816985721,0.2458103032542319,0.15858811530952,0.12182774927999193,0.9707073133851886,0.6081632682379002,0.4599999727162848,0.37974814805213586,0.06206899311613134,0.9848942578248343,2.0
2021-04-22 00:24:48.000,0.5622134015462031,0.6195952629948919,0.03718378246299996,0.9488946984391424,0.7209270095633064,0.09615747010397888,0.24910168403149258,0.15463319694204114,0.12601893669534528,0.9580852603943399,0.6448979612768264,0.5199999727162848,0.2784811111039087,0.06206899311613134,0.9848942578248343,2.0
2021-04-22 00:24:48.020,0.5565747497101989,0.6266450596641379,0.0210293774758623,0.947511262764077,0.7248966710743315,0.09892291778973004,0.2510358943723825,0.15166069885862032,0.12913905510908905,0.9511788543424469,0.6775510215331478,0.5799999727162848,0.2531649999675966,0.05747111555027489,0.9818731176395491,2.0
2021-04-22 00:24:48.040,0.5430586741887953,0.6284552014006851,0.01876066550669032,0.9469019263138605,0.728482920985336,0.10097024228259532,0.2512570334486437,0.14899471101920084,0.13174360250981262,0.9511788543424469,0.7204081605721616,0.6433333060496181,0.26582305553575447,0.05057465230492989,0.9848942629809267,2.0
2021-04-22 00:24:48.060,0.5382201837278792,0.632996647240214,0.019853943606697566,0.9466124149937252,0.7322749918492499,0.10282810953430975,0.2504398215580847,0.14619480303333185,0.1343503358566847,0.9557037406090235,0.7673469420822827,0.6799999727162848,0.2784811111039087,0.04367818905958489,0.9879154083223044,2.0
2021-04-22 00:24:48.080,0.5349740995273901,0.6362706092874744,0.024747144175617786,0.9462574835846964,0.7366072426070835,0.10495414775388547,0.24938342214233672,0.1430210176781206,0.13732438994360233,0.9597523241660895,0.8081632582153114,0.6766666393829516,0.2531649999675966,0.03908054689602111,0.9879154083223044,2.0
2021-04-22 00:24:48.100,0.5391223295525469,0.6325800393648648,0.019763135969861102,0.9456426617783943,0.7411433121684792,0.10750634264812368,0.24908316158289565,0.13972511668784918,0.1405839925401539,0.9511788539525867,0.8122448948399087,0.6199999727162848,0.2278488888312808,0.04367818905958489,0.9879154083223044,2.0
