2021-04-08 02:38:40.660,0.4675000941496419,0.22176987055825995,0.0,0.2248567487897882,0.07867548062184827,0.46383654113680395,0.7359382517147405,0.8862692182626116,0.9765844593969195,0.5420466730387155,0.3855567868522409,0.36470588049574804,0.8047810617863874,0.08165983999824468,0.006242181373158494,6.0
2021-04-08 02:38:40.680,0.9015956372922593,0.33686801299489916,0.5780690634262625,0.2241904126589201,0.07671874558042162,0.46259504040439836,0.7564680364979668,0.8890724130096412,0.9758945847573494,0.5388777133484506,0.38544653282076524,0.381292187280474,0.7928288152886921,0.07630488065667443,0.0024968469812231037,6.0
2021-04-08 02:38:40.700,0.19164760462580027,0.17495254178917471,0.28813205813522924,0.22380589134987816,0.07991017554154535,0.4633427108411376,0.7437670664751213,0.8845011699819547,0.9760054207374355,0.534394794084833,0.3618522657434266,0.3712632575651139,0.8047810617863874,0.0655955103003165,0.0,6.0
2021-04-08 02:38:40.720,0.8230756187386296,0.32406218139766346,0.14140389927502917,0.22117653916999455,0.08260416014288449,0.46004516105806864,0.7967657040934053,0.880645653771781,0.972857702410095,0.5412737560017427,0.39371555224244426,0.3654773359938244,0.8167329003158073,0.07898236032745956,0.011235939255705436,6.0
2021-04-08 02:38:40.740,0.2133900472310345,0.14728364111889092,0.40226349313333093,0.2210855997572064,0.0843673573130536,0.4608487979422877,0.7834361858681814,0.8781238231156964,0.97326707856984,0.5423558398092196,0.36504962047330464,0.3716489856614472,0.8167329003158073,0.0870145251764221,0.017478184548964847,6.0
2021-04-08 02:38:40.760,0.7092304050853503,0.2467048062126571,0.062435976329664286,0.21697482819650651,0.08919947197385913,0.4576076639010414,0.8347680966664619,0.8712193567766079,0.9696474845786074,0.5476889678419761,0.367364945658692,0.3566055905043199,0.8207171184711306,0.07898236032745956,0.004993693962446025,6.0
2021-04-08 02:38:40.780,0.6626748652180565,0.2552462906065134,0.6539028378852696,0.21671515326344,0.08684683189495061,0.45642826625126937,0.8542037946830363,0.8745797742956033,0.9689325454928516,0.5467614668029257,0.3928335226979537,0.35197685435863274,0.8127490901287584,0.08969200484720721,0.011235939255705436,6.0
2021-04-08 02:38:40.800,0.3379858166682732,0.1702003691843917,0.10208811527644306,0.19372687526480425,0.07382764885555013,0.47105923234294156,0.6184132685348215,0.8932169514771285,0.9824151606695647,0.5385685465463143,0.35788313685419104,0.3693346172728808,0.8047810617863874,0.08969200484720721,0.008739028354381416,6.0
2021-04-08 02:38:40.820,0.9563983072986851,0.40327206941734595,0.29866374549448044,0.18008315679716824,0.08849661344399218,0.4573429932547245,0.8391675156089401,0.8722230353550603,0.9695182836760521,0.52260781101867,0.3872105901048699,0.37839922711048884,0.8207171184711306,0.10040137520356515,0.011235939255705436,6.0
2021-04-08 02:38:40.840,0.35877521887834773,0.27299904640223555,0.5874749565352891,0.17760247360972137,0.09608297418786832,0.45438462442202193,0.8848811874973432,0.8614009051976176,0.9654719476543882,0.5278250001720785,0.3808710092852406,0.3872709727578548,0.8167329003158073,0.10575606038174412,0.0187265441194753,6.0
2021-04-08 02:38:40.860,0.4086773505621529,0.2731943959095044,0.012116509745968718,0.17305960762395842,0.11208707635926224,0.4538211535032261,0.9028249832527335,0.8371905827281126,0.961130127376164,0.5330421893254869,0.3745314284656112,0.3961427184052208,0.8207171184711306,0.12717534942123943,0.024968725492633796,6.0
2021-04-08 02:38:40.880,0.8887479831804783,0.3442529337373342,0.5380517551994444,0.17252948229079335,0.11415410555389892,0.45216441270671376,0.916988590243186,0.8320917261523464,0.959515600928178,0.5323079175377717,0.38302095441609657,0.40443587116613805,0.8326693649688248,0.13788471977759736,0.024968725492633796,6.0
2021-04-08 02:38:40.900,0.45893890678339005,0.30727432768283186,0.3606851705054911,0.17178904003389495,0.11672089891305892,0.45203741031205863,0.9202712411190331,0.828368292725563,0.9587710135115878,0.5108981196530411,0.37552371055255435,0.4360655756337741,0.8406373933111969,0.1405621994483825,0.027465700314058733,6.0
2021-04-08 02:38:40.920,0.4851312554394106,0.4291299770497246,0.3546392559152158,0.17115847989591124,0.12278072463786907,0.45154659670697944,0.9252232831004288,0.818549626459113,0.9569699876029428,0.47766268399490075,0.3639470846707391,0.4746383821098811,0.8366531751558737,0.15930373465370296,0.0187265441194753,6.0
2021-04-08 02:38:40.940,0.4754552442709663,0.49700655379993625,0.36239101180589695,0.17165745673737123,0.14036123671131934,0.45048776900801113,0.9301753250818243,0.808730960192663,0.9551689616942979,0.44187661968857034,0.35292172754752293,0.5151398257525649,0.8565738579642133,0.2208832996112346,0.04119848655098709,6.0
2021-04-08 02:38:40.960,0.4793411427844824,0.49192976692312085,0.37881164370381026,0.17258065524214752,0.16349711785262655,0.4493080308991719,0.9452833027302708,0.7664634519480175,0.9471896526443873,0.3926418134074229,0.34862183701507954,0.5760848631420421,0.828685554781776,0.24497979415812532,0.04619224443353403,6.0
2021-04-08 02:38:40.980,0.48705977042489385,0.5975958637160778,0.37523812892623537,0.17453423599655038,0.1974701044497362,0.4479805754148926,0.9529716496611366,0.7196008380175001,0.9377631877039059,0.30313802671953455,0.3336273501001895,0.6686596049991554,0.8565738579642133,0.3306558536625477,0.07365794474759277,6.0
2021-04-08 02:38:41.000,0.4432965480775727,0.8341290246880113,0.32099077907245754,0.1792102297824774,0.24990426183482092,0.4461416136699339,0.9573412174462004,0.6488219705005549,0.9216058170671543,0.18117170050167958,0.2906284483855083,0.7311475420187634,0.8764941328042797,0.4243640780159341,0.10486885161338487,6.0
2021-04-08 02:38:41.020,0.402054721096589,1.0,0.2798812130983048,0.18879403112445273,0.32837799272365936,0.44228985512908564,0.9688924157395914,0.547018941692227,0.8922771828032628,0.07520480627304969,0.2356119181545601,0.7423336653685196,0.8984065167220077,0.6666666666666656,0.2084893692242996,6.0
2021-04-08 02:38:41.040,0.43498848088378617,0.8001027357546712,0.33247434060921166,0.2033850471614487,0.43461791479864825,0.4348264398279063,0.98829268294316,0.4186880716377113,0.8431918881696697,0.017467862321840645,0.19117972440873462,0.7512054140152525,0.896414407644346,0.8393575255109029,0.3383270741705201,6.0
2021-04-08 02:38:41.060,0.4842956418840437,0.4304486131969401,0.4002056856014617,0.22442485268620435,0.5577389000206381,0.4227405392146055,1.0,0.28642624478788825,0.7742415066641162,0.0,0.15226021870011822,0.7288331988880242,0.9013944763543629,0.9042838715160678,0.40543069651624586,6.0
2021-04-08 02:38:41.080,0.5230528817506477,0.27015631380672245,0.3856179746131783,0.2584150507973425,0.6828272058334981,0.4033669225039815,0.9985102040588016,0.17331301005770156,0.6905194981116454,0.018086269312518204,0.11466374151556945,0.66441658365787,0.9063745450643798,0.9692102175212334,0.47253431886197167,6.0
2021-04-08 02:38:41.100,0.5736666651584373,0.24966504296506006,0.38266341114070523,0.3164986463056615,0.7945961600195627,0.37160666261650604,0.9846107519131878,0.09270357435445459,0.6002000042900458,0.06515687887720624,0.08853364389720668,0.579556409410435,0.8924305974572971,1.0,0.6017478056708763,6.0
2021-04-08 02:38:41.120,0.6616579544628161,0.1791240364097308,0.407728769281985,0.41220934334556314,0.8770722027704463,0.32136860638104014,0.9576695243812019,0.04661952890771939,0.5123640826779995,0.11763793278493617,0.06394709459755919,0.48273867462709186,0.9043824359867182,0.9892906296436421,0.6604244639868079,6.0
2021-04-08 02:38:41.140,0.7041311847820183,0.09996926789218241,0.4640868160927083,0.5465902287608213,0.9171607007079413,0.2523262144830729,0.9174166335218851,0.028511671010254643,0.432069668229595,0.14306688517932706,0.03484015121470795,0.3724204417909694,0.9083666541420403,0.9705490944383216,0.7390761538329274,6.0
2021-04-08 02:38:41.160,0.6592858695038996,0.16681327054074677,0.43253729883623887,0.691423623694008,0.9095645570778006,0.17689810813593912,0.8638593886840616,0.031723630680444724,0.3551101528049701,0.14461271919000843,0.015545770157621801,0.2520732824282875,0.9003982178313948,0.9250335850153253,0.8027465636393958,6.0
2021-04-08 02:38:41.180,0.6351388811733112,0.15798423036490947,0.3810993855929365,0.7498700994311779,0.8319850341323599,0.12462967402160577,0.8954281593773828,0.0703600799244355,0.2727670120153607,0.15218733494385278,0.0,0.13674057212135754,0.9322711471374299,0.8661312255651875,0.8689138562223437,6.0
2021-04-08 02:38:41.200,0.689286087308279,0.18812969572762106,0.34448553808983295,0.8295156268310931,0.7846956870293602,0.07699347853447434,0.7171465296482546,0.09901691494849842,0.2053146205057729,0.216262134442072,0.015876522776447785,0.06133075598255315,0.9561756401328184,0.8206157161421912,0.9176029949379755,6.0
2021-04-08 02:38:41.220,0.6888161821015277,0.33676565538808556,0.3339293131060962,0.8574311959686652,0.706158182149837,0.05134664118990995,0.6198384241659927,0.15482524358439156,0.14136044994941568,0.28603722769594825,0.055926140542437844,0.03066537799127661,0.948207203822173,0.7643908363628384,0.9563046185277142,6.0
2021-04-08 02:38:41.240,0.6370189854365773,0.3989046816365068,0.28861271515490483,0.8679674332092321,0.6364060384337222,0.032836384023316435,0.5033512290278078,0.21259758015588628,0.09053638796354169,0.3558123209498245,0.09597575830842794,0.0,0.9760959149728847,0.7349396566377688,0.9712858915361541,6.0
2021-04-08 02:38:41.260,0.5941651868671254,0.28791633705956843,0.24528055550174524,0.8682983716604615,0.5829795149448783,0.019267276274440102,0.33076333513345113,0.28030231735173217,0.043660405256540344,0.43291078748774947,0.18368248456104236,0.03760849420727521,0.9721116968175615,0.7161981214324483,0.9837702875209234,6.0
2021-04-08 02:38:41.280,0.4675660376082788,0.3241265765210708,0.19053747241346675,0.8635227904433086,0.5453676513964937,0.008730821619820459,0.25239283530039863,0.3049083911552342,0.029700212474806996,0.4660689289147901,0.2546857884413804,0.11513982575256484,1.0,0.6947791065563428,0.9937578032860173,6.0
2021-04-08 02:38:41.300,0.4300779125490643,0.5698419688154032,0.09580545807363242,0.857052101456461,0.5155972308339863,0.0,0.1740223354673461,0.32951446495873626,0.01574001969307359,0.5189364552433017,0.3382580004709644,0.23278688550469084,0.9880477535023046,0.6680054065020582,0.9937578032860173,6.0
2021-04-08 02:38:41.320,0.6094792483092591,0.6025923386919311,0.06705971867347058,0.8489121826480724,0.4874810922226171,0.9964202543005979,0.09617227452230247,0.3540323257437179,0.004206654448851001,0.569176062488372,0.4152150003924703,0.3639344237347802,0.9920319716576279,0.6867469417073787,1.0,6.0
2021-04-08 02:38:41.340,0.6246977796495115,0.6495324502896489,0.06896971248050138,0.847246775022311,0.4834674195894258,0.9920392019081335,0.03042342084092257,0.3645185435499216,0.0,0.5959189921384433,0.4796030921647302,0.4869816833394636,1.0,0.7001337917345217,0.9975031210587265,6.0
2021-04-08 02:38:41.360,0.6593668588408957,0.6833808526047371,0.0844864541918687,0.8510056581718967,0.49020059739682065,0.9907752336679413,0.015211710420461285,0.358467524563245,0.0029537098171823527,0.6005564941704876,0.5389195147329983,0.5934426260562903,0.9721116968175615,0.7135209159250545,0.9825218474110857,6.0
2021-04-08 02:38:41.380,0.6948755567108326,0.6442042946000793,0.09372536242353406,0.8580887638862595,0.49797253112348777,0.9906478405825534,0.0,0.35241650557656845,0.005907419634364705,0.5964600334095405,0.5944873354261837,0.6867888082567837,0.948207203822173,0.7242302862814124,0.9825218474110857,6.0
2021-04-08 02:38:41.400,0.6738233871082483,0.614912416844723,0.08304337800742385,0.8681287406886562,0.5046051084791398,0.991433184768531,0.010695521840678844,0.341138726283888,0.011021933006525817,0.591899821180106,0.6574421360697376,0.770491817253306,0.900398421815531,0.722891546446019,0.975655430002983,6.0
2021-04-08 02:38:41.420,0.6087831215988604,0.5487310214228774,0.05915274258420306,0.8811018260600433,0.5104574560627836,0.9933050119760662,0.03465484751285304,0.33493003553318607,0.013682572452557502,0.5980058674202219,0.7231532626831324,0.8541948041492297,0.8605576681512621,0.7563589456772657,0.9825218474110857,6.0
2021-04-08 02:38:41.440,0.4876019502128436,0.4891274922726245,0.06650175407725141,0.8974772906882057,0.5185649578811415,0.9960953251900362,0.06973788058562269,0.32640269669094507,0.017487061544822005,0.6303910791890933,0.7895258764854153,0.9255545119161692,0.8167329003158073,0.7724230012118011,0.9750312105872653,6.0
2021-04-08 02:38:41.460,0.44144621729448325,0.39355521977678515,0.11835193457111358,0.9175530134347778,0.5364791926070084,1.0,0.11792717870409057,0.3078661696959792,0.026536560740732264,0.6753748640833167,0.8581036250635021,0.9286403553776281,0.7490040474532372,0.8072288661150496,0.9475655422332571,6.0
2021-04-08 02:38:41.480,0.4700643536243002,0.22549659625813687,0.13967895637246464,0.9395049174712209,0.5681792840550418,0.0013003024783466424,0.18671650110019788,0.27612265836858657,0.04358369277159591,0.7157984304216913,0.9216096710473842,0.8842816121439635,0.6693225401246985,0.8366800458401178,0.9325842685856163,6.0
2021-04-08 02:38:41.500,0.5049478238942519,0.10310005980340281,0.1914966530060649,0.9617494358354894,0.6129836682809048,0.009624470858238667,0.27258197443773974,0.23364695034287275,0.06955821636346915,0.7212861266088577,0.9664829043825051,0.7974927817865808,0.5816730044537888,0.8634537458944024,0.8988764035176254,6.0
2021-04-08 02:38:41.520,0.5154194662027559,0.024487132123347854,0.1962845043410094,0.9820998638793484,0.661115880325335,0.02030723919230825,0.3668348837043405,0.1912778214067135,0.10010049285575132,0.6797031942520932,1.0,0.6817743434148897,0.4900396585958302,0.8821955552631141,0.8863920075328561,6.0
2021-04-08 02:38:41.540,0.533353222463105,0.0731475964982398,0.2815622710011591,1.0,0.701673339370321,0.03351350687629643,0.46827252018812154,0.15831265020622814,0.12922470349465376,0.6143144143349866,0.9994487275865264,0.5857280521321553,0.41832658757793684,0.8821955552631141,0.8789013719874377,6.0
2021-04-08 02:38:41.560,0.3892560471639727,0.19539593775030525,0.2612976630138929,0.8511677649469791,0.7799215562077617,0.1018116887411581,0.8828542660106328,0.1021199427898504,0.22423412249608976,0.5976194076522686,0.9604189258830587,0.5363548629999668,0.3187252133776061,0.8821955552631141,0.8514356997982234,6.0
2021-04-08 02:38:41.580,0.32170775218259,0.2816325361601139,0.34774109249712004,0.8871991177699049,0.7773194182272583,0.08963349581416737,0.8114411189421236,0.10382720805111129,0.21152158230996637,0.6344875462764548,0.9174200656805339,0.43799421280035106,0.23904370604906738,0.9009370904684346,0.8189762799536784,6.0
2021-04-08 02:38:41.600,0.2706289607257586,0.19022184850645762,0.43511533455815926,0.9231297833788572,0.7901145553342378,0.08001815037518865,0.7286844204630599,0.09554097793067005,0.21074991471330007,0.655974642820775,0.8922822710405582,0.3342333633796236,0.15936219872052865,0.9170014201663628,0.7940074905409437,6.0
2021-04-08 02:38:41.620,0.19871162344038262,0.055575725478105215,0.5542856379692761,0.9358223520326447,0.828304391254311,0.09104584281339743,0.7315414831086682,0.0724535473391259,0.24102150106354941,0.6587184940775652,0.7609702416135653,0.27000963901829145,0.12749008535104245,0.9250335850153253,0.7540574274805681,6.0
2021-04-08 02:38:41.640,0.0,0.3410493583147724,0.9031128865560168,0.9286229217561668,0.8735140037591942,0.1124395929337441,0.7482867827921516,0.048363967449663675,0.2824645843489136,0.6380429594398906,0.6133406859183563,0.1969141565385411,0.06374504267552122,0.9303882701935042,0.7303370743424651,6.0
2021-04-08 02:38:41.660,0.034675807729519594,0.40714302552864134,1.0,0.9096175099836835,0.9118726596408393,0.13619227788603944,0.7419018852548683,0.024742082720572295,0.33678389951654714,0.6337919190737239,0.5238147751402898,0.21311474788741958,0.04780857802250371,0.9330654757008982,0.7003745270471835,6.0
2021-04-08 02:38:41.680,0.1705573794712972,0.4808537061844673,0.9088093280607046,0.8789999789659036,0.9419570930154838,0.1623979704174558,0.7180644457641757,0.015835714638793214,0.36745739382062964,0.6461006253888214,0.46648291363249644,0.2625843735348487,0.0159360566847431,0.9357429553716832,0.6916354475567212,6.0
2021-04-08 02:38:41.700,0.2866042926077624,0.48956415353563504,0.8432627927654307,0.8360285102150585,0.9668080252569702,0.1914581052559903,0.694227006273483,0.006929346557014132,0.39813088812471226,0.6584093317039189,0.40915105212470315,0.31205399918227783,0.0,0.9330654757008982,0.6691635434772701,6.0
2021-04-08 02:38:41.720,0.3904437003807946,0.5047182875189832,0.7951010430250499,0.7732491007923844,0.9872423753909838,0.22687966195205275,0.6272478162155634,0.0,0.44585839440037356,0.7122429982790128,0.3271223861577389,0.4842815900433645,0.027888303182437343,0.9357429553716832,0.6292134804168946,6.0
2021-04-08 02:38:41.740,0.47641089969501027,0.5333675862665643,0.7201131204671188,0.6107619721568662,1.0,0.30711212014744665,0.5641328445357888,0.0004894874079864088,0.48414997001375465,0.7496521863986344,0.2882028696198643,0.6196721218311293,0.06374504267552122,0.9330654757008982,0.6004993693962446,6.0
2021-04-08 02:38:41.760,0.5472299420531965,0.5343720140165897,0.6282806544083367,0.41656420657886434,0.9738884749456546,0.3981907391226816,0.4887103243489226,0.007808859319766114,0.5273544609278195,0.7844334516389664,0.2659316572373006,0.7546769760697873,0.0836653175155876,0.9196786256737566,0.5493133542961435,6.0
2021-04-08 02:38:41.780,0.6362834586709223,0.4860611426223559,0.5444798729353248,0.31946283725919716,0.9267292690435253,0.4417746512596846,0.40556901184045596,0.024612946743134717,0.5746892229052015,0.8208378217133467,0.2611907433594492,0.8707811456634679,0.1633464168758519,0.9143239404955776,0.49063669598021187,6.0
2021-04-08 02:38:41.800,0.7328509631555677,0.42402101094247285,0.4821626570526159,0.25376824031755474,0.86227644484123,0.46976048983687824,0.32009523869491824,0.05401948213996778,0.6261952728983403,0.8642757599440603,0.25644984753036143,0.932111885859879,0.20318696655598467,0.890227445948687,0.4294631778990371,6.0
2021-04-08 02:38:41.820,0.7875241720280924,0.37932842794555194,0.41101202436191375,0.21049156682983117,0.7831971628971238,0.48633636183766404,0.2429464260747818,0.09998671408126433,0.6819900993968372,0.915210986167523,0.26240353905933844,0.9602700377446656,0.2788842557292001,0.8420350051816881,0.3845193441720944,6.0
2021-04-08 02:38:41.840,0.8613608286875137,0.22614747880626596,0.3328263898317538,0.18109016716096793,0.6917541924555658,0.4955638886788151,0.1804418184998129,0.16613833161187308,0.7410034417333901,0.9695470522756163,0.29184124047564475,0.9718418796874976,0.3505973267470923,0.7242302862814116,0.2634207059323159,6.0
2021-04-08 02:38:41.860,0.931620624753454,0.01459333861542693,0.2721135254806506,0.15977679818986573,0.588555183844753,0.5009464961041157,0.12820216246080646,0.2564523463127763,0.8016939980788822,1.0,0.3346196323224984,0.9301832297499317,0.43027883407563106,0.5368138375746395,0.14731583835910467,6.0
2021-04-08 02:38:41.880,0.9540693144029099,0.09078330222875164,0.22105439717456546,0.14512599123178674,0.47820573606021205,0.5039118626822537,0.08811786591687552,0.369684982561614,0.8592166787581317,0.9780491519871924,0.38566704052274126,0.914368388566413,0.47808741209813477,0.41633191316697005,0.09612982325900346,6.0
