2021-04-08 01:59:19.020,0.6106776084738553,0.7018639190746415,0.13210779096634914,0.9380631802155345,0.24900672931895823,0.05943904697260014,0.94292024035753,0.73631397345725,0.8806336517823036,0.5371234737499649,0.47099895315813667,0.4474218451168963,0.16954014448406676,0.5625001411764712,0.4720671126119605,2.0
2021-04-08 01:59:19.040,0.7876455026846073,0.7637178329987702,0.7351663113088559,0.9314703506968043,0.23751682680184907,0.06404644059835435,0.9411437993191466,0.73956940187715,0.8829940464686414,0.48578703478836754,0.4358754291679308,0.47665448813789807,0.17313216340335236,0.5661766588235299,0.4678771509004047,2.0
2021-04-08 01:59:19.060,0.0860412024465907,0.6709881894609875,0.22646569897825503,0.9131224005493315,0.25562213684037705,0.07002119710166271,0.9328142698501565,0.7201876383374433,0.8826311542576868,0.42808656709203025,0.4502685557184264,0.4762484792070508,0.17672418232263837,0.5698531764705896,0.46368718918884894,2.0
2021-04-08 01:59:19.080,0.9237344664766068,0.875453907989695,0.4085363214789263,0.9209140815956219,0.25724760264486807,0.06550966052953677,0.93819203380393,0.7184512610241527,0.8782704023215157,0.4624522847546478,0.470784131248514,0.48639870380752387,0.17241367134362023,0.584558870588235,0.46368718918884894,2.0
2021-04-08 01:59:19.100,0.38566864765483516,0.6989829705455683,0.6650721503572342,0.9056352710544381,0.25841251646717817,0.0716312065427066,0.9306933269224237,0.7172074642239302,0.883128556723604,0.44845143577622093,0.43737918856642705,0.49939099158857353,0.17816087218918522,0.5753677176470601,0.4525140342336331,2.0
2021-04-08 01:59:19.120,0.41252694262540235,0.7165144031500416,0.10185714945447252,0.9216287815447451,0.2971006852608981,0.06872610049034876,0.9318676534801748,0.6760723801346078,0.8684308344322673,0.41578278815989145,0.4535983086722395,0.4778725149304398,0.18678159989430412,0.5882354823529415,0.4748604013507644,2.0
2021-04-08 01:59:19.140,1.0,0.831396017969567,0.6499697884798261,0.9215399777278889,0.29839850132199686,0.06711996015338675,0.9337177866664704,0.6746987242739708,0.8666494551755322,0.42935937144990494,0.46315792199125133,0.46894031845180034,0.18247123604174487,0.5772060235294134,0.41899445495458637,2.0
2021-04-08 01:59:19.160,0.12117155474274918,0.6425735144486954,0.48499786933061795,0.903131971152991,0.30837608182906323,0.07485871644019726,0.9237874103525034,0.6641515258383226,0.8698488176943215,0.42469242213769764,0.4291085136330467,0.4632561934199389,0.1795977091821914,0.5588237176470593,0.4245809752254946,2.0
2021-04-08 01:59:19.180,0.7192901068047761,0.7819530737827046,0.18014918539107733,0.9289764435067545,0.32541253345543514,0.06449810476235551,0.9351213180925543,0.6461990462721272,0.8555269180629183,0.41238864320555885,0.4581095868853118,0.4190012186282971,0.1810343990487387,0.5919120941176482,0.446927399549326,2.0
2021-04-08 01:59:19.200,0.9039506229972234,0.8116315070515634,0.7492289488557289,0.9296959821253857,0.3244724720647471,0.06422866465309893,0.9355042024995572,0.6471875896318398,0.8556105461615097,0.45311838613023314,0.4728249466958701,0.41372310186263694,0.18390807303475107,0.5882354823529415,0.4581006689179407,2.0
2021-04-08 01:59:19.220,0.14743138790797114,0.6544143483221383,0.3612844185764341,0.9165860340343476,0.33491050442674253,0.07308473221866164,0.9242543485606212,0.636221748495087,0.8595215871578675,0.4473907665197969,0.4482277389523086,0.3942346761728758,0.18247123604174487,0.584558870588235,0.43575424459410933,2.0
2021-04-08 01:59:19.240,0.7977591755584106,0.8591442470363387,0.2099295841871368,0.9441470955530495,0.3396767952390693,0.06139416975023515,0.9378624215706671,0.6312237192681172,0.8480638659392541,0.4836656907192265,0.4704618962125188,0.40763296989386605,0.17241367134362023,0.5698531764705896,0.446927399549326,2.0
2021-04-08 01:59:19.260,0.8300405521357829,0.8309818457121727,0.7449121845357947,0.9456379750168111,0.33392154756146253,0.06284189177006738,0.9365300545238955,0.6372597641205662,0.8512541603509678,0.47093764714047925,0.41965630906211826,0.4202192467501307,0.1738505083366264,0.5808822588235305,0.40782124279267085,2.0
2021-04-08 01:59:19.280,0.17802451661891297,0.7136694315963813,0.30824306398383283,0.9318375203241912,0.3420850225217897,0.0716209211743556,0.9255408025373698,0.6287004307740043,0.8558741929783529,0.42596522649557234,0.46638026355945755,0.4104750324097967,0.16810345461751947,0.5698531764705896,0.446927399549326,2.0
2021-04-08 01:59:19.300,0.910938138341098,0.9305574532762816,0.23273545543864166,0.9572132109908956,0.34015817368960877,0.05852687344276621,0.9412267892593895,0.6307192329408624,0.8454116125473916,0.42723803085344714,0.4468313913790065,0.42590337045270027,0.16810345461751947,0.5404410352941179,0.4245809752254946,2.0
2021-04-08 01:59:19.320,0.7132868810994354,0.8907417838992465,0.7176261074654011,0.9532839267226201,0.33645646919336447,0.06078903112431997,0.9387976783683646,0.6345997842522156,0.8486296150640601,0.44802716869873427,0.44479057417330137,0.4368656119178989,0.16235625377195448,0.547794258823531,0.46368718918884894,2.0
2021-04-08 01:59:19.340,0.19183098119651207,0.7378778926343266,0.27640162915195765,0.9402744521807811,0.352700046489083,0.06640852864033366,0.9310392047971157,0.617596116900664,0.8478870378512695,0.42893510471968666,0.44328681565397965,0.4478278540477435,0.159482726912401,0.529411952941177,0.446927399549326,2.0
2021-04-08 01:59:19.360,0.7001307500704871,0.8066101168465453,0.5211150264172855,0.9378531250333546,0.35133130695801296,0.06526622939771934,0.9324853697882212,0.6190262802809049,0.8473943373667991,0.41599492551858624,0.44578413036933945,0.4489443786906542,0.16020110862728915,0.5257354352941183,0.45530729436908723,2.0
2021-04-08 01:59:19.380,0.5646537542183693,0.8048558504035077,0.38782084902967046,0.9351300926107116,0.35602070004101544,0.06458508437161815,0.9328595125119857,0.6148846973758504,0.8455622438816012,0.4030547463174858,0.4482814450846993,0.45006090333356485,0.1609194903421773,0.5220589176470596,0.46368718918884894,2.0
2021-04-08 01:59:19.400,0.5931276743406602,0.8158855796307886,0.38938038760712523,0.9337413944618586,0.3625124170308045,0.0637731421325272,0.9332336552357502,0.6107431144707958,0.8437301503964029,0.3924480415988548,0.45531689084194954,0.43848964830593384,0.16379309076496024,0.5404410352941179,0.4581006689179407,2.0
2021-04-08 01:59:19.420,0.6265817925405431,0.8122255641860227,0.39057852600326093,0.9342574243335267,0.36953607673325356,0.06309513537973689,0.9338075290459663,0.6000439477875931,0.8392310258633663,0.3928723097181464,0.4599355805109626,0.42346731653529385,0.16235625377195448,0.5330885647058836,0.4581006689179407,2.0
2021-04-08 01:59:19.440,0.6409164925195875,0.8324924490468335,0.39957857809449854,0.9356196521138941,0.37577353725516427,0.06276259663141182,0.933764869104229,0.5935604653008654,0.8367549288478533,0.4149342553939914,0.4647690927753545,0.40763296989386605,0.15086199920728252,0.5367648000000007,0.48044697882837195,2.0
2021-04-08 01:59:19.460,0.6616564943320286,0.8351828808772058,0.41386693689686643,0.9383893634659107,0.3807766290178188,0.06272285233448198,0.9334609565844241,0.5883672303287988,0.8349515510350628,0.4237378188692916,0.46337274477565277,0.4024563576871784,0.15373559963006503,0.5395221647058828,0.4860335849093301,2.0
2021-04-08 01:59:19.480,0.7026251750709238,0.8199558837074483,0.4325459303855417,0.9427868601660095,0.38279806472712846,0.06289446859553542,0.9331171360935668,0.586270476647467,0.8343797565055396,0.4325413823445918,0.461976396775951,0.3972797454804908,0.15660920005284754,0.5422795294117659,0.4916201909902878,2.0
2021-04-08 01:59:19.500,0.7617859690231773,0.8115717447218249,0.4757034009189022,0.9466900298503214,0.3821216050144797,0.06260744287085115,0.9338865448943574,0.5876737955735626,0.8343719478577794,0.435299125119987,0.45281957602988054,0.39393017180100104,0.15229883620028828,0.5413604705882361,0.49301680675633996,2.0
2021-04-08 01:59:19.520,0.758771371652854,0.8004755361858235,0.4969384078917206,0.950593199534634,0.3814451453018308,0.06232041714616689,0.9361973034614487,0.5892929806656794,0.8333134562665262,0.43805686789538223,0.44366275528381005,0.39058059812151125,0.14798847234772905,0.5404414117647074,0.4944134225223921,2.0
2021-04-08 01:59:19.540,0.755756774282531,0.7893793276498221,0.518173414864539,0.958294653625978,0.37832414548983645,0.05856995484196667,0.9385080620285401,0.5909121657577959,0.8322549646752726,0.4541790564284621,0.4353652251961949,0.3842874588625715,0.14224127150216365,0.529411952941177,0.48044697882837195,2.0
2021-04-08 01:59:19.560,0.7481297552177513,0.7532943250136128,0.5399959716642037,0.9616994403509456,0.3759166524736288,0.05569659962498062,0.9437153620601364,0.5948219178823526,0.8298525250387646,0.4703012449615419,0.4270676951085799,0.3779943196036318,0.1379310547760633,0.529411952941177,0.5251397130626345,2.0
2021-04-08 01:59:19.580,0.7717421005694787,0.71590766682489,0.5526383483072513,0.965104227075914,0.37350915945742114,0.05282324440799462,0.9489226620917328,0.598731670006909,0.8274500854022566,0.5048790966838053,0.4158969105658777,0.404384898447088,0.13505738079005092,0.5367648000000007,0.5139664436940198,2.0
2021-04-08 01:59:19.600,0.7953544459212063,0.6785210086361673,0.5652807249502991,0.9693989732058672,0.3680887706853307,0.047449897144166954,0.9583381062977545,0.601983704818788,0.8211811476472046,0.4573610670800611,0.4038668336195588,0.42143727221338056,0.11206887166070705,0.511029647058825,0.5810056308554632,2.0
2021-04-08 01:59:19.620,0.7746147738502286,0.6913418389599554,0.5706616439719047,0.9713173633520596,0.3632731505136545,0.03835546589838296,0.9677535505037762,0.6052357396306672,0.8149122098921526,0.4255409583762808,0.39441462904863034,0.4222492914043669,0.10632181794160052,0.5000001882352958,0.5726257503373764,2.0
2021-04-08 01:59:19.640,0.7403190275188961,0.6973062570349707,0.5376696896023114,0.9727747990706905,0.3651874834393698,0.03232589977412599,0.9770566855845357,0.6025566383031691,0.8059386462286756,0.44558762701280774,0.3947368651835936,0.42072675758136674,0.100574764222494,0.4889707294117665,0.5642458698192896,2.0
2021-04-08 01:59:19.660,0.7067101601342041,0.6499402720620405,0.5137034156537942,0.9742322347893222,0.3671018163650851,0.026296333649869028,0.9863598206652953,0.5998775369756706,0.7969650825651988,0.46563429564933456,0.39505910131855676,0.41920422375836663,0.09051719952436935,0.4963235764705881,0.5810056022521137,2.0
2021-04-08 01:59:19.680,0.6597280639207239,0.6797459850719786,0.45673481301332153,0.9772091550473372,0.36969634708751353,0.017817987370298497,0.9909065471101969,0.5944399171283177,0.790597685411942,0.4395418049238295,0.40171860326989783,0.4571660594572302,0.08261489031575397,0.48897072941176545,0.6452514720714029,2.0
2021-04-08 01:59:19.700,0.6129496477299935,0.7096133535468104,0.4083605967104174,0.9783217644066045,0.376864156656695,0.00687791824488495,0.9954532735550985,0.5890022972809645,0.7842302882586853,0.37378023740465927,0.42459723280003453,0.5010150273119626,0.08141757519706859,0.4975491137254914,0.6480447608102069,2.0
2021-04-08 01:59:19.720,0.5661712315392632,0.7394807220216423,0.3599863804075132,0.9799543884241949,0.4025599133939323,0.0,1.0,0.5835646774336116,0.7778628911054288,0.27994627921215287,0.4651450322000442,0.5661117870190885,0.08022026007838279,0.5061274980392163,0.6508380495490108,2.0
2021-04-08 01:59:19.740,0.4700477067675115,0.8633645098513293,0.22457155456245667,0.984339290352191,0.4346069002428519,0.0014977597457465875,0.9996472700406843,0.5559404826544914,0.766499690909092,0.1861123210196465,0.5056928316000538,0.6312085467262145,0.0790229449596974,0.5147058823529422,0.6536313382878148,2.0
2021-04-08 01:59:19.760,0.41817923245056243,1.0,0.15640490916288463,0.9887241922801872,0.46665388709177164,0.002995519491493137,0.9992945400813686,0.5283162878753713,0.7551364907127553,0.16168154616865124,0.5912460046171488,0.704053319612826,0.1101531870876721,0.5857842823529426,0.6722532822820745,2.0
2021-04-08 01:59:19.780,0.3263522375251319,0.952248194823142,0.06115210403776174,0.9943620961400936,0.5462069827877583,0.01961286744075404,0.9759475461492149,0.4292383007336507,0.7299418635258951,0.13725077131765595,0.6767991776342438,0.7768980924994375,0.15385531152507295,0.640318682352942,0.6084730225598433,2.0
2021-04-08 01:59:19.800,0.31449658456066326,0.9313599907292462,0.030576052018880907,1.0,0.6257600784837452,0.03623021539001495,0.8954010041850177,0.2600260372038655,0.7029311044015701,0.16334326065408777,0.7992481528302081,0.838408458815714,0.19755743596247338,0.6948530823529415,0.5446927628376125,2.0
2021-04-08 01:59:19.820,0.30264093159619465,0.9104717866353504,0.0,0.9585409988294682,0.7965180614709905,0.1265254319005654,0.796044043605635,0.14784633291903526,0.6907088158105065,0.13279594217436178,0.8700322497909169,0.902963888790115,0.28160916327123314,0.7500000000000006,0.4860335563059802,2.0
2021-04-08 01:59:19.840,0.2098288577372906,0.9522695230171372,0.033022670030721096,0.8524369460879712,0.9047843237303624,0.2402362352430758,0.7068306174938644,0.08789386147044023,0.6759551399399518,0.06873144921596772,0.9134264302342552,0.9695493468026045,0.4037356731932943,0.8492649411764713,0.44972071689147936,2.0
2021-04-08 01:59:19.860,0.17689539846545904,0.9770284715675439,0.08216972443296075,0.7334372698518867,0.9592475410332326,0.33712783893899884,0.6073289287539408,0.04161300782356308,0.643322800950868,0.0,0.9472610474715278,1.0,0.5402298174131224,0.9191177411764705,0.4245809752254946,2.0
2021-04-08 01:59:19.880,0.12331484582862079,0.6988246022236264,0.16185483859213579,0.5986057516125939,1.0,0.4419657924769914,0.5057299605172803,0.007787777960173096,0.5855705123159755,0.06745864138540986,0.981095611958331,0.9955339449626651,0.6307471640639506,0.9375000470588225,0.48044697882837195,2.0
2021-04-08 01:59:19.900,0.08931041376224136,0.6228898648887747,0.221991126560164,0.49552164059359144,0.9999884603342387,0.5234057125559177,0.4046352799183541,0.0,0.5105470061871189,0.15400936550235628,1.0,0.9533090228010106,0.6943247366362829,0.9457721411764708,0.5139665009007195,2.0
2021-04-08 01:59:19.920,0.05530598169586185,0.546955127553923,0.28212741452819223,0.392437529574589,0.9999769206684778,0.604845632634844,0.3093916670620731,0.015651568230236765,0.4199744336475941,0.3462028270141227,0.9950591008789695,0.8968737382112584,0.7579023092086156,0.954044235294118,0.5474860229730666,2.0
2021-04-08 01:59:19.940,0.0,0.3358426739288559,0.44602118082829223,0.22911114352703452,0.9417139242262993,0.7533017322107946,0.22534212139074572,0.05637975759040761,0.3267137047293015,0.5574883434759604,0.968206263268996,0.817702013312193,0.854885054511824,0.9191177411764705,0.6759776481982464,2.0
2021-04-08 01:59:19.960,0.033415033413612044,0.17830838966389254,0.6354711378904574,0.17525433256602543,0.8733230062085906,0.8302229283193873,0.15582285784506394,0.1151761474228423,0.24147744451943162,0.600339433942459,0.9106337324501275,0.7247259448855663,0.9109196374686368,0.9301472000000008,0.79329611846821,2.0
2021-04-08 01:59:19.980,0.09779894920112926,0.33317146974844103,0.7806043258408536,0.14579395095154649,0.8035843753826739,0.8905366829972954,0.10113137940288562,0.177036052068094,0.16494287268866328,0.41917693797598043,0.825026867792368,0.6747868563610436,0.9482759280222053,0.9301472000000008,0.9162010518023831,2.0
2021-04-08 01:59:20.000,0.14133590850045827,0.5410752550536656,0.8295683321533772,0.10874795868630176,0.7448324742582016,0.9391863248321809,0.059259837701722884,0.2305835337178069,0.09368825658135074,0.20577007605592837,0.720300780013283,0.6423061186306566,0.9798851648566684,0.9595589647058832,0.9776536328828687,2.0
2021-04-08 01:59:20.020,0.1372104448299514,0.42738274286987515,0.8734509969701827,0.058567255727241474,0.7002448077928908,0.9758800051536466,0.029625623842300233,0.2720626687784453,0.034155529086012264,0.29953332173765845,0.5903330078248376,0.5133982980411887,0.9899425824283342,0.9595589647058832,0.9608937860366457,2.0
2021-04-08 01:59:20.040,0.2813732515316775,0.3211518075557109,0.9551741822968499,0.02259772511376268,0.6623195085300578,0.9956736967857933,0.011184870503367033,0.3078973655680247,0.0028032373746802127,0.3958421830805043,0.4930182863107879,0.34632562133593164,1.0,0.9522057411764699,0.9776536328828687,2.0
2021-04-08 01:59:20.060,0.5025796868570397,0.3704473750331854,1.0,0.008918664100275066,0.6316359794996796,1.0,0.0020691654345565153,0.3372508347599265,0.0,0.3920237717432217,0.4534640418027075,0.3030856627234332,1.0,0.9558823529411765,0.9832402103604766,2.0
2021-04-08 01:59:20.080,0.5637790107581754,0.48847211908215893,0.9656536854330957,0.003539629059056957,0.6098074376057865,0.9939063330312424,0.0,0.35832556899870305,0.016615055983050537,0.3882053604059391,0.413909797294627,0.2598457041109347,0.9813220018496738,0.9852941176470589,1.0,2.0
2021-04-08 01:59:20.100,0.6381127994000374,0.579191414990803,0.9286388779247936,0.0,0.595446753278742,0.9800601422136495,0.003631853963964683,0.372275800891493,0.04766821771040599,0.41854053232435995,0.3729592069715934,0.24522938176962641,0.9655173466508281,0.9926470588235294,0.9622905019144222,2.0
2021-04-08 01:59:20.120,0.7447502856527557,0.651082771720874,0.9172711682746834,0.0002413642201738595,0.5831789287672371,0.95824968007883,0.01243477514421246,0.3842459921602018,0.09426764145235272,0.4488757042427807,0.3320086166485598,0.23061305942831808,0.9497126914519824,1.0,0.9245810038288444,2.0
2021-04-08 01:59:20.140,0.7948844743202844,0.6154600591445476,0.8787023687377183,0.007416826473214888,0.5707087804557478,0.92793854908339,0.03764388168776871,0.4065785260602038,0.1978437284039461,0.6750106021016772,0.28378090187354976,0.2111246440405687,0.9184627006473861,0.9715073882352933,0.7974860658780913,2.0
2021-04-08 01:59:20.160,0.7282812146629435,0.41953965005973376,0.8147256238315036,0.06423106070039779,0.5297552325917677,0.864608602075929,0.05594971812522622,0.4319408078094926,0.26752710184322187,0.8375053010508385,0.24230220820880585,0.2182974629468207,0.8872127098427899,0.9430147764705876,0.6703911279273381,2.0
2021-04-08 01:59:20.180,0.630043809754033,0.3353843955377122,0.77280761128652,0.11342659631620719,0.47892770255050493,0.8130073067170785,0.0742555545626838,0.4573030895587813,0.33721047528249787,1.0,0.20082351454406194,0.22547028185307275,0.8275863286563798,0.9227943529411771,0.5418994454954587,2.0
2021-04-08 01:59:20.200,0.541586339561619,0.5111908203199075,0.7254101036915117,0.162622131932017,0.4281001725092421,0.7614060113582279,0.10624778527172835,0.5144765455460529,0.4444851744257951,0.8944633038792694,0.13413892619836804,0.189978345835877,0.7629310179944485,0.8713236705882362,0.446927399549326,2.0
2021-04-08 01:59:20.220,0.2813152340897186,0.32327058452733126,0.6773497994886674,0.18427154897907652,0.4006540245331125,0.7182077490932433,0.17476186294992563,0.5805387628957105,0.598360607148728,0.7889266077585391,0.06745433785267407,0.15448640981868128,0.7126437094464305,0.8566177882352951,0.38966483738709573,2.0
2021-04-08 01:59:20.240,0.17939352168696338,0.16163529226366566,0.6407548974698093,0.20592096602613602,0.373207876556983,0.6750094868282587,0.2649962693066203,0.6257423771220761,0.7393364224567774,0.8854475614888329,0.022556390977443594,0.049533069623986556,0.662356400898413,0.841911905882354,0.33240227522486515,2.0
2021-04-08 01:59:20.260,0.07747180928420824,0.0,0.6041599954509514,0.2631889820649024,0.3280353334386004,0.5787901292190485,0.3371805307130039,0.6612125485477612,0.8240167573245074,0.8642341642059621,0.011278195488721797,0.024766534811993278,0.5851293550535144,0.8033088941176478,0.29329618997658585,2.0
2021-04-08 01:59:20.280,0.0786076170202234,0.044145287467017715,0.5599368188593999,0.3063721150322519,0.2976482978884531,0.5120318147615693,0.41593812467939467,0.691822892896378,0.8926032172669922,0.8430207669230911,0.0,0.0,0.5079023092086158,0.7647058823529417,0.2541901047283058,2.0
2021-04-08 01:59:20.300,0.011972666176147818,0.05673312301226097,0.45978674777752204,0.3495552479996014,0.2672612623383058,0.44527350030409013,0.49657250989954776,0.7237656737337895,0.9437753851372009,0.8460967133924674,0.01407089107491326,0.015428334387350981,0.43283044528999665,0.7215073882352949,0.2918995742105333,2.0
2021-04-08 01:59:20.320,0.06275583626282097,0.16134125313568365,0.34295079071164314,0.3883400944252121,0.23597636903407218,0.3838306909179531,0.5749713893228754,0.7579976855818786,0.9776207513756273,0.8491726598618436,0.02814178214982652,0.030856668774701963,0.35775858137137745,0.678308894117648,0.3296090436927613,2.0
2021-04-08 01:59:20.340,0.14854698476636133,0.32504372941149384,0.28638330457666744,0.4271249408508232,0.2046914757298384,0.3223878815318162,0.6116684440665475,0.7749221499555335,0.9866280685487768,0.8031395880184652,0.07379162982449304,0.07957775709251969,0.2514367634297765,0.6102944000000001,0.4245809752254946,2.0
2021-04-08 01:59:20.360,0.20931059512004624,0.44597811319885794,0.2281869340281547,0.45809434693971973,0.1775959483574341,0.27163554622657243,0.6483654988102197,0.7918466143291885,0.995635385721926,0.8218073783219283,0.10475296634134063,0.08252132433358439,0.18247123604174487,0.5404410352941179,0.4748604013507644,2.0
2021-04-08 01:59:20.380,0.25322721665571896,0.512507636562241,0.1922322500904908,0.4890637530286159,0.15050042098502983,0.22088321092132868,0.7150983779697215,0.8207545174447235,1.0,0.8404751686253913,0.13571430285818828,0.08546489157464918,0.14583329042144966,0.49724254117647115,0.5223464100221561,2.0
2021-04-08 01:59:20.400,0.2971438381913916,0.5790371599256241,0.15627756615282692,0.5350344577310198,0.1094519691742903,0.1597853038443977,0.8002771592030867,0.8626877758856752,0.990283019484188,0.9690284122434214,0.2471536264150016,0.11063744196394892,0.10919534480115399,0.45404404705882434,0.5698324186935477,2.0
2021-04-08 01:59:20.420,0.34323476830374966,0.6920770060925724,0.10578572324330786,0.5648486314748338,0.07462143638349983,0.1292902829299556,0.8665244395072443,0.9170536807906904,0.9769191485725882,0.8582944087995382,0.3302900327205009,0.19610229698307247,0.03160916327123291,0.34742663529411916,0.6564246270266187,2.0
2021-04-08 01:59:20.440,0.36598456991877787,0.7848347873965834,0.07939225718160767,0.5917701347355991,0.04305581964118196,0.10689014783803706,0.9090455298163422,0.9654431826586404,0.964350416309239,0.6966483004943297,0.3796992727371865,0.26268777493493944,0.00862072770511847,0.2757355294117667,0.720670382432509,2.0
2021-04-08 01:59:20.460,0.39803239857692685,0.8411401295890697,0.07908653812077299,0.6201899177781973,0.018941639596429836,0.08813441860843028,0.9264781057286036,0.9786762076283797,0.9560226194191195,0.5888841877762202,0.429323333766737,0.3252131569318748,0.0028735268595530532,0.2757355294117667,0.6759776481982464,2.0
2021-04-08 01:59:20.480,0.45771636147199174,0.8266812542836285,0.10769566873438997,0.6685722011321064,0.0036653416159930876,0.06599501814158423,0.943910681640865,0.991909232598119,0.947694822529,0.5163343324319946,0.470247073441305,0.38043037152710046,0.0,0.2794117647058839,0.7262570743235163,2.0
2021-04-08 01:59:20.500,0.4855652452800826,0.8399800049371781,0.166411206632123,0.6853205440656918,0.0018326708079965735,0.06355782917724924,0.9567622264796847,0.9999005368439852,0.9402363044588734,0.4556639948459826,0.5018260216889006,0.4226553003352142,0.0071838907121122885,0.2830883764705905,0.720670382432509,2.0
2021-04-08 01:59:20.520,0.48495628480975456,0.8011800676508516,0.20947787389244477,0.7020688869992779,0.0,0.061120640212914204,0.9566616256855052,1.0,0.9403177494946503,0.4255409583762808,0.523630531208747,0.4644742202124807,0.017241308283778466,0.26838230588235357,0.6592179157654223,2.0
2021-04-08 01:59:20.540,0.5144126866777285,0.803419046535442,0.2537308876420757,0.7119177141555989,0.01172042882632869,0.07104997038200826,0.9436065405228562,0.9869115641533974,0.9468431761394324,0.39838779526893686,0.538238479651282,0.49330085430263526,0.020114835143331518,0.27205891764706014,0.620111759008768,2.0
2021-04-08 01:59:20.560,0.5616432336085234,0.8098525631843647,0.2787863097039906,0.7135662773198039,0.019907792480129683,0.07857263720584653,0.930928185200183,0.9748219088627962,0.9528189747386547,0.3869325560480644,0.5450053951861661,0.5058871344821295,0.027298725855444225,0.28676461176470763,0.620111759008768,2.0
2021-04-08 01:59:20.580,0.5867789174830327,0.812338369220996,0.31089618711507966,0.7152148404840091,0.028095156133930616,0.0860953040296848,0.9166541176998811,0.9625083881872677,0.9592751311210497,0.4030547445811442,0.5456498652581564,0.5079171791363657,0.03879312754657506,0.2830883764705905,0.5530726576573741,2.0
2021-04-08 01:59:20.600,0.6059817204977186,0.7548626694996181,0.34810462867483066,0.7155914028227949,0.04435426984154155,0.10279330399090778,0.9017820548827361,0.9505857074308515,0.9655940064379863,0.42384388589911454,0.5443609286308738,0.5006090183811153,0.04741370812523506,0.2977944470588253,0.5363128680178512,2.0
2021-04-08 01:59:20.620,0.6503839062363852,0.675569417805807,0.3728873034925947,0.7175820883839916,0.05454782483057722,0.11358242969332749,0.8875190568108448,0.9392751839538487,0.971109010855414,0.4446330223553284,0.538238479651282,0.5022330507812747,0.06178163667591894,0.29411783529411867,0.5251397130626345,2.0
2021-04-08 01:59:20.640,0.6982224253606509,0.6461184327152042,0.40002135840570385,0.7194529457179559,0.062209662259765944,0.12329834115601691,0.8746974847134475,0.9307853462878212,0.9759805994902075,0.4543911903144737,0.529645570561081,0.508323188067213,0.0804596348262447,0.30147068235294244,0.5139664436940198,2.0
2021-04-08 01:59:20.660,0.7291840373143021,0.6638114125002033,0.43127821694389196,0.7195468728319385,0.06701226588871799,0.131862775001409,0.8634356645377629,0.9254685659446813,0.9803967676362884,0.4085702301319347,0.5176154927355876,0.51319529523738,0.09051719952436935,0.3051469176470596,0.4748604013507644,2.0
2021-04-08 01:59:20.680,0.7253082485736693,0.7058897646340936,0.43004580454996294,0.7191054153962197,0.07488109972297119,0.13878336624006354,0.8541943183792106,0.9167665883167885,0.982765558718067,0.3483241606652142,0.5040816572699469,0.5152253432148458,0.09770109023648206,0.3161767529411772,0.3854749328822393,2.0
2021-04-08 01:59:20.700,0.7115196828933199,0.6930311927720798,0.43130194211667205,0.7193379561602308,0.08917479891861228,0.1439800674075313,0.8469956642247591,0.9009872129751727,0.982306611743269,0.3283835660038765,0.4937701686475595,0.5115712628372205,0.1163792355132667,0.34926475294117665,0.4581006689179407,2.0
2021-04-08 01:59:20.720,0.7300336142995911,0.656554858252537,0.4328072131649112,0.7212409764150443,0.10632839942950163,0.1475639110434505,0.8418123318356145,0.8820996309197602,0.9799960076818955,0.3491727003764805,0.4858217243543018,0.5030450719661989,0.10919534480115399,0.3272058352941181,0.4748604013507644,2.0
2021-04-08 01:59:20.740,0.7487382878769566,0.6464821688467457,0.43227535823507457,0.7239762478252675,0.12118858523964766,0.1498821707341913,0.8383461060625914,0.8657813596439801,0.9774091622105177,0.3852354870435812,0.47991409902509824,0.4843686594856106,0.11206887166070705,0.34191190588235504,0.4748604013507644,2.0
2021-04-08 01:59:20.760,0.7529761441147573,0.6488983123774171,0.44304462881339457,0.7272002248558187,0.13130574313561771,0.1513755804247236,0.8370585970172096,0.858023098181477,0.9759647303028244,0.39372084595672957,0.4744361183591476,0.45676005052638297,0.11494254564671941,0.35661797647058985,0.4860335563059802,2.0
2021-04-08 01:59:20.780,0.7604836276351696,0.6674950429277127,0.4336808525009554,0.7330507455464673,0.1394061045516079,0.1516838835349803,0.8357710879718279,0.850264836718974,0.9745202983951311,0.3831141429744402,0.46788402295795384,0.42793341643622845,0.11709765400976979,0.3630516705882359,0.4888268450447842,2.0
2021-04-08 01:59:20.800,0.7567038287190944,0.6824396677191187,0.4321599688562683,0.7385683942377135,0.1421231743422716,0.1507751814513087,0.8366950159700757,0.8450806213031093,0.9727729245399315,0.3966907227917706,0.4635875677974312,0.3962647231533727,0.11925276237281976,0.369485364705883,0.49162013378358815,2.0
2021-04-08 01:59:20.820,0.752924029803019,0.6973842925105246,0.4306390852115812,0.7440860429289605,0.14484024413293525,0.14986647936763708,0.8376189439683235,0.8398964058872447,0.9710255506847318,0.4537547883091705,0.45966705210848763,0.37028014659430447,0.11781607250627246,0.36764705882353077,0.49720671126119603,2.0
2021-04-08 01:59:20.840,0.7670009013312346,0.6666491935265403,0.4287920660952151,0.7574669565124581,0.14664924318983666,0.14738382574346232,0.8407618879198833,0.8379210328834981,0.9691459336013383,0.4734832558562287,0.4514500809601021,0.3613479551005094,0.1163792355132667,0.36764705882353077,0.49720671126119603,2.0
2021-04-08 01:59:20.860,0.7463886013758103,0.6475983035561904,0.4399290948210069,0.7703955968107477,0.14506165886224803,0.1448305824648162,0.8462570854086559,0.8409943451892392,0.9675202235160766,0.4488757042427807,0.444683163666869,0.36256597856982153,0.11063218179415976,0.360294211764707,0.5251397130626345,2.0
2021-04-08 01:59:20.880,0.7322223206393104,0.6597654832000499,0.44977936895089504,0.7827928373459894,0.14260844106775303,0.14155028079163073,0.8535064751760081,0.8427653012261185,0.9646683038406303,0.4149342553939914,0.4406015310138078,0.36622005894744675,0.10488498094859476,0.3529413647058833,0.5418994454954587,2.0
2021-04-08 01:59:20.900,0.6888663736743209,0.6869012301336154,0.44599240985345784,0.7945707281841824,0.1422139396959595,0.13759789424440247,0.8561251775043072,0.8409145897635253,0.9629347000739535,0.39541792190657904,0.4382384805304565,0.3816483983196422,0.09913792722948782,0.34926475294117665,0.519553135585027,2.0
2021-04-08 01:59:20.920,0.6730695759793881,0.6920153199396297,0.43756179944498175,0.805886668398152,0.14560247952456115,0.1334238832658626,0.8587438798326064,0.839063878300932,0.9612010963072768,0.42469242213769764,0.44017188459220574,0.4064149431013243,0.09626425324347587,0.35661797647058985,0.5530726576573741,2.0
2021-04-08 01:59:20.940,0.666348792105853,0.6405173225147167,0.44762734954891564,0.8164503378174041,0.1516663527677325,0.12902415305419124,0.8663249216325792,0.8295613135901261,0.9549151348604684,0.44548155998298483,0.44597210029415146,0.42793341643622845,0.09482756337692859,0.360294211764707,0.5418994454954587,2.0
2021-04-08 01:59:20.960,0.6748147038692357,0.5722315358686996,0.45822308103437903,0.8273843077678434,0.15978595530392906,0.12424978071852615,0.8713736228680029,0.8205169648832599,0.9498876251623378,0.40602462141618517,0.4503759671040333,0.45635404159553566,0.09913792722948782,0.3272058352941181,0.5530726576573741,2.0
