2021-04-07 23:14:44.220,0.8378369096936612,0.4873175761948685,0.752310258470428,0.965572927800679,0.3045243755672157,0.3366758530515955,0.1583320942465248,0.6504826783187998,0.8068423442508045,0.6204732039473989,0.2565320800669688,0.2298522897566166,0.6684336401354106,0.6340579456656825,0.6596385412570763,2.0
2021-04-07 23:14:44.240,0.005802059742284835,0.34657124803562467,0.36420478650878996,0.9725895285070358,0.33441314065133315,0.31793810559342633,0.18081090849844864,0.6192042967097078,0.8135535786374638,0.5929502669528993,0.3104513253852593,0.2390515609399379,0.6407540309006877,0.6687370330465711,0.6325301148149223,2.0
2021-04-07 23:14:44.260,0.46541677392787634,0.47554900500587427,0.4212639072786785,0.976911128551246,0.3562490087059006,0.32063839234146835,0.20328972275037246,0.5879259151006159,0.820264813024123,0.5654273299583998,0.3643705707035497,0.24825083212325916,0.6277976527114355,0.6961697320936787,0.6084337289011467,2.0
2021-04-07 23:14:44.280,0.9250314881134678,0.6045267619761239,0.478323028048567,0.9812327285954564,0.3780848767604679,0.32333867908951036,0.2343139519065592,0.548293860665576,0.8221583306158944,0.48816996850331645,0.20902616552462677,0.27649649780394364,0.6148412745221844,0.7236024311407864,0.5843373429873711,2.0
2021-04-07 23:14:44.300,0.4767131857375988,0.5347006714572057,0.42642184249232407,0.9827841570427632,0.39991736430860897,0.32711661555109717,0.24327439498291095,0.5349367122905447,0.7972357416406053,0.48672139139513276,0.5871734309923905,0.301114263668139,0.575971959035646,0.7391303379962431,0.5602409570735954,2.0
2021-04-07 23:14:44.320,0.43526751210303866,0.5444848715510915,0.46098400864182454,0.98433558549007,0.42174985185675,0.33089455201268325,0.25223483805926317,0.5215795639155134,0.7723131526653161,0.48104780470372555,0.4534442100477379,0.32463072439154145,0.54770339884885,0.7531053905636829,0.590361439465815,2.0
2021-04-07 23:14:44.340,0.39382183846847846,0.5542690716449773,0.49554617479132507,0.9847758669465217,0.4424212125159815,0.33725495813162887,0.2752902890394074,0.4955631873991853,0.7713808819030205,0.47537421801231833,0.31971498910308516,0.34814718511494397,0.515901132949617,0.7763972508468662,0.5602409570735954,2.0
2021-04-07 23:14:44.360,0.7891952330728882,0.6603521709438241,0.9786252946325854,0.9852161484029736,0.46309257317521285,0.34361536425057376,0.29717678025138167,0.4739696722851948,0.7926758662446584,0.5538387257401373,0.49881238188281957,0.4019175926744688,0.512367427237178,0.7919251577023229,0.6024096478443898,2.0
2021-04-07 23:14:44.380,0.09824699276584387,0.4895987671174431,0.30304903186234894,0.9859354473548451,0.47516498517824834,0.35714977550181365,0.29913796467073545,0.46818829851875177,0.7525026010528374,0.5861902458494535,0.465558223038786,0.4267945057540888,0.515901132949617,0.78881976713864,0.5421686522165768,2.0
2021-04-07 23:14:44.400,1.0,0.6611959602700113,0.5069176730474855,0.9909154042153798,0.4876162065723855,0.3756717085958503,0.30840659763635,0.45687171469453214,0.7320452281753471,0.6735876399477686,0.7059382834513079,0.4651464097243487,0.5238516994244254,0.7872669923537113,0.5346385354739437,2.0
2021-04-07 23:14:44.420,0.31273518775145376,0.5323458084846554,0.44978110550653844,0.9945260493958663,0.48451449909365296,0.36866315473683603,0.30416443894676615,0.46012872863074183,0.7185133737120841,0.6697247797795189,0.22042757506044536,0.5079036008586076,0.531802265899234,0.7857142175687826,0.5271084187313106,2.0
2021-04-07 23:14:44.440,0.4426982538458207,0.5763603313749781,0.7248905527532692,0.9979249720777027,0.47978424227759564,0.39546180251026736,0.2999222802571819,0.46338574256695136,0.7049815192488211,0.5700144838186693,0.3121140351550162,0.540036281755524,0.5371026435491056,0.7795030389259829,0.49849395660328033,2.0
2021-04-07 23:14:44.460,0.5726613199401875,0.6203748542653007,1.0,1.0,0.4721079214030365,0.3445129572663727,0.297476797440416,0.47137222719930266,0.7685256614921608,0.42153549029605486,0.2755344629929335,0.5827934724655738,0.5424030211989783,0.7732918602831842,0.46987949447525007,2.0
2021-04-07 23:14:44.480,0.0,0.5143174621100736,0.29318793316086206,0.998674300426269,0.45972721772326447,0.36696482573063716,0.2831779993018933,0.48430735182040074,0.7436206281169443,0.3733703530258383,0.29121142443517667,0.6150557131834068,0.5795053029105135,0.7577636354153808,0.4457831085614745,2.0
2021-04-07 23:14:44.500,0.7259122444655783,0.6997266072633402,0.44506069308738233,0.995031194010247,0.44729022598415724,0.39310648563866485,0.27187436397937753,0.49554218133329636,0.7293114149987557,0.3252052157556218,0.30688838587741984,0.6473179539012399,0.6077738630973085,0.7484471457119848,0.45180718961823146,2.0
2021-04-07 23:14:44.520,0.11536028186211264,0.5155226937550597,0.9656772886076356,0.9890894067583376,0.4294847027845438,0.3937204259372247,0.2605707286568618,0.506777010846192,0.7150022018805672,0.26315789634894493,0.27220905317445826,0.6864472723683918,0.6360424232841035,0.7111799148490142,0.46987949447525007,2.0
2021-04-07 23:14:44.540,0.07024625513071135,0.482961094784638,0.0,0.9772256513174054,0.3940608698821428,0.4191420640426849,0.22911585092572975,0.5400531990328706,0.6760170590771292,0.2011105769422681,0.23752972047149665,0.7255765908355435,0.6572439338835921,0.670807293422359,0.5120481852460443,2.0
2021-04-07 23:14:44.560,0.41201894607242945,0.5331737168568745,0.6463325960648875,0.9625295153847656,0.35312114346397055,0.43654711776553584,0.19611870557082905,0.5831732332421317,0.6890329716575035,0.196523409249116,0.3040380257166343,0.7473438836822052,0.6855124940703872,0.6149067651402507,0.5421686522165768,2.0
2021-04-07 23:14:44.580,0.41470319484318663,0.4237354100307755,0.49996125264587243,0.9538621367174881,0.32571678261488424,0.46106065719900335,0.160594086761386,0.6283277787962538,0.6456568976094663,0.2786093716041508,0.4912114287124336,0.747862139934236,0.7367492367941056,0.5636644817098385,0.5903614548875019,2.0
2021-04-07 23:14:44.600,0.5863925675464198,0.4075518284813156,0.6016208547514613,0.9478659508406403,0.29955395391248046,0.4816375991388023,0.1401333362860508,0.6572106221658024,0.6217725513823656,0.38725254010261395,0.6707838972022412,0.7426794713616545,0.7773852242180787,0.5186336154314853,0.6385541958716792,2.0
2021-04-07 23:14:44.620,0.6225812700231753,0.3829111931204733,0.6268217447387925,0.9449211380507543,0.2741263170470553,0.5052092680591461,0.12119086260478219,0.6854913300795911,0.5933124405940102,0.4978271386852019,0.7733967074539023,0.7367193759901172,0.8021204405300063,0.5031057085760303,0.6807228866424735,2.0
2021-04-07 23:14:44.640,0.5604948278261255,0.34630230805644036,0.6355215293197459,0.9447899543262536,0.24867234375954383,0.5296651545013047,0.10340469418810305,0.713994954508716,0.5631024365056695,0.6306132326383785,0.7833729582956129,0.7327027839846048,0.848056805603851,0.47204957685277116,0.6807228866424735,2.0
2021-04-07 23:14:44.660,0.4747037945805571,0.29500092259163185,0.6423093935142089,0.9472415529166986,0.22306236973402396,0.550602978543145,0.08698231216762145,0.7428559630996564,0.5370231759891639,0.6274746533173289,0.7239905320661543,0.7264835604870522,0.8268552950043624,0.4534162794336334,0.6506024196719409,2.0
2021-04-07 23:14:44.680,0.41342001547603846,0.26905483075167425,0.6368730165033162,0.951288192060768,0.197512425095159,0.5678191354429165,0.07201888895567637,0.771819414995117,0.5154630129611877,0.6243360739962791,0.6646081058366956,0.7202643369894995,0.8692579543657701,0.4006211417152061,0.6626505817854548,2.0
2021-04-07 23:14:44.700,0.3836314310756676,0.2678686555942161,0.6216655183452183,0.9553502017820394,0.17253183480703094,0.581515436293752,0.058700287573594266,0.8002886226246931,0.4982510839686611,0.4688556281395457,0.5814727106708195,0.7048458317033982,0.8657246104909028,0.3757764271440076,0.710843353613006,2.0
2021-04-07 23:14:44.720,0.39693589347538605,0.2917740481354584,0.610838260670892,0.9576525769793712,0.14848170001205213,0.5923736725590931,0.047050498851077115,0.8278272219013061,0.4845638095914145,0.3297923814726479,0.5548693932388629,0.6942213028008553,0.879859071503085,0.3167701902858689,0.6204819218580345,2.0
2021-04-07 23:14:44.740,0.4444653919401611,0.2838347760796992,0.5984097664018712,0.541356330066758,0.1043665535594757,0.5511218042178203,0.031368668925496106,0.8786359302163357,0.5421812061224125,0.19507486929210296,0.49976249752954394,0.6828193895202662,0.9081272698523085,0.30434799200644247,0.6686746936855856,2.0
2021-04-07 23:14:44.760,0.46382410801996427,0.29713662500371746,0.629006177232287,0.54511386848119,0.10554015329100812,0.6140050748981537,0.02874180489075525,0.8772797526602397,0.4565583701908183,0.10767745148027459,0.44370549083959904,0.6708991902930097,0.9293287804517971,0.2608693439914112,0.6867469676992304,2.0
2021-04-07 23:14:44.780,0.49503310021664704,0.242097333115935,0.6571600155977487,0.5368978035148612,0.08693449049364457,0.6214102813373731,0.019326063321026963,0.9080714745263798,0.4458243001013887,0.08643168498463102,0.45130644089925254,0.6597564136226182,0.9611310463510312,0.2080745242853314,0.7469879633270433,2.0
2021-04-07 23:14:44.800,0.5640176763938085,0.1938467601862578,0.6683588666299941,0.5206753315598308,0.06441663732106839,0.6233364037181205,0.0128619847112508,0.9325246826678841,0.4447752172365085,0.13326895641452305,0.502612853801914,0.6473179666275127,0.9328624861642362,0.1832298097141329,0.7469879633270433,2.0
2021-04-07 23:14:44.820,0.6196724011624638,0.15062829612907494,0.6755377043450608,0.5046908917187829,0.047548655015949196,0.624405162059227,0.009988621492198122,0.9445411612239697,0.4436051934903728,0.2221149141833645,0.539667485342725,0.6369525658509853,0.9469965853388489,0.14596257885116234,0.7951807351545944,2.0
2021-04-07 23:14:44.840,0.6248311883816915,0.1229362852030049,0.6760591144139803,0.4964046618469202,0.0387737291057904,0.6258595548533102,0.007673901879088536,0.9547578919393204,0.44175716293510575,0.33268953647946575,0.557719749511233,0.6296968086389163,0.9399295357515425,0.13975147971144916,0.8313252831818839,2.0
2021-04-07 23:14:44.860,0.6159740143723239,0.10203106534988456,0.6760186554199461,0.4907039960763847,0.03085991802121283,0.6264565836077526,0.005729590131174766,0.9639795620707267,0.441062305237121,0.4292612264415632,0.573871760611166,0.6242549822456827,0.9787988512380829,0.10869566600053748,0.8313252831818839,2.0
2021-04-07 23:14:44.880,0.6174809733604418,0.08468159963422756,0.6725560140927012,0.4873071341025835,0.02370936923785673,0.6267858974941087,0.004075277423627601,0.9723176370820549,0.44071543393906354,0.49251569350426405,0.5824228294282762,0.6193314290728436,0.9752653264444296,0.08229825614749757,0.8674698774742342,2.0
2021-04-07 23:14:44.900,0.6091423896313053,0.08700269668413058,0.6705276751221508,0.48540386687287185,0.016865399107773297,0.6268373495859083,0.0025862641690899114,0.9803030840219575,0.44074069990894366,0.5166586205398784,0.5482185572705676,0.6157035504668091,0.9858659008253873,0.02484471457119848,0.885542166909566,2.0
2021-04-07 23:14:44.920,0.5650267620917152,0.09101588539029455,0.6657906961717743,0.48413786597702313,0.00986380349472761,0.624676771707171,0.0012290686601727236,0.9884770595024379,0.4438072093246908,0.5258329322126696,0.4940617849848037,0.6076703876662393,0.9929333122502652,0.031055813710911675,0.9036144409232107,2.0
2021-04-07 23:14:44.940,0.530322799417361,0.08073864728952222,0.6729929836355438,0.4829722712160547,0.0036034552040580896,0.6177835238307737,0.00027853089649794037,0.9957894764149801,0.453379591987169,0.546112989594629,0.46460810428132937,0.5887535593529291,0.9964666561251325,0.03416152228694203,0.8795180550094351,2.0
2021-04-07 23:14:44.960,0.5406604956720982,0.0555139788378456,0.6768067372943997,0.4822194916899279,0.0,0.6079097444214708,1.028178415872608e-05,1.0,0.4670216197587977,0.5644616129402112,0.4741092918558963,0.5586939628534092,0.9893996065378262,0.009316807715743548,0.8433735069821456,2.0
2021-04-07 23:14:44.980,0.5684640995954987,0.03409750794006618,0.6847006062357844,0.4817985208979985,0.0003894007104065909,0.5974404736708268,0.00053254369230994,0.9995449430364494,0.4814330388032175,0.5779816472425986,0.5121140413764809,0.5231925399606557,0.9893996065378262,0.0,0.8554216690956595,2.0
2021-04-07 23:14:45.000,0.58328984888786,0.04552949447948442,0.6844186847620223,0.4817541800873596,0.004700389253579554,0.5893992906785926,0.0017022943669534607,0.994507955065611,0.49243551681451236,0.599710284104093,0.5482185572705676,0.4915781288904613,0.9752651455256439,0.00621141715206071,0.8554216690956595,2.0
2021-04-07 23:14:45.020,0.5535709891859785,0.06215241038496962,0.6762808888050308,0.4824746025996154,0.011907310171042147,0.5847783393663124,0.003335516235201083,0.9860909087764567,0.49866974046777085,0.6277160855360651,0.5453681978874652,0.4610002583221286,0.9893996065378262,0.02484471457119848,0.8554216690956595,2.0
2021-04-07 23:14:45.040,0.44416608610289104,0.025174510575956148,0.6830936160495493,0.48402337212347885,0.021948044818074594,0.5799262636177649,0.005694790246330568,0.9743722681305047,0.5051520514876277,0.6441332708930181,0.5035629748924199,0.43301373349373234,1.0,0.04658372056636842,0.8614457809957904,2.0
2021-04-07 23:14:45.060,0.40360739176119065,0.028036061749066147,0.673042184118392,0.4862552731396053,0.0346451617974833,0.5728951610332603,0.008988652073915124,0.9595678990993981,0.5145374162286716,0.588845969625598,0.41092639370734313,0.39362529008213337,0.9681980959383375,0.04658372056636842,0.8614457809957904,2.0
2021-04-07 23:14:45.080,0.43149831722707,0.0998824154363573,0.6402732475481971,0.4882593828794597,0.04987491355537116,0.5630257376277451,0.013412191981474352,0.9418341386979726,0.5276950379444606,0.5549251581760498,0.4016627358221404,0.3750971703959488,0.9823321951129503,0.06832304457388406,0.81927712106837,2.0
2021-04-07 23:14:45.100,0.4402245167664626,0.08706507910435927,0.6442219864313709,0.4892589152461712,0.06745167560808867,0.5525244374374851,0.019008250736334244,0.9214030264876761,0.5415554225599671,0.5210043467265018,0.39239907793693757,0.3565690507097643,0.9611310463510312,0.09316775914508255,0.7891566232544636,2.0
2021-04-07 23:14:45.120,0.44895071630585515,0.07424774277236125,0.6481707253145446,0.32473923464134263,0.009286962285613001,0.6603396309532089,0.0,0.9891506328770945,0.3947152847599892,0.5388701159104672,0.39239907793693757,0.3405027145033971,0.9628977182884648,0.1040372621426666,0.8012048162113514,2.0
2021-04-07 23:14:45.140,0.3479240111834857,0.07587430824112296,0.642649741971271,0.2985738773447767,0.10611411073546971,0.5384609510908918,0.03856394057023349,0.8614935608301078,0.5728640216943609,0.5934331234858675,0.3287411134105083,0.3332469572913282,0.9646643902258986,0.11490676514025067,0.8132530091682392,2.0
2021-04-07 23:14:45.160,0.31006070277734693,0.044849783515475555,0.6489560978914327,0.2983588841499854,0.13234501898387316,0.5176136806807339,0.046709354525408864,0.8424098802541347,0.5899446464053528,0.6965234250581248,0.31021380152851824,0.3060378327488191,0.9575973406385921,0.13354038057173595,0.7951807351545944,2.0
2021-04-07 23:14:45.180,0.36500583973823314,0.08949020527540583,0.6433707050027083,0.3010585896153245,0.15615388020412851,0.49798060789109,0.0548547684805847,0.8233261996781616,0.6070252711163447,0.7427571302680903,0.297149666669281,0.2855661980308595,0.9646643902258986,0.16459619428264763,0.7469879633270433,2.0
2021-04-07 23:14:45.200,0.38663899799667945,0.12219220916414729,0.6206581119524502,0.3058994317368814,0.1820221109081593,0.4780511218554643,0.06300018243576008,0.8042425191021885,0.6241058958273368,0.7889908354780559,0.28408553181004376,0.26509456331289993,0.9611310463510312,0.2204970405771035,0.7771084302975758,2.0
2021-04-07 23:14:45.220,0.4164090844733319,0.17555100956828024,0.5961938926060049,0.3127565478764798,0.21008822428155902,0.4554183511162488,0.0864481866623643,0.7575430584716635,0.6646394135396554,0.8454852770898333,0.31543945080611463,0.22233738320807744,0.9328623052454513,0.29503102528452607,0.7108433690346929,2.0
2021-04-07 23:14:45.240,0.4907173314364342,0.24672443275128544,0.5925206296175187,0.319781590114004,0.23535512594842126,0.43841187173997953,0.09674888666732058,0.7393185127791825,0.6787721897680944,0.9263640477212322,0.4389548974411571,0.15301891266258,0.8975266050119576,0.3400621300721386,0.647590356011032,2.0
2021-04-07 23:14:45.260,0.44868618225824736,0.27850326445178586,0.5815445321640627,0.32680663235152824,0.26062202761528347,0.4214053923637102,0.10704958667227686,0.7210939670867014,0.6929049659965335,0.945758864722755,0.44264980378064184,0.1355849216187322,0.8621909047784638,0.3850932348597511,0.5843373429873711,2.0
2021-04-07 23:14:45.280,0.4066550330800606,0.31028209615228625,0.5705684347106067,0.3448693864866308,0.31766286092406,0.39271137047156246,0.146453469917609,0.6586887141722269,0.7255449718915672,0.9651536817242777,0.44634471012012655,0.11815093057488447,0.8268552950043624,0.45652166999731625,0.5722891500304833,2.0
2021-04-07 23:14:45.300,0.34454587730377395,0.35725119505602615,0.5503428516246816,0.3587536187054129,0.3573831248229964,0.37352957967433253,0.1878171974352136,0.6048562973711407,0.7518290042159717,0.9845484987258005,0.45003961645961127,0.10071693953103669,0.7632511250434659,0.5279501051348813,0.530120490103063,2.0
2021-04-07 23:14:45.320,0.280400514275746,0.35953172984041437,0.5466168230358285,0.3702460802295493,0.38711599951724274,0.35465019803418146,0.2291809249528182,0.5510238805700544,0.7781130365403761,0.9922742493629002,0.38986542820220355,0.09454090758956238,0.7420496144439773,0.554347673994095,0.49999999228915654,2.0
2021-04-07 23:14:45.340,0.20837255997307152,0.35259602059309963,0.5409586039578428,0.3817385417536857,0.4168488742114891,0.3357708163940304,0.2700273337277321,0.5103863982348467,0.8119423024948454,1.0,0.3296912399447959,0.08836487564808806,0.7208481038444886,0.5807452428533086,0.46987949447525007,2.0
2021-04-07 23:14:45.360,0.17689739581255534,0.43930837158387104,0.508349830637602,0.401604848122951,0.46505231055197094,0.2894501312216248,0.31087374250264593,0.4697489158996389,0.8457715684493151,0.8925639718458942,0.16152021209813036,0.08033169163706338,0.6431096537901947,0.6614904857066173,0.41867468211932046,2.0
2021-04-07 23:14:45.380,0.23672300258647674,0.5231509493821155,0.49760807346536695,0.4214711544922162,0.5132557468924529,0.24312944604921913,0.35172015127755984,0.4291114335644312,0.8796008344037847,0.8022694286691394,0.15344420460395622,0.07132676654825361,0.5954064358601304,0.7111799943521007,0.36295177812744917,2.0
2021-04-07 23:14:45.400,0.2965486093603982,0.60699352718036,0.4868663162931318,0.4473796440803039,0.5916574538232982,0.1671321270243499,0.41249975394020794,0.3795852650746928,0.9157606862963689,0.7119748854923849,0.14536819710978205,0.06232184145944383,0.5477032179300653,0.7608695029975849,0.3072288741355779,2.0
2021-04-07 23:14:45.420,0.3451528651454584,0.6380923231339263,0.4978791470334943,0.457541445842072,0.6330594443523592,0.13860465821820575,0.4732793566028565,0.33005909658495425,0.9519205381889531,0.6823998087268022,0.20380049874916092,0.061868356633689565,0.48763257276282196,0.8074530645577778,0.27710840716504537,2.0
2021-04-07 23:14:45.440,0.3937571209305186,0.6691911190874925,0.5088919777738568,0.46708907170686925,0.6742702908890399,0.11766662918795175,0.5535650636574259,0.27080495532734006,0.965943835456845,0.6528247319612194,0.2622328003885398,0.06141487180793529,0.4310954523892319,0.8602482022762051,0.2650602450515315,2.0
2021-04-07 23:14:45.460,0.41221019079672777,0.71277225558565,0.5134470576213508,0.47658000234185227,0.7133968818096622,0.10288952692671462,0.6060856034985485,0.23457830484867565,0.9642686125285498,0.6610333226635698,0.37672211649469445,0.08668048980285109,0.3745583320156418,0.8819875262837208,0.25903610230802676,2.0
2021-04-07 23:14:45.480,0.39493491746651616,0.7308369338322978,0.5132813189934341,0.4482949531969454,0.7313080940029366,0.08273850535727532,0.6335147848541058,0.2185842454457793,0.9761790750190332,0.7044905897994715,0.39786225956098203,0.13053900863168638,0.30035340675500105,0.9347823459897997,0.21987948290898487,2.0
2021-04-07 23:14:45.500,0.3771927788273921,0.7222038312445447,0.4955731436942343,0.42000990405203853,0.749219306196211,0.06258748378783675,0.6609439662096631,0.2025901860428828,0.9880895375095166,0.7479478569353734,0.4190024026272696,0.17439752746052173,0.2744405297639745,0.9466871381814523,0.1907630294479119,2.0
2021-04-07 23:14:45.520,0.35616292517890297,0.7475798715426023,0.4962862912707047,0.3917248549071317,0.7671305183894854,0.042436462218397454,0.6883731475652205,0.18659612663998648,1.0,0.7638821844419407,0.3885985987594677,0.2174138392264354,0.24852765277294891,0.9585919303731042,0.1616465759868387,2.0
2021-04-07 23:14:45.540,0.33513307153041383,0.7729559118406599,0.4969994388471751,0.36200753770055605,0.8251611744892425,0.03925343629764669,0.7701312061112816,0.13636849727144526,0.9714946384606665,0.7798165119485081,0.3581947948916658,0.2604301509923491,0.22261477578192235,0.9704967225647569,0.13253012252576574,2.0
2021-04-07 23:14:45.560,0.3584639581228913,0.8215626505989123,0.48758082866979136,0.3707311664101472,0.834825690299062,0.025985369054478083,0.7862748858721959,0.12829786226708118,0.9785973502928639,0.7404635414811991,0.36627081210687856,0.3226224283887853,0.18021211642051554,1.0,0.08433731985484066,2.0
2021-04-07 23:14:45.580,0.3892075339639792,0.8677364530604602,0.4924438768078788,0.3794547951197384,0.8444902061088813,0.012717301811308748,0.8024185656331101,0.12022722726271723,0.9857000621250612,0.7070255907144838,0.3769596481282663,0.35436640861249663,0.16607765540833125,0.9813663845685147,0.06626501499782203,2.0
2021-04-07 23:14:45.600,0.3961963378142247,0.8971445446683048,0.4967416326031996,0.39383755175887236,0.8543905463973139,0.0,0.8189803844649096,0.11204700400895189,0.991803462358558,0.6735876399477686,0.38764848414965414,0.38611038883620796,0.15547690010858795,0.9813663845685147,0.018072243170270855,2.0
2021-04-07 23:14:45.620,0.3878566702223703,0.8912836423490427,0.5050297708884544,0.4029941905573155,0.8539766568079188,0.010315221957866941,0.8178804774227839,0.1122175747052089,0.9870790990733833,0.6301303761054103,0.4270784118064238,0.45620627027282,0.12720833992179292,0.9968942914239697,0.024096385913775588,2.0
2021-04-07 23:14:45.640,0.33826560116749893,0.8464970847035513,0.5092703263287445,0.406650203513136,0.8459909197565579,0.030124354171191036,0.816780570380658,0.11238814540146591,0.9823547357882086,0.61262675416268,0.42422805495079136,0.5018139424845853,0.14134280093397517,0.987577483708227,0.0030120405283784756,2.0
2021-04-07 23:14:45.660,0.3129725622962985,0.8345209197173303,0.5106726356509984,0.4103062164689566,0.8380051827051973,0.04993348638451586,0.7953130245247795,0.12233509529667826,0.9638469672247996,0.5951231322199497,0.421377698095159,0.5474216146963506,0.1584217151752143,0.9849894992323178,0.0020080270189189106,2.0
2021-04-07 23:14:45.680,0.28767952342509817,0.8225447547311096,0.5120749449732522,0.4114952045451423,0.8261260533465351,0.06998511989106082,0.773845478668901,0.13228204519189046,0.9453391986613904,0.4978271386852019,0.44560572796567083,0.6066338433464955,0.17550062941645445,0.9824015147564087,0.001004013509459565,2.0
2021-04-07 23:14:45.700,0.2623864845538978,0.8105685897448888,0.5134772542955061,0.41268419262132816,0.8142469239878731,0.09003675339760651,0.7324065117790581,0.15304874161534884,0.9099415955861252,0.41863833924148924,0.5377672517162271,0.6512049733595626,0.19257954365769359,0.9798135302804996,0.0,2.0
2021-04-07 23:14:45.720,0.22140355620301672,0.7697761172162938,0.5215724011865347,0.41090931123045454,0.7936744159924676,0.13073540925782953,0.6909675448892152,0.17381543803880734,0.8745439925108599,0.35864317343877833,0.5247031191900391,0.6953874111836067,0.21554772619461698,0.9689438682767408,0.006024081056756951,2.0
2021-04-07 23:14:45.740,0.10878322224627845,0.7116936586106445,0.5215433004882888,0.40312352879575536,0.754289957239151,0.22145418473084297,0.6417548329658256,0.20085202476856576,0.8194788734737662,0.29864800763606747,0.5116389866638511,0.7395698490076507,0.2544168607623706,0.9456520079935584,0.08132527932646219,2.0
2021-04-07 23:14:45.760,0.08363850090300977,0.7151049089925929,0.5292219201370475,0.3900869385774873,0.7024532261570569,0.3229896863154551,0.5925421210424362,0.22788861149832415,0.7644137544366728,0.12168036010076506,0.3857482466347407,0.8266390416047523,0.33922272224154043,0.8975154331391757,0.1144577868253732,2.0
2021-04-07 23:14:45.780,0.1858041232647786,0.6893318229375504,0.5504138889105545,0.37702247330059135,0.6609347500324633,0.39238441395196266,0.5043950672745048,0.28335864149916595,0.6697273870870181,0.0584258677436501,0.381947771604914,0.8634361263380376,0.38515908731538717,0.8633539108522355,0.14457831548265354,2.0
2021-04-07 23:14:45.800,0.31965181347536475,0.6399126339407797,0.5860657205544656,0.3625955343016418,0.6168167030002797,0.45740930108277983,0.44498665477143334,0.3256123250191108,0.6061236138384731,0.0883631111165037,0.47885988642086286,0.8813164124526494,0.45936401257602694,0.8105587731338082,0.2530120212512698,2.0
2021-04-07 23:14:45.820,0.4397919251695095,0.5846506165480789,0.632382737030418,0.3493755669118381,0.57193637103609,0.5137626658497187,0.3888802767961754,0.36968894592354057,0.5484681836284513,0.1921776945240241,0.6432304376823355,0.8844260348066532,0.5053003776498717,0.7670807611434701,0.2530120212512698,2.0
2021-04-07 23:14:45.840,0.5166318040005031,0.530555626907997,0.6680394046915278,0.33927147988806994,0.5275547706148082,0.562152230750537,0.3373593109200988,0.41430000726384714,0.4967358968128339,0.4022211519084102,0.8745843512346246,0.8727649827948214,0.5583041541485942,0.7142856234250446,0.36144578870663385,2.0
2021-04-07 23:14:45.860,0.5257797127748586,0.4767543387411424,0.6879721845600346,0.3330956090828045,0.48413685624000224,0.6053489266652923,0.2905373840399293,0.4588695753186005,0.4484555011064578,0.5336793829854515,0.9372921756173123,0.8636304883403901,0.6113075688097475,0.670807293422359,0.3433734838496152,2.0
2021-04-07 23:14:45.880,0.4586389375855943,0.4700029049724047,0.6606351183402734,0.2138267510050972,0.48521858326527834,0.44202030840711815,0.3012807939435548,0.4577481900914206,0.6474083122566127,0.6651376140624927,1.0,0.8544959938859589,0.6395761289965425,0.633540380571736,0.3253011789925966,2.0
2021-04-07 23:14:45.900,0.41859951873452905,0.39448708533285237,0.6945537191642642,0.23505550934826386,0.39920466947916394,0.6750572865745188,0.19180088349525812,0.5706362438300536,0.34982371887215674,0.7368421085913703,0.9928741326495675,0.8354496099938232,0.6855124940703872,0.5776395342772783,0.3253011789925966,2.0
2021-04-07 23:14:45.920,0.3785124995802409,0.36789098510495116,0.686763981093502,0.23963564478880786,0.35820060484231164,0.701828773383156,0.14364074286154216,0.636521643382001,0.3004424945996995,0.6909705541796668,0.9662707763334566,0.8165327901646949,0.7243818095569275,0.5496894291423969,0.34939756490637214,2.0
2021-04-07 23:14:45.940,0.364377940952148,0.39338571630983715,0.6726057638794272,0.2450171939903009,0.3182735590435469,0.7276783248018855,0.11717991224101787,0.6782189940378803,0.2666195289477658,0.588604542347177,0.9083135087981058,0.7958020310325495,0.7632511250434659,0.5062110991397132,0.34939756490637214,2.0
2021-04-07 23:14:45.960,0.37805596852204065,0.3891392370690252,0.6810798110730785,0.24921809814459256,0.2806478499201437,0.7536252457170487,0.09487714058837123,0.7174275258298946,0.23350493694046073,0.448575566805334,0.8513064377885202,0.7748121437743889,0.7738516994244244,0.44875771656958874,0.40361447947742807,2.0
2021-04-07 23:14:45.980,0.40472251369783807,0.3806997483726486,0.6948576705997558,0.25072325386747746,0.2456180964891679,0.7785351302481004,0.086301078058251,0.7343399022147815,0.2139378775628966,0.275712236358594,0.829453721920678,0.7535631283902127,0.819788245417056,0.3975154331391757,0.45180718961823146,2.0
2021-04-07 23:14:46.000,0.43138905887363543,0.3722602596762719,0.708635530126433,0.24477910256317592,0.22372673383091868,0.8001794981043183,0.07772501552813031,0.7512522785996685,0.1943708181853325,0.11154034326654197,0.7819477840478435,0.7338688817621287,0.8356891974478872,0.3757764271440076,0.4759035755320071,2.0
2021-04-07 23:14:46.020,0.4574350956383349,0.3523610376819941,0.724152107026187,0.2388349512588744,0.2018353711726695,0.8218238659605355,0.06355829877072061,0.7826090240041321,0.1557293671887464,0.009657170181885402,0.7344418306213469,0.716766001236018,0.8515901494787185,0.35403742114883946,0.4999999614457826,2.0
2021-04-07 23:14:46.040,0.4672485332960536,0.2903891912680604,0.7349795068202026,0.21994418141843128,0.1631467572633981,0.8614906613940911,0.05212284570258341,0.8110203802796928,0.12079536875228086,0.0,0.7135392179572998,0.700699675634878,0.8621909047784638,0.30124228343041215,0.596385505100885,2.0
2021-04-07 23:14:46.060,0.49416537683834055,0.2150921203225987,0.7536788090401635,0.2128153390632823,0.1522901400177036,0.871719198876581,0.04311415733133386,0.8359202429583918,0.09249631349498087,0.07580878197554831,0.7211401757937842,0.6851515850753143,0.8692579543657701,0.2608693439914112,0.6686746936855856,2.0
2021-04-07 23:14:46.080,0.5274069900322281,0.15536079412218484,0.7611018162766555,0.2056864967081333,0.1414335227720091,0.8819477363590715,0.03827756651787075,0.8510569185838034,0.07669920005389963,0.20714631225819874,0.741092654146713,0.6683078538856735,0.8639577576346833,0.22515528542880242,0.7319276989984032,2.0
2021-04-07 23:14:46.100,0.5370840586498273,0.1131772648227942,0.7683517758726482,0.18782719512496132,0.11514611102266913,0.9046162519528985,0.03344097570440764,0.8661935942092148,0.060902086612818374,0.3457267122727588,0.7467933744682841,0.651464101485578,0.8727916600782071,0.1956520079935593,0.7590361254405572,2.0
2021-04-07 23:14:46.120,0.5340041391386137,0.07225880061773386,0.7715048139689081,0.1758577563741313,0.09483955780201477,0.9196002643940555,0.026671343560281495,0.8896532118310775,0.03985645811797274,0.4553355859326539,0.7315914821258078,0.63513863503215,0.9010602202650021,0.16149048570661728,0.7710843492408188,2.0
2021-04-07 23:14:46.140,0.5472441345247813,0.07660249018134113,0.7739412078931718,0.1713384423245231,0.08458134274051551,0.923762759119447,0.02340371346407538,0.9015321096633379,0.03385505447002154,0.5263157907217638,0.7163895897833316,0.618813151610358,0.9081272698523085,0.13975147971144916,0.7951807351545944,2.0
2021-04-07 23:14:46.160,0.582074306357334,0.09700386382142218,0.7690647542590127,0.16837664055597631,0.07649053324381612,0.9249453372771733,0.020849085553935248,0.9109123449658656,0.03199326960990427,0.5717044945288775,0.7040380459363946,0.6014511429582318,0.9081272698523085,0.1304346719957056,0.81927712106837,2.0
2021-04-07 23:14:46.180,0.6218732699792123,0.10954727615295339,0.7643357892799942,0.16631751702916334,0.07079427832507418,0.92407280409493,0.019031055206326284,0.9175222440906298,0.03301639008440554,0.6064703032314128,0.6964370958767411,0.5812386612885719,0.8975268763901347,0.1304346719957056,0.8012048162113514,2.0
2021-04-07 23:14:46.200,0.6411616243534902,0.10997020595892873,0.7723770622814666,0.16480771793455468,0.06770772532385497,0.9207922720188042,0.0179232588721257,0.9211055546523788,0.03741419019070959,0.650651864718043,0.6631829354773414,0.5500129585273461,0.8939931706776978,0.10869566600053748,0.8313252831818839,2.0
2021-04-07 23:14:46.220,0.6315489314767919,0.10233964746757769,0.7811565286347797,0.16382403488683805,0.06708321792319424,0.9150013493362316,0.017443442278064145,0.9218308872616334,0.04531599687357767,0.7040077299729598,0.586223304458103,0.5185281170348776,0.876325365790646,0.11180105656422032,0.81927712106837,2.0
2021-04-07 23:14:46.240,0.5860014642414865,0.08329422337145594,0.7774926040941986,0.1635794105407368,0.068676287707062,0.9069483795102187,0.017532023803121383,0.919981056347853,0.0563712660458936,0.7175277721798516,0.535629480623534,0.4957242809289949,0.8833924153779524,0.10869566600053748,0.7951807351545944,2.0
2021-04-07 23:14:46.260,0.524552479739088,0.06071421901290199,0.7686966529848831,0.1644210725054953,0.07250454834002983,0.8952947882003334,0.01463440611887428,0.9447846154023537,0.0,0.7310478143867435,0.4850356567889652,0.4729204448231123,0.8727916600782071,0.10559027543685463,0.81927712106837,2.0
2021-04-07 23:14:46.280,0.4647480021082461,0.0,0.7877225992633136,0.23598493781724533,0.022239620328422114,1.0,0.022102145043811354,0.8964992724622943,0.1220949101297431,0.6615161811726641,0.36864610588978797,0.41850220210123057,0.9116609755647475,0.12111818229230957,0.8433735069821456,2.0
2021-04-07 23:14:46.300,0.41503604908384506,0.0589274638139516,0.7512718993117193,0.21141318061227246,0.08892571737534202,0.8591973535175852,0.025803323705365224,0.8821278373682274,0.15142524807560415,0.5731530621516558,0.34014253849998866,0.3780772196725016,0.9116609755647475,0.14596257885116234,0.8132530091682392,2.0
2021-04-07 23:14:46.320,0.39749628995693187,0.17677348044995742,0.7021064839327797,0.21231160525436146,0.10134557887981215,0.8378698465016008,0.031112678863499155,0.8643283564450501,0.1775147103233443,0.5311443758127066,0.2992874397061817,0.34361233685740084,0.8904594649652589,0.16149048570661728,0.8012048162113514,2.0
2021-04-07 23:14:46.340,0.33643467727683335,0.17556691735928584,0.6971222294126138,0.21160202518454668,0.11675833409035656,0.8188956064730821,0.03509194902906574,0.8528866466084559,0.1924638827537732,0.5265572203715362,0.262707867544099,0.3298782004481726,0.8975268763901347,0.1428571882874795,0.7530120443838002,2.0
2021-04-07 23:14:46.360,0.27537306459673483,0.17436035426861435,0.6921379748924477,0.20915173571988854,0.14659640734209842,0.7860991002136082,0.03907121919463232,0.8414449367718617,0.20741305518420214,0.5219700649303659,0.22612829538201634,0.3161440640389444,0.8621909047784638,0.17701871057441973,0.7771084302975758,2.0
2021-04-07 23:14:46.380,0.2448046419216118,0.16993864012567617,0.6876868524957174,0.20809981925675564,0.16487051076978904,0.7671549422347774,0.043050489360198896,0.8300032269352675,0.22236222761463104,0.5507001464190876,0.19762473265831554,0.2687224631293892,0.8657246104909028,0.2142856234250446,0.710843353613006,2.0
2021-04-07 23:14:46.400,0.2142362192464888,0.16551692598273804,0.683235730098987,0.20704790279362273,0.1831446141974796,0.7482107842559467,0.05993357440162699,0.7881760854551261,0.27370655573218733,0.5828102402380457,0.04940616761091712,0.22648353927659742,0.8374560503041077,0.25155285428801516,0.7289156584700246,2.0
2021-04-07 23:14:46.420,0.14253091376130295,0.19265066080180632,0.647833536764697,0.2069245653505383,0.21138406873045287,0.7204586328769232,0.08399123570172927,0.7388322313616024,0.33416068171491664,0.5620473164424876,0.0,0.1826898042468039,0.844523099891412,0.2857143765749572,0.6506024196719409,2.0
2021-04-07 23:14:46.440,0.28073581766584427,0.3280236345575386,0.6217456397862671,0.207784851642028,0.24191731422807025,0.6850953129501731,0.10699409140137038,0.6998385055095704,0.37696870214356637,0.5340415268672722,0.11591451951703999,0.12205235923782431,0.8250886230669287,0.3400620505690513,0.6566265007286979,2.0
2021-04-07 23:14:46.460,0.4933630265447868,0.46634847652435607,0.6040598186734364,0.20878021937880853,0.27618621199815085,0.6489007650065097,0.12999694710101198,0.6608447796575383,0.4197767225722161,0.5340415268672722,0.31163898355311875,0.07022546140746089,0.7835691187554534,0.39052790685545585,0.650602404250254,2.0
2021-04-07 23:14:46.480,0.5647971353166095,0.5242475921563335,0.6042035501802882,0.2102713602534617,0.33929744346696783,0.6189524702589996,0.1549093805725958,0.6246901335048985,0.4328950172566264,0.5683244810129654,0.44845608462688247,0.04223890264233691,0.7420496144439773,0.4409937631418604,0.64457830777181,2.0
2021-04-07 23:14:46.500,0.4898423523578369,0.5234188239035195,0.6093242167613333,0.21325511635802324,0.4100760418472085,0.6114586063309233,0.1798218140441791,0.5885354873522586,0.4460133119410367,0.6475132883611824,0.47695964890594944,0.033946590505296866,0.7040637253855476,0.49689437092705696,0.6325301148149223,2.0
2021-04-07 23:14:46.520,0.3590654258707687,0.4873530941926896,0.6207066740246315,0.21787951634945166,0.45813364349076946,0.6050834666697551,0.22043604782980572,0.5368438468873262,0.44608006882027373,0.755190739841457,0.458907391425516,0.03524229476673817,0.666077836327117,0.5527949787122536,0.6204819218580345,2.0
2021-04-07 23:14:46.540,0.2558615200706846,0.45603229733422224,0.6282912893945838,0.22175902376803872,0.4816618841433679,0.5967081525634472,0.2888379896633797,0.4615620485317229,0.45906747997720077,0.8136166075851071,0.4095012155711581,0.036278828481254445,0.6289753736967971,0.633540380571736,0.5602409570735954,2.0
2021-04-07 23:14:46.560,0.20379311639168185,0.4603337793575969,0.6193372556224452,0.22563853118662572,0.5051901247959664,0.5883328384571385,0.36301130785349073,0.390434637482143,0.49353513576451286,0.7817479380803808,0.30308791473600843,0.030837010572202696,0.5795053029105135,0.6739130019983893,0.5542168760168386,2.0
2021-04-07 23:14:46.580,0.19062166486409524,0.5332240675211105,0.5879981738522296,0.235482563973948,0.5511750311045126,0.5627036495829656,0.4159419327012409,0.34558761640891533,0.52246189388599,0.6586190301180984,0.21472686251570516,0.017621136778141713,0.55653712037359,0.7003104118514293,0.5481927641167077,2.0
2021-04-07 23:14:46.600,0.20979664149354307,0.6381987330836978,0.5702303872389874,0.24874516903987165,0.6190193569129157,0.5213524899788847,0.4719429355706494,0.3016488356514229,0.5429217332527467,0.5089328843548475,0.19857485919260312,0.004664433531005577,0.5335689378366667,0.7267078217044691,0.5421686522165768,2.0
2021-04-07 23:14:46.620,0.26135747416327987,0.7393237033644171,0.5653178538147066,0.25541905840911694,0.687675424637498,0.5004681422894272,0.5309051977318913,0.2582904420454532,0.5452941228446089,0.3838725344912062,0.21282662500079177,0.0,0.4487632572762816,0.7608693439914113,0.4999999614457826,2.0
2021-04-07 23:14:46.640,0.2608113594745555,0.7995540998805533,0.5694746077035538,0.2549772771774916,0.733527534844894,0.5075958456638129,0.5917381646118917,0.21630122597597867,0.5296242636682332,0.32544664896242115,0.20570073820828202,0.00868100432606313,0.38515908731538717,0.8012422834304121,0.5783132619306142,2.0
2021-04-07 23:14:46.660,0.2391470068864834,0.7926580656334261,0.5710016989901262,0.20368841487821374,0.7686591658799019,0.49893790378233316,0.6410833204151942,0.18501185851870544,0.532291081607381,0.3759053621747094,0.20118767605457047,0.026366923135708615,0.2791518961555114,0.8726707185679773,0.53614457115982,2.0
2021-04-07 23:14:46.680,0.20547838030445745,0.7413373903631704,0.5746226695465756,0.1988896257746582,0.8236315181015713,0.543073446631112,0.718667132774215,0.13765748424148713,0.4778926401102338,0.4263640753869976,0.1966746139008589,0.04405284194535419,0.23321553108166665,0.8788818177076905,0.5542168760168386,2.0
2021-04-07 23:14:46.700,0.20494237216019887,0.7400402413164521,0.5819118851949481,0.1987022386110272,0.8644281072217328,0.5505022267378891,0.8082845607674535,0.08938513407562935,0.4626527459753523,0.5555287307195799,0.18669835139390187,0.0993780755291992,0.15547690010858795,0.9068319228425717,0.5421686522165768,2.0
2021-04-07 23:14:46.720,0.25523972514306326,0.7993418298664353,0.5693448228191298,0.20138805632772558,0.9004402112983965,0.5470251107731766,0.8865341845596075,0.050844047507866294,0.46689372710863497,0.641718982299799,0.1786223575091817,0.16169993819909792,0.13074204563423186,0.9223601477103742,0.48795179933226873,2.0
2021-04-07 23:14:46.740,0.3036318471268302,0.8556614291905582,0.5547710473521205,0.20645530518734356,0.9314028897087392,0.5349261821348703,0.9292493559384948,0.03139518326225137,0.4779484366573358,0.6441332708930181,0.18337294351963432,0.2086032743724404,0.08127197484794614,0.9534159614212859,0.46987949447525007,2.0
