2021-04-19 17:02:53.660,0.611030902076986,0.49336637581305326,0.7503730451769228,0.6572474728584486,0.6525791267792401,0.0457550751157584,0.935752784669949,0.3282868121684655,0.8965859434074767,0.5191193746306977,0.4280947975900678,0.5520208986455315,0.12795555356167554,0.4107135999999965,0.03571426742857148,3.0
2021-04-19 17:02:53.680,0.3148766679855408,0.4674564313269199,0.2149609158742318,0.6645124638541948,0.6682636701151574,0.0537416069478035,0.9258368293574633,0.31286265869699187,0.8972922490966058,0.4982618977388661,0.39083531555241113,0.5615490985776682,0.12795555356167554,0.48214308571428516,0.05714285714285714,3.0
2021-04-19 17:02:53.700,0.7510161596205603,0.5688988035178834,0.093692144734811,0.6584359231241765,0.686006338202178,0.04523697729679092,0.9349681776565719,0.29547617814798155,0.8880136840132288,0.4623406929810668,0.40306977204196875,0.5467957569988418,0.12517394824599082,0.4642852571428531,0.03571426742857148,3.0
2021-04-19 17:02:53.720,0.9353836462374389,0.6052738626134357,0.6632392408665342,0.6577573622057734,0.6895874695801345,0.042444503241397744,0.9380348050305136,0.2919749731693218,0.8854694413211285,0.43568947338636427,0.4460015957286138,0.5360381116625927,0.1293464274295253,0.4375003428571394,0.039285759999999885,3.0
2021-04-19 17:02:53.740,0.5079167304300994,0.4957171809296893,0.6666907187189547,0.6634917998264872,0.6991865642726254,0.04900927838593938,0.9300612417148242,0.28260371870346984,0.8868345688271627,0.47006568325156123,0.4415527006389488,0.5495620083404641,0.1293464274295253,0.4642852571428531,0.03571426742857148,3.0
2021-04-19 17:02:53.760,0.39315915749213615,0.460424662004146,0.12064185817032098,0.6712526502445092,0.7290144396345758,0.057173133279773185,0.9194210967487141,0.25361043778999826,0.8835603461506646,0.47045193276508596,0.4129685604757056,0.5418779761874438,0.12795555356167554,0.4375003428571394,0.032142848000000286,3.0
2021-04-19 17:02:53.780,0.796847428281872,0.6039488917826316,0.17724623421280375,0.668665644554859,0.7443360982146061,0.05216718909727858,0.9245140953918615,0.23879404954249814,0.8767394434795478,0.5056006416573323,0.4374374743651885,0.5308129697643241,0.12100146906245632,0.4910701714285668,0.06071427657142885,3.0
2021-04-19 17:02:53.800,0.9687130362130226,0.6404815132455443,0.6995966964763335,0.6683182398628897,0.7427819089568583,0.050683059478317874,0.9262775587541281,0.24029457548484012,0.8763345453896103,0.5067593883010086,0.43443447049829315,0.5326571374931248,0.12795555356167554,0.4642852571428531,0.04642852571428583,3.0
2021-04-19 17:02:53.820,0.45660652311647176,0.5033960616013298,0.4125660167594747,0.6730335445613022,0.7423291741345274,0.05679333293304486,0.914934719896536,0.2309887815465483,0.8788446970965235,0.5160293772579013,0.38594153386695557,0.5345013052219254,0.13073730129737546,0.5178569142857097,0.03571426742857148,3.0
2021-04-19 17:02:53.840,0.8016579317982867,0.580575638452322,0.1843605838126399,0.68081833021894,0.7625540436416173,0.06369498991927756,0.9194001077782077,0.21347997913595668,0.8714510117615928,0.5021243928741133,0.38460686497590907,0.5225142149847213,0.12239234293030649,0.42857142857142855,0.04642852571428583,3.0
2021-04-19 17:02:53.860,0.9955348336716464,0.6180089776419166,0.7196809148943829,0.6789539125398846,0.7685868338171357,0.0530065996337411,0.9255991908611527,0.21742349818848386,0.8696973552497785,0.495558151144193,0.41018800218262436,0.5126786537644512,0.12656467969382537,0.42857142857142855,0.03571426742857148,3.0
2021-04-19 17:02:53.880,0.8332424077263186,0.6186055718338707,0.5322650057592426,0.681870730832857,0.7650131692037037,0.04844819100480714,0.9278385315692088,0.21888269467350674,0.8690478678692939,0.49015065795484686,0.4059615526667733,0.5092976821107708,0.11682898987892183,0.45535817142857143,0.039285759999999885,3.0
2021-04-19 17:02:53.900,0.5853152595848218,0.5174185445637736,0.3722616874977661,0.5752054644506176,0.6547250749035595,0.04298133984000065,0.9388869244865415,0.32617345481060744,0.8944288769042843,0.5044418899552617,0.4006228807440573,0.5083755957305831,0.1140473845632371,0.48214308571428516,0.04642852571428583,3.0
2021-04-19 17:02:53.920,0.6769471524844384,0.5531151355768668,0.4577309919385132,0.5926766166020196,0.7701616455673796,0.04670669246987824,0.92957983644181,0.21394004710036058,0.8666489177092996,0.5106218821716573,0.3978423233613435,0.5074535118661828,0.11265651069538733,0.4464283428571382,0.0749999542857144,3.0
2021-04-19 17:02:53.940,0.6539295863248941,0.5670914554717925,0.4275739313190508,0.5971541479218223,0.7706401585053305,0.044949287289397455,0.9315480514216367,0.21348095682204396,0.8655160688602729,0.49980689579296494,0.3946168766517367,0.5105271247475172,0.10570242619616771,0.41964251428571253,0.051785691428571486,3.0
2021-04-19 17:02:53.960,0.6472955331493121,0.5758900108861071,0.423762293854446,0.6016466674095131,0.7724586712272431,0.04288907723539251,0.9337934814261138,0.2117368092829026,0.863828294530149,0.4855156637925502,0.39283731752342965,0.5132933750828245,0.10013921556479904,0.4017855999999977,0.039285759999999885,3.0
2021-04-19 17:02:53.980,0.6419881167139694,0.6046201748444131,0.40886908073361733,0.6061699944044868,0.7756033879967579,0.040604225148162976,0.9362245375115046,0.20872264751659603,0.8616279378870367,0.4662031871678651,0.3927260961020739,0.5191332408152536,0.09457586251341439,0.41964251428571253,0.05000001828571424,3.0
2021-04-19 17:02:54.000,0.6379898138267045,0.612681635500245,0.39784879573132514,0.6106016175597417,0.7814311621520486,0.03834841512406295,0.9384852180458146,0.20314272637575592,0.858683126118991,0.40015451814208963,0.3959515437220482,0.5305056079730333,0.08623104656636059,0.42857142857142855,0.04642852571428583,3.0
2021-04-19 17:02:54.020,0.630938162942079,0.6176919420561936,0.39051608058115467,0.6156248827584678,0.7958823737686388,0.036511700038223634,0.9398358255513724,0.18934033192142685,0.853551485876558,0.324063363977719,0.40473810701781754,0.5790686945170617,0.09457586251341439,0.4910701714285668,0.11071429485714283,3.0
2021-04-19 17:02:54.040,0.607803253342138,0.7230696864828101,0.3380276046392642,0.6176964037958665,0.8191434430674884,0.036604581854943266,0.9385603713469708,0.167228161230057,0.846990594608335,0.2753959189506108,0.42175512468184245,0.6519133172888995,0.10152994701263363,0.5624996571428554,0.11071429485714283,3.0
2021-04-19 17:02:54.060,0.5708134553147088,0.8805836419357703,0.24571498303010322,0.6134975419925448,0.8460437778395203,0.04052287488814211,0.932836113042572,0.14182012185846068,0.8414405281072393,0.2186172531084624,0.4507841532616111,0.6903334833371542,0.11682898987892183,0.607142399999996,0.11428571428571428,3.0
2021-04-19 17:02:54.080,0.5863517458392979,0.9020394391252464,0.21032907069818074,0.6060347925892748,0.8807620995167957,0.0482268480525043,0.9225620431668118,0.10929463887334004,0.8353229549281328,0.2039397621100333,0.5007229802053509,0.743814342440798,0.14325459642796376,0.7589284571428548,0.14999998171428577,3.0
2021-04-19 17:02:54.100,0.562163094992735,0.8213170848702154,0.16929953899760003,0.5940407544429189,0.9270824932482492,0.064554101044352,0.9023559643789102,0.06638297438338583,0.8292268915372987,0.2321359797588347,0.563118711943565,0.8142000849707177,0.18219764052760956,0.8035711999999954,0.13571430399999995,3.0
2021-04-19 17:02:54.120,0.539819494111004,0.9843059487619331,0.10307478955101304,0.573494186476098,0.9598807186500584,0.09303450833568626,0.8696938282267488,0.03634334715531497,0.8309415869231853,0.31711087273427396,0.6304082362916449,0.8701398494741533,0.228094626706459,0.8571428571428571,0.10714287542857139,3.0
2021-04-19 17:02:54.140,0.5593835538943539,1.0,0.031329668300842016,0.5456930286146102,0.9835172950924432,0.1347748019447524,0.8229792332615241,0.014876982564763077,0.8362305597678892,0.5218231180638743,0.6986987370453108,0.9353004526215919,0.2990264879865158,0.866071771428568,0.06071427657142885,3.0
2021-04-19 17:02:54.160,0.58646741204066,0.8971459595696182,0.01634769268740888,0.5092780342223098,1.0,0.18907643447718223,0.7626951737429476,0.0,0.8391272112552741,0.8041714998044615,0.7921254956928419,1.0,0.3504868272167499,0.8125001142857115,0.05000001828571424,3.0
2021-04-19 17:02:54.180,0.5793777938441103,0.8112400298587589,0.028038482916301018,0.4686353145024867,0.980019507028988,0.25455359197078825,0.6899921883137295,0.01804386334190508,0.8434993801054885,0.9466975797795742,0.8689800877678049,0.9995389442309693,0.4297636468638757,0.7678573714285708,0.007142838857142903,3.0
2021-04-19 17:02:54.200,0.5646218087451764,0.7652705547425787,0.004940823209876501,0.4322717710846182,0.931716473980171,0.327880497341017,0.5634658400879498,0.09609672106250962,0.8310874205820401,1.0,0.9044600234222999,0.939296151883114,0.5104311979588364,0.625000228571428,0.014285714285714285,3.0
2021-04-19 17:02:54.220,0.49112413805439936,0.6308815469207034,0.06048912646941966,0.4059669594119372,0.8585461639152361,0.40434092052580045,0.4773087085928527,0.17826738704577366,0.7957780885198136,0.9759559654119635,0.9423034256601982,0.8927309154730042,0.5841446645545779,0.48214308571428516,0.03571426742857148,3.0
2021-04-19 17:02:54.240,0.3974754688561513,0.3417536363439354,0.19181618234067233,0.39397723127522144,0.767165517411901,0.4787823873946281,0.3911515770977555,0.2604380530290377,0.7604687564575869,0.9519119308239271,0.9801468278980964,0.8461656790628943,0.6745480478844574,0.35714285714285715,0.05714285714285714,3.0
2021-04-19 17:02:54.260,0.35242480464694576,0.4469626504179384,0.19222254413521958,0.3980649691978047,0.6328486815297426,0.5936953548483827,0.2653116820407368,0.39185309515500377,0.6471871183154021,0.8246427271827684,1.0,0.7834639486100118,0.748261514480199,0.2857142857142857,0.13571430399999995,3.0
2021-04-19 17:02:54.280,0.24463907924387177,0.5871942298750221,0.21676892754705815,0.27882108550040474,0.5324486990432165,0.6555172281304814,0.24014906410515785,0.4480168057127931,0.623966422544098,0.865198941910347,0.9837615923697218,0.7275241916539383,0.8219749810759405,0.1785709714285674,0.23571426742857146,3.0
2021-04-19 17:02:54.300,0.1669917728181626,0.36409263328500535,0.39383777353271193,0.34569349940348343,0.437226686640238,0.7650350309101043,0.17677768802887758,0.5176680846947903,0.5058333463541957,0.9038238616478542,0.964186441958344,0.6608268021921314,0.8692628411226401,0.11607131428571198,0.38928566857142843,3.0
2021-04-19 17:02:54.320,0.07804175032456745,0.157836613137876,0.588791610048371,0.38842900940209124,0.35448241999004465,0.8431448625925183,0.11340631195259732,0.5873193636767875,0.38770027016429354,0.8041715314194268,0.9074630254684602,0.5990471807615225,0.9325451809695526,0.031249828571427704,0.5553571474285715,3.0
2021-04-19 17:02:54.340,0.0,0.2843491317855175,0.6723845979266727,0.4061330270622568,0.29841092957399606,0.8986698968560114,0.049758985881556986,0.6881363531679008,0.21055036175337785,0.5303206073614183,0.8103659289636943,0.585215917763943,0.968011182819589,0.05357165714285657,0.6928571245714287,3.0
2021-04-19 17:02:54.360,0.02191368179498549,0.6609661563103955,0.8021772634416828,0.402740203722011,0.25181885228191825,0.9420343868787534,0.027229992546498525,0.736806099867934,0.12200842980777757,0.23406723048795486,0.7012568515853131,0.6119563523473396,0.9833102256858772,0.0,0.782142902857143,3.0
2021-04-19 17:02:54.380,0.12053984659892661,0.6963848179110316,0.8785253303352093,0.37520165022749,0.21124733389394754,0.9722273216990145,0.013456019635571926,0.7793741299184046,0.05863104266939994,0.054461171922496526,0.608052550346374,0.626094971601478,0.9888734363172463,0.03571382857142453,0.8785714468571428,3.0
2021-04-19 17:02:54.400,0.233432060739028,0.5692749098039668,0.9063568978072398,0.332928017443686,0.17499060983249007,0.9906808577224658,0.005405595520754237,0.8175478831899103,0.01941458608504738,0.005021246837317863,0.5387610185650704,0.5944367589237336,0.9986092685521655,0.06249874285713824,0.9142857142857143,3.0
2021-04-19 17:02:54.420,0.4017298252254424,0.45641668256649337,0.9565294722008061,0.2858056342304174,0.14633956767163175,0.999143761613082,0.001353757410492574,0.8477943132455449,0.0014673463489197809,0.0007725116730354448,0.4893782959970066,0.5480252018997968,1.0,0.08035657142857028,0.9535714377142857,3.0
2021-04-19 17:02:54.440,0.5771372477502705,0.45114568661614995,1.0,0.237716654800079,0.12525043794885077,1.0,0.0,0.8700991769766302,0.0,0.0,0.44488936968027876,0.5034578151204481,0.9986092685521655,0.14285714285714285,0.9892857051428572,3.0
2021-04-19 17:02:54.460,0.6865252459324915,0.4553619171680773,0.9802048470412457,0.19030202835219748,0.11166270431547767,0.9946718828012163,0.0008150768858659059,0.8844877386804629,0.01200894184896381,0.0787948944360506,0.3967300991337434,0.48870447329004296,0.9916550416329311,0.21428571428571427,1.0,3.0
2021-04-19 17:02:54.480,0.7084873801568207,0.39365615360626516,0.9690852145727685,0.1493950373394946,0.10042505303731732,0.9828860532470646,0.0038061611189317977,0.8963974217506856,0.03815196557189286,0.2186172531084624,0.34579026574228916,0.49638850549337893,0.9874825624493961,0.25892845714285484,0.9535714377142857,3.0
2021-04-19 17:02:54.500,0.7464098995141568,0.3710803878669665,0.9303361460491912,0.1189904503393461,0.08568780389420495,0.9641972978294027,0.009357751614698633,0.9120286891316597,0.07932712512142376,0.3476245874642237,0.2937382208683803,0.5022283724837017,0.9888734363172463,0.26785645714285367,0.9392857234285714,3.0
2021-04-19 17:02:54.520,0.7570888646257098,0.3325945629904743,0.8739178862033187,0.09846549283168739,0.06787011971292896,0.9388824449661279,0.01824286155328108,0.9309454039479773,0.13454146644131443,0.43916571900808676,0.24569016992246562,0.5086829595345039,0.976356141186658,0.3035711999999954,0.8892857051428572,3.0
2021-04-19 17:02:54.540,0.720107357855396,0.3050019186932236,0.7946807176471823,0.08569717780610432,0.047169699084482965,0.9081749042771672,0.03098648808514551,0.9529460962052774,0.20053982804480022,0.41927387064231175,0.18023582815851596,0.5275856762389232,0.9749652673188078,0.250000457142856,0.8107143314285715,3.0
2021-04-19 17:02:54.560,0.6839591160959779,0.30705838096046617,0.7227100407791993,0.07550728594735,0.024563550368877016,0.8730637503738748,0.04813452376973239,0.9769981649665398,0.2744393977611017,0.24990345421947552,0.11066624282382312,0.5295835238570542,0.9652294350838887,0.3125010285714286,0.7250000457142859,3.0
2021-04-19 17:02:54.580,0.6280229078889673,0.3048625370238427,0.6571825620650527,0.061477527549325464,0.005932038632868988,0.8338187668675029,0.08487321387038194,1.0,0.39665822441297405,0.16956356172932593,0.07830056523081005,0.4994621183747133,0.9346313493513123,0.3035711999999954,0.6428571428571429,3.0
2021-04-19 17:02:54.600,0.4603456625091418,0.17313109217682357,0.5525920924636767,0.04242028560094525,0.0,0.7908305547881668,0.11888015671307244,0.9908192393356707,0.47969915990748635,0.12852453906171205,0.06175623769717943,0.4690333495916091,0.913769095853655,0.38392868571428285,0.5571428571428572,3.0
2021-04-19 17:02:54.620,0.36234652006880186,0.10228529164523589,0.4666379741913498,0.023304549176637136,0.009115973694147711,0.7456617314277098,0.15288709955576288,0.9816384786713417,0.5627400954019987,0.08748551639409824,0.04521191016354881,0.4386045808085049,0.8831710101210781,0.47321417142856914,0.4678571885714287,3.0
2021-04-19 17:02:54.640,0.30650892244093053,0.1201333248239714,0.43076536848118985,0.0,0.049434422098772836,0.6751135556342035,0.21743481893531674,0.9312646184554213,0.6797702538161781,0.025878714244659956,0.00800801152554414,0.3297986822934798,0.8470097137571327,0.5982153142857143,0.417857097142857,3.0
2021-04-19 17:02:54.660,0.31007381885009866,0.14339869239029984,0.44364920495852667,0.23880813880639146,0.17772091228189393,0.6798285310304193,0.19753113881795564,0.6802245840488703,0.6079171442955738,0.0880649080526161,0.0,0.2329798714998715,0.7983311222625985,0.7410724571428572,0.35714285714285715,3.0
